13.810665393
12.536974368
19.76788483100002
18.717545225
15.81988660100001
18.03457177499999
14.45781765899997
18.09976878500009
17.8200477019999
15.03680481100002
14.61792328700005
15.52766232799996
13.93332670899991
12.80878539000008
17.34983878800051
12.33203503900006
15.56501360600009
13.55301462699958
13.76894056800006
30.71156507199987
41.93739754399985
46.57194137800025
42.75407261400005
45.93745259400021
60.67551444199944
56.89863875500009
46.5786422860001
46.98198204000005
52.40478124999981
55.25357561799979
57.90626308500009
53.04087672800028
50.15782308899907
46.46512384800053
53.2075666730002
51.03127275000043
54.08401542799947
52.50406488199997
45.81889836700111
45.08117545000141
51.81070221499886
43.70556721199955
45.05955736600072
51.52862017000098
49.22002639400034
35.33305762400005
37.07798510799967
38.02975946799961
34.43138001800207
42.37735773899976
65.44026410099968
53.99955888400018
53.89717193200067
59.15717400799986
53.41862258799938
54.71161532500059
55.70421358599924
36.47724627299976
58.42430222100029
47.48297664599704
38.71954153800107
60.70199063300061
54.93359161500121
52.1756448740025
53.38648665599885
45.63347661600073
45.90539905699916
61.65968775900001
50.87420331200065
58.64559522100171
48.86283746499703
65.50807501500094
51.97392519700043
40.00948882800003
62.6438871679984
59.33583265999914
45.37946491899947
52.39756591599962
41.58011539700055
51.62114296800064
49.31411591399865
53.46397617100047
49.14457268999922
47.02713633799885
51.82851730899984
46.98887101999753
53.4252392619992
46.0208193139988
47.29971441400085
48.33705512399683
62.78046923399779
41.45889208699919
58.65854232799393
46.5719372859985
53.03999945099895
57.36708776399792
49.15360621800028
51.4321577160008
42.20803921900006
52.164626952
81.38094386900008
75.551733977
80.05490976199999
75.5984919729998
73.07123818699995
84.08763352200015
65.41811088899999
81.38105263099987
85.277453595
71.92391726999972
58.202708003
77.12665589200037
66.2203116540004
86.97910571899979
91.40892958399945
71.15365465099876
77.4062744099997
81.92674115699992
82.23238318799986
81.81985965799959
89.44819870800029
90.2794270090003
82.49872362299993
76.64592682400053
77.5184961430009
78.94435244100032
75.9015691009995
75.09783485699882
74.57018590500093
46.52134679399842
12.20867428999827
14.50017693600057
9.927358848999575
14.07292195199989
10.64813713000058
10.57147426099982
10.47525415999917
17.23508961899824
17.77500122899983
18.81863227899885
12.86186470799839
12.3231055549968
13.4226847459995
10.6359836799993
10.23599803099933
7.354980149001676
7.380754142000114
11.10651002800114
11.23698912399959
8.398252224998942
9.387704889000815
8.082541691001097
15.76308747500025
12.60191854999903
12.26201436500014
12.85630282700004
14.68644393900104
13.05121915700056
12.25276625100105
12.37815017400135
9.770248364001418
9.967747214996962
14.01183138300075
10.65350142699936
12.61366952599928
11.05042560799939
14.24071959799767
11.82481054800064
14.08125599200048
12.21228560200052
9.891224297999543
12.18953000799956
9.643644777000191
13.23813686799986
8.668050323998614
10.62280068100063
8.597182433000853
10.85704250500021
7.549035522999475
8.40942219200042
9.654052483001578
5.202877448999971
12.52831638899988
15.95681182299904
10.57243733400173
43.98386935599774
40.79666273299972
44.6064965000005
47.37512913899809
35.26904838799874
34.05892706399754
29.8761950800008
52.98020863799775
39.87469099100326
42.19151899199733
42.84899196400056
44.1002557439997
40.19739748899883
9.610955957
9.160479243000013
7.593253432999987
10.82097873500001
9.103051206000018
11.43359677499998
13.23126153900003
7.125319087000065
6.262638846000016
11.35002669999997
10.57072313899982
5.797547227999928
11.50184504499992
10.675674292
10.78999100599998
8.669319259999952
11.99231651400004
12.60829920599997
8.184954502000096
16.4730911129999
12.11006398199993
6.901306749000128
9.341827643999977
9.224615218999816
19.92066816199997
10.26395511799979
17.16116645399995
12.43998962700039
14.96659039300016
16.24130329499974
7.327091082999914
36.11036674599995
45.38033796500019
40.32092633800039
40.70248174299991
37.83009976700009
41.00718530600034
37.63170283199997
50.32058645799998
37.95266903499987
46.49571131000039
41.71552184299935
47.23567505000051
39.28720505799993
43.46911588399917
44.99592912199978
41.70131935499921
37.25962132999928
46.28301430000056
41.28495347699982
34.92379384399965
36.32227853600034
39.843129546
43.67058816900044
27.05259670399982
40.82130822100089
37.05104423400053
41.61248617100046
46.90038961999971
29.4167465569999
44.50976163599989
40.07566460200087
50.3795101339997
38.50087233100066
33.15360994000002
34.41278118900073
45.37324069100032
40.59614849599984
42.60745310099992
49.08369017199948
41.05013162700106
39.46207791600045
38.01742423900032
39.97262687599687
43.2485383689982
40.06675680300123
44.66402004200063
42.63347902699934
43.77561891600089
43.37938376800048
40.10850512699926
44.77559045099952
39.3531808380003
38.80606566599909
41.81106664299841
41.62868697999966
31.78773081799955
35.97131137500219
46.04535015599868
43.80115243799992
32.99721028299973
46.20552946299904
37.20362599599866
37.31280734400116
43.05364514100165
43.91850701300064
28.92892874500012
48.69483578399922
39.29250427599982
15.685282984
47.95800122599999
36.02246018599999
39.38948755400006
30.77811504299996
26.40287149099998
43.20893884500015
45.85763193499966
16.97442622200003
18.86847033599997
44.81767895499991
31.60131548799995
42.69993451299979
46.75117010500003
43.13445464100027
30.56420134799964
44.20725898400042
42.08434124699966
38.00920047599993
33.59823675200005
31.86379199300018
49.09356625499981
44.9152212309998
35.50769597799945
44.79835964899939
42.80182148399899
40.089146833001
36.69513096999935
33.99968650299979
39.86606368000002
31.27200509800014
27.73612096600027
31.29897542400022
27.78032765899843
20.07250483899998
44.19017076000046
19.15364205200058
14.98286563799957
29.57753070800027
17.89201244699916
10.821039947999
8.315751829000874
15.73977901400076
13.86177124799997
10.71471002999988
10.99644571599993
9.702675063999322
7.65946975199995
10.38750122500005
10.93732699100065
12.33343673199988
12.53103653199969
9.708606486000008
10.14146637099975
10.81799516099954
13.25104694799984
7.802913906999493
17.19472612499976
15.4238029789999
10.95764133499915
22.26961659700055
15.51358705800021
12.44408664900084
7.761216593000427
9.513960969000436
8.276834022999537
11.84066311300103
10.06595383199874
11.45242264699937
7.637970961000974
12.07692050699825
12.55911513699994
7.280094789000032
9.054346599003111
9.152853168002366
7.798788251000587
12.45446334599819
9.977952096998706
6.871472168002583
8.270227153000633
8.01219644000048
14.89524637700106
14.29296583700034
13.12152718199923
8.830924019001031
7.829681981997965
11.34038924499964
14.36709998499828
7.568150006999531
19.58557457000006
17.49667498800318
13.89353859300172
14.51389742700121
16.55163723100304
11.416629043998
7.921670698000526
8.759574013000929
10.7676317180003
9.169066553000448
9.591154449999998
16.12107251699999
19.79723558800001
16.91869972599994
24.46592272399997
28.38053975399998
22.07113505299986
17.69090538500001
18.10323049300013
17.66254119500002
27.72746297900017
16.06401986499998
13.00052957800028
24.40714620900008
16.97550918499996
10.25028395700019
5.031326165000223
4.330380703000174
2.830138082999838
4.309341532999724
4.194646928999646
5.538740288000099
3.866068610999946
4.779123883000238
5.461487369999759
4.338824815999942
4.158278787999734
5.265324538999721
4.269264022000016
7.671246638000184
5.631316158000118
3.944580839000082
7.762463897000316
4.503652753999631
4.022536640000226
6.20521307700028
16.867237166
22.59762725199948
24.76785979900023
24.26959445900002
18.55363393900052
20.66896101799989
20.64307136099978
19.69425089900005
22.47724462700035
20.72645953699953
20.98113473800049
20.09501431800027
20.39957508899943
17.25566448299969
20.98927291500013
23.65302221099955
25.76125819100116
24.20985357799964
22.71065532599869
16.15453645399975
16.86858328599965
16.85608830799993
18.53133465000019
19.52068590700037
24.44192840500091
17.10029805900058
17.49604806599882
15.80674020700053
24.2130906250004
23.79874743300024
23.32788036700106
14.53828992799936
24.94269739699985
23.1870122309997
19.63427039699991
19.94458501100053
26.68660945099964
15.30403671199974
14.23927744499997
11.35279097100056
11.45901527899923
8.742307303999496
6.980174470999373
7.090759237999919
4.769009895999716
5.930572456999016
15.12696493000112
3.433903449000354
3.468632734000039
4.645849971000189
3.871284801999536
3.800167923001027
3.855662210000901
3.656686602000264
4.668112466000366
3.414706302000013
4.173051376999865
6.530788069999289
8.900797828999202
3.810968849002165
3.649902668998948
4.223684483001307
4.352830420000828
9.449137819000001
18.346112185
16.49874310800001
18.42817103100001
15.91032134500001
15.19170447899998
17.17939793100004
14.31839511999996
19.37817881700009
19.86663599999989
17.39450971799994
17.32298277799998
17.94152861700002
16.7517645050001
17.88665338300007
18.15874273799989
17.06407867599995
18.38884347200013
18.29407618199991
18.88689017200022
16.76588882299995
18.21571377500004
17.70240533799995
18.25811868400001
16.703466467
18.36161803499999
18.6259089309998
19.62246093900012
13.93175792599993
8.837059221000118
10.65825368999998
3.884979116000068
4.569581143999699
3.756731581999929
8.640025609999952
17.91070928600004
17.78511822099983
18.9519996749998
18.78003087099967
17.60801079900011
16.79177578300005
18.40080183700002
16.9802751520001
16.67747422400043
18.48149933299942
17.07505791800031
16.3089199110002
15.83168953500012
16.72752597399995
16.38370583299979
16.92151220799997
16.17427472099962
16.45332616600012
16.36881649199995
16.84296062399994
17.42680254799984
13.41354754399936
9.90151806200015
7.007951652000202
5.813736414000005
3.293049100999951
6.199781217000464
4.114635270000008
2.789977462000252
4.363325960999873
3.672586970999419
7.674961584999892
3.182785208999803
5.216993769999817
3.357106755000132
7.733164533000263
4.035132159999876
6.155107820000239
5.358675563999896
5.870660690000477
5.621244527000044
4.530657896999855
6.441208834000122
3.173058165999919
3.361700613000039
4.874889865999876
4.526895121000507
4.81457894300047
5.370904676999999
9.165417490999516
7.424791688999903
8.970483739999963
3.503282392999154
4.248036421000506
3.233755903001111
9.097478238000349
5.189124675001494
8.015902847999769
3.192770932999338
6.956207070000346
6.440194799000437
6.876709833000405
2.679937666999649
2.928527100001247
