2.920504576
13.836851384
8.60698945899999
10.96810081000001
7.883645485000017
10.48283813700002
13.02743916700001
7.402071539000019
13.17689984099997
12.444907108
5.802533222000022
15.63687506400004
15.66150246699999
12.81577558699996
7.973429190000047
9.67932845200005
18.05955713100002
17.320267704
7.802431960000035
7.55182722699999
4.981644022999944
7.903219829999898
7.892760374999853
4.872334783000042
16.3333336029998
4.73920665799983
13.39547483199999
9.153142675000026
6.215992535000169
14.6615467900001
11.3425309889999
13.29407803200002
9.368916177999836
13.1223912009998
13.14831631600009
18.30517384800009
8.172227909000185
16.94595266800002
10.81876405399998
9.996996844000023
15.4712268039998
9.960846624999704
8.645945801999915
6.647945103999973
13.67272259800029
10.7305930550001
9.109351906000029
15.87746463900021
7.486628605000078
5.518589345000237
16.77852407099999
14.90912213899992
9.682696664000105
14.62169469999981
17.45518099799983
12.64016265600003
11.97289576599997
12.43132435000007
10.9392529200004
9.767441362999762
11.3060090429999
9.26315959700014
13.78340654899966
13.60782298100003
9.698497396000221
11.59334693299979
19.57578889599972
14.24139801000001
11.70909192399995
7.994317883999884
18.61493255799996
8.723631913999725
5.993374958999993
13.7709192870002
17.15118993499937
21.66181674400013
18.41833311800019
15.88800106399958
13.29509453500032
15.03702399099984
21.77438014000018
18.31073692199971
9.502302109999619
17.29216168699986
13.979363466
16.65163521000068
12.56168742999944
9.096973077999792
14.068177655
11.31296434599972
15.86683515599998
12.27962830100023
10.19523851600024
14.95477690999996
11.42806673700034
11.94341119000001
10.47894728400024
13.8774973110003
12.02622575500027
2.903791556
12.27206392900001
10.19377688499999
7.845010617000014
17.33570938699998
10.97372786199998
10.16973059200001
6.099792203999982
16.07812916700004
14.384112797
12.87212061000002
11.71614784099995
10.31582684900002
6.4093740510001
6.594020304999958
14.15928321199999
8.715773482000031
20.491251573
6.901765585000021
9.217953543000021
10.26869555600001
11.71577010600004
15.06710800899987
5.421498724999992
13.510024918
11.18565639799999
6.926681950000102
4.577132310000025
13.17913079599998
15.79303148600002
11.46718324799986
9.252301175999946
6.646285051999939
17.40617281100003
3.964051643000175
10.992330111
9.4730484050001
12.95807551099961
8.127747822999936
6.873060433000319
8.658079657000144
8.61463383399996
7.046474345000206
22.49258783300002
8.372036310000112
13.54130287699991
9.209275709999929
12.92911369300009
6.648561187999803
15.69855202299959
12.25422272200012
12.95753467200029
14.09281816700013
18.20386941700008
17.1283436509998
14.59808134899959
19.33552156999986
13.34367799399979
11.44504899999993
7.667533365000054
13.98718017700003
6.5149552150001
14.04642138300005
6.85717456600014
19.54657866700018
12.32310489500014
12.70792816999983
14.44148918500014
10.63463918100024
6.73820869400015
9.07565743799978
6.528611135000119
7.821176537999236
12.97246986199934
16.15883330299948
22.85707615699994
18.82157506000021
20.20700957199915
19.30483593700046
14.03332946799947
9.263093833000312
11.61140729899944
16.51128882800003
12.63660902900028
9.6930829490002
7.796560222999688
14.50720287199965
10.24975376200018
16.20313184199949
7.063033749000169
16.88700781400075
9.923745598999631
6.556635930999619
8.067455770999914
7.77505777999977
12.58050586799982
9.059498462000192
16.61140479700043
12.21053256699997
2.916044141
10.097604344
8.595656362999989
9.027987018000005
9.647997457000002
9.094071030000009
12.80880398800002
19.069619429
13.29367700299997
4.490076975999955
20.59385470899997
17.26274941400004
7.642701400999954
7.727178925999965
15.87146999599997
11.32028318799996
11.74029322399997
12.66956890200004
6.067293396999958
11.808004063
12.60909753399983
13.3389456540001
11.67165737000005
17.86769066400007
15.15830960700009
7.19524489000014
13.463904877
12.01153705299998
9.560834190999913
10.35877336399994
5.589766378999911
9.415120518000094
19.08778526700007
8.430601534000061
16.74349244700011
17.28634493899995
13.0302115689999
28.20252217400002
7.800357535999865
17.83567609500005
17.28894709499991
7.359008201000051
8.268025090000265
13.92025480800021
15.92307685500009
7.55179009099993
11.12815233299989
7.48917216000018
6.709974294999938
13.55398674399976
11.61405449999984
21.58036461200027
6.081752684999628
14.11190193699986
14.23376078799993
16.90890641999977
12.64182120199985
5.73942858800001
13.36583860200017
6.453304608000053
13.05676983900003
6.450920756999949
6.216238295000039
15.14556969800014
15.74101936299985
12.23748608200003
10.91947290999997
9.286135327000011
5.815212943000006
11.79314297899964
6.90337948899969
8.006237285999759
17.44456224000032
13.61834299099974
16.20893640699978
13.60181143299997
12.64500818600027
14.50521967500026
13.18901561099938
13.44041473300058
8.037297902999853
20.63569084000028
17.79946796900003
16.55356286700044
12.98086094500013
13.89794000500024
10.76074049999988
16.49223526100013
17.35866349600019
25.07220048499948
12.56203058599931
12.46801355900061
10.31369825400088
6.103338864999387
19.2055577000001
11.13541753699974
7.486723451000216
12.0841528359997
9.792362178000076
2.914683292
19.20580551099999
12.794245511
14.19635244699998
12.25688995199999
9.950108188999991
8.774769214999992
5.839729201000011
9.225196381999979
8.992167417000019
8.640481617000034
9.133751257000085
5.658025177999889
4.318293857000072
11.85281063299999
3.802885994999997
10.36286565099999
6.567997584000068
4.578174677999982
9.042208157999994
8.469024439000009
7.592102766000039
7.74712351900007
13.32498282799997
8.902632778999987
5.630980708999914
4.684147677000055
8.255880505999812
11.58002783199981
8.211775598000031
11.49383190699996
15.30768591200012
4.959431463000101
6.435083573000156
13.36155669499999
9.682918965999988
9.714389960000062
9.57001758399997
3.515789438999946
6.17662111300001
3.670835261999855
9.866148521000014
9.58176590700009
6.236076406999928
8.775356158000022
12.30019483900014
13.61142678299984
7.475786787999823
8.341877156999999
11.77978374299983
13.75941172000012
14.54613290099996
11.114393974
4.467244274000223
6.653089346999877
12.68986553700006
7.32847753399983
9.977754632000142
5.800185731000056
9.286483752000095
10.1438243130001
20.86390320500004
9.0853745229997
13.08253559200011
14.83757444699995
8.465180003000114
4.911890013999709
12.94377518500005
4.880504960000053
191.4483656379998
6.074271256999964
13.46318391499972
8.965484152000045
5.492956191999838
6.625567331999719
4.891075599000033
6.714318081999863
7.153314503999809
9.684689842999887
5.454460436000318
5.357920091999858
11.66481663700006
6.544921872000032
5.354221399999915
8.296208828999625
6.361938053999893
8.415503831000024
10.3012120379999
5.706034865999754
27.76690024900017
4.132765666000068
6.457612631999837
6.938087642999562
7.763254248000067
4.451771252000071
12.65801623700008
5.399685535000572
9.862538051999763
7.047713684999508
2.9172487
3.434909599000001
8.218764798999999
21.097230094
3.416930575000009
28.02382199500001
13.65773974799998
8.020139298999993
10.72196595699998
23.25238832899998
14.946703622
18.765197387
28.822267592
9.880115644
19.29496994499999
30.33853489899997
16.264340667
19.33760454400004
3.669447217000027
12.18224504800003
15.28546053999997
17.00294176599999
7.725808204000032
28.52948082599994
12.01054922800006
17.11304678600004
5.52204570899994
5.503684859000032
17.02786290200004
4.316124877999982
6.278022307000015
6.824660556000026
6.885278244999995
3.799740574999987
5.705217889999972
7.707459251000046
5.413038592000021
7.896647556999937
5.809568924000018
5.173126886000091
5.52016323600003
5.691895186000011
6.167637261999971
6.727706280999882
7.341626982999969
9.130393066999886
6.431648431000212
5.02980255500006
4.006433222999931
5.187229137000031
10.05428408199987
5.468191661000219
5.768807188999972
3.862692022000147
5.236439119000124
2.908608715
11.017946012
6.736015260000016
8.901414634999981
14.41386592100002
15.77057172299999
9.515820656000017
14.26390890599998
12.72250169400002
15.15324095999995
14.69912953799997
19.60338221999996
7.769498214000009
17.66418906499985
19.73819714899992
7.770433619999949
21.03158072500014
14.25779682200005
14.72930708700005
14.91611490799983
15.26161632200001
16.080415894
37.32046586399997
11.80823619400007
21.45791600099983
16.73013124099998
6.681445052999607
31.67034424600024
9.390555302000394
16.58067093699992
18.9386370000002
8.601768980999623
36.04244251499995
33.97369907000029
16.90251215099988
30.05466171799981
15.90466961600032
11.1391041869997
26.7333512780001
8.403111562000049
33.60205988400003
17.67352199200013
10.21627343
11.66282717600006
22.15714023400051
30.51021588299955
34.82594428399989
16.28977953100002
20.45616454400079
21.69802182000058
18.48573754999961
21.27269401899957
34.1659522330001
21.53862704299991
18.41485654799999
25.42034000900003
20.24096095599998
16.5765467580004
13.62933369799975
27.85199444099999
28.3082294349997
25.10345381600018
26.6354485210004
21.5792121430004
16.43881956099995
20.22264475100019
36.15707767099957
21.86327937299939
23.86212573100056
17.03991913099981
13.18607051300023
29.74807739500011
17.66625890799969
10.2412704190001
15.99674788300035
20.34673750499951
8.885670572999516
13.76115678599945
13.66271592599969
27.58946859299976
89.02704965399971
12.10542215299938
30.8178682100006
12.21933138799977
23.65387413999997
26.19924117399933
18.1368382870005
22.52443580900035
27.74777163200088
18.84755618099916
25.65928167799939
36.81915563400071
20.72046426799898
19.89409752899883
11.49523538600079
18.99059619699983
34.58754096800112
15.03111519800041
21.03434128799927
2.896507145
16.265633089
23.964193239
23.79576734
13.51433202800001
7.994235274999994
13.70157019700002
9.356073536999929
23.37673481500008
28.09840974700001
12.43702808700004
12.33813576600005
19.17422430800013
6.477622275000158
13.661611365
4.91754178799988
23.90483220100009
24.76672362499994
12.02455927300002
11.61618551399988
11.53012589200011
14.28195960599987
21.26847960400005
18.01291786599995
15.45243820799988
20.75216376600019
25.8580159170001
6.780405500999677
13.95441279900024
14.54586811799982
14.27914692100012
19.18132390299979
4.486823769999774
18.5441895429999
15.71307567600024
12.00062015100002
18.86889483499999
12.76869148200012
14.99311971099996
80.64800763599987
14.51509063499998
5.984590521999962
31.7227863979997
20.05639900100005
16.11182336999991
12.89183964800031
97.48528187400007
16.3134832450005
7.285075601000244
12.69819306299996
12.35714726599963
4.642303804000221
7.950649461000467
5.052753416000087
7.687713944000279
6.634223336000105
8.652679016000548
3.676092167000206
5.647114166999927
8.216104081000594
4.412312741000278
5.890743522000776
4.485611478999999
4.542441500999303
13.58280035200005
8.575424344000567
4.37136210800054
4.098291079000774
5.965657787000055
7.083472686999812
9.226004059999468
8.822789968000507
7.342199728999731
8.014808226000241
6.567238910999549
3.506276389999584
4.642375753000124
7.325923436000267
8.418934978999459
7.294773329000236
7.036383457999364
6.290086123999572
5.194434063000699
4.661226279999937
7.161551993000103
5.449375979999786
96.78313946700018
8.143827760000022
3.772596297000746
4.817566243000329
12.13596944599976
10.63658963200032
19.45933078999951
10.4857247279997
10.87623670599987
5.186776016999829
6.289037431999532
12.12790046300051
11.93654495100054
2.912818407
14.90561681699999
8.429628695999995
8.878492910000006
6.106082673000003
4.907584831000008
13.30652844799999
4.880092896000008
6.844711948999986
4.758402293000017
7.485707665999996
3.342593747000024
3.925805463000017
3.057217614000024
4.385947880999993
4.189014975999953
6.298382742999934
13.54663314599998
3.864811256999928
4.229794921999996
4.581903970999974
4.739855514999931
5.362391322000008
5.827777016000027
4.97626582700002
3.198090856000022
6.386566817000016
5.661310397999955
6.68004766099989
5.148126045000026
5.547031729999844
8.362614078999968
3.424352518999967
4.40163395899981
5.092784343999938
8.326503065999987
8.268851341000072
6.136583324999947
8.516763369000046
4.771146799999997
7.720632368999986
9.067288004999909
13.18227362400012
8.368592156999966
8.691006754999989
12.02696684700004
16.18020130900004
17.52482437000003
15.15332657499994
12.00186718600003
24.83423516499988
8.926551744000108
9.086321611999892
3.905964340999844
5.591547847999891
4.961426456000027
6.508108261999951
12.05535570500024
6.297939007000423
6.574232037999991
9.035142341999745
8.209512007000285
15.15357769799994
3.844596405000175
5.48035789000005
11.73867256400035
3.693454223000117
5.49893593600018
7.772894738000105
5.46180034300005
4.545020986000054
3.707937034000224
4.883241371000167
6.110275294000076
4.917112058999919
5.615892333999909
4.232641465000142
3.836706685000081
9.943891560999873
4.072736359000373
3.67670372900011
6.430839559000106
11.54835420400013
16.65836714800025
10.98406604899992
13.63886674600008
28.25575309999977
74.84749216099999
86.02413102000037
25.59352891399976
5.551325478999843
12.3044224299997
19.91106825299994
18.22461892499996
11.45308493900029
95.54029914900002
16.4395872110008
7.970417397999881
26.96604975599985
2.906894421
11.378675146
5.672553133000008
13.05108055000002
10.412016424
16.00451171600002
25.099948192
5.919432155999971
9.682458428000018
9.26714114899994
21.99275196899998
26.599869377
20.19043463900005
15.16762147599991
19.67355507100001
23.23643162899998
16.88424252200002
19.68377445700003
10.03512396699989
19.05837871200015
11.82258222300015
14.14450708200002
11.97526237199986
16.56803232399989
13.44504932200016
6.170356886000036
16.86228180699982
11.64110706500014
7.75183620200005
6.707490735999727
6.591917505999845
12.34095313700027
11.11047288200007
18.1575111850002
5.303259336999872
15.66354667500036
8.340133575999971
11.34746241399989
15.26719508999986
12.30389464299969
13.45412807999992
15.33965284900023
10.74878779799974
6.724456235999696
5.446579551000013
6.013673839000148
8.257749263000278
7.144068290000178
12.43152818099998
9.257042403000014
9.370003810000071
8.804916496999795
9.474988521000341
4.971465768000144
4.410083888000372
4.940125437000006
7.624135050999939
4.549877292000019
6.132112366000001
7.528236484999979
6.22792045999995
8.01347477499985
7.03649825499997
4.128471243000149
4.736713540999972
4.82101682199982
6.473272407999957
5.097299959999873
4.77846849000025
5.080780841999967
4.384304050999617
5.004468302000078
5.032607964999897
5.298884655000165
4.713632666999729
4.750846177000312
3.91304061999972
5.406912334000026
15.16398903100026
3.753637997000169
5.632148982999752
3.47243946000026
3.602598423000018
4.277779001999988
5.263212036000368
4.913789770000221
17.06198172099994
4.722948967999855
6.038992192000023
7.759843785000157
8.112325320999844
9.761205016000076
13.95043689199974
12.32692319800026
10.55784684500031
10.5827335719996
10.49169081199943
7.328772505000416
14.93798077799966
2.899272212
3.404318593000001
15.004986849
4.867454815999999
3.074793305999997
3.317275756000008
31.345520585
7.745335307000005
4.09253371600002
15.66479386200001
7.711439792999954
8.379125803000022
13.32114985599998
11.49786241099997
4.431580412000017
11.26308911699994
5.670444712000062
4.805500041000073
11.14863493099995
9.420005886000013
5.287634527000023
8.049638850999941
12.11065433099998
5.585485998000081
11.11412868900015
10.05574975299987
13.10737366900003
7.819710446000045
4.720091112000091
14.03005257100017
9.926408846999948
11.33127585800003
5.803939294999964
11.45113168900002
5.716130462999899
12.64254329300002
12.23795863700002
13.1201382700001
8.400515309999946
10.967991407
12.47768437399986
65.94863806600006
7.110940244999711
11.02978236300032
14.25657172999991
13.39126190199977
6.094262766000156
13.86900063699977
9.373951577999833
4.322707659000116
15.23616494899989
6.996849875999942
13.12639890899982
6.879090987999916
11.92834346200016
9.407689362000383
11.00448570799972
13.98393466700009
12.50721216400007
9.113919298999917
5.045822854000107
3.701536243999726
4.782852598999852
5.354552350000176
3.636281019999842
13.16483124099977
4.756704544000058
4.027902756999993
4.350290999999743
5.130116189000091
4.367622359000052
6.907833220000157
4.600108476000059
6.177113716999884
3.798074306999752
5.027989292999791
4.1945689639997
4.091015652000351
5.330562259000089
4.261768070000016
17.25485510599992
3.740269261000321
4.764444698999796
3.717982658999972
5.257927063999887
12.680696033
20.52910109799996
7.258305095000196
7.63064012399991
3.716611227000158
4.335115027000029
6.252497824999864
5.115414075999979
4.061884897000255
12.17921215700017
12.50893324399976
6.39209594499971
13.45529354899963
13.33930937400009
2.903912358
3.059068705
16.868601745
7.966293055999998
6.272445846000004
11.65823556399999
10.449308957
15.730384601
6.283674413999989
6.92680033900001
10.03410441
8.311856404999986
3.538990275000003
3.381019215999999
9.038311857999986
3.530630005000006
3.596952870999985
6.753724587000022
3.26915135500002
6.01499521300002
8.219412871999964
8.486185933000002
4.345072447000007
10.55122508199997
9.731113217999962
8.837763479999978
6.444908550999969
4.821026446000019
15.51184104499998
28.68177330600003
3.741797235000035
5.22376204599999
3.990793755000027
10.53987043199993
6.16389386600008
9.937491989000023
7.736092256000006
9.551164870999969
8.563120534000063
5.603622868000002
3.54081622700005
6.024845528000014
12.07635238699993
12.89528793199997
3.882168858
6.782083629999988
13.53628108700002
11.41717781699992
4.042597476000083
5.923968971000022
7.343725166000013
5.397586700999909
8.463543639000022
12.38441080000007
9.889401550000002
4.09103534999997
3.981708770999944
3.765641021999954
10.69775368699993
7.23635905399999
5.293939210999952
7.408508294000058
7.234575300000074
4.863923223999905
