34.354342415
42.30795752900001
36.49079018200001
35.67999329
37.29860097900001
32.621767041
35.18792353999999
34.41015720199999
33.00135274400003
34.62939063199997
35.21349781599997
37.00979347000009
38.88106390899998
37.04455926699995
35.79050188100007
37.88613663499996
35.20735561600009
39.50097615000004
36.75614763700003
44.85616034299994
41.47330574700004
46.36891734100004
44.21631184599983
35.52234468100005
41.66415677600003
42.69799297399982
41.55364286600002
44.69305469999995
41.16006970300009
36.87269326599994
42.28018404599993
34.16293392200009
39.11271608300012
47.25932014
33.94332637399998
40.22618999600013
33.54580287899989
35.23020888500014
35.62485755100033
36.56131687600009
35.26922788499996
37.64613311999983
39.89105629400001
40.38886195999976
36.83703246699997
44.75578538700029
34.83988248600008
34.92471893799984
34.99196802500001
30.73617271400008
31.66939375099992
43.73675154900002
38.26997588600034
40.665994082
38.82895964199997
37.77344783599983
34.44545170799984
41.86010759800001
42.937273688
41.84030806200008
41.61109466200014
42.2673709820001
43.71290388299985
45.46304679800005
44.87963302199978
47.5995254530003
41.93872032499985
47.14822483600028
39.82981807400029
34.75555969400011
38.09835092899993
45.0476970689997
50.16720978300009
37.22766264400025
34.56042592799986
33.8962136830005
38.63489300699985
40.8980191390001
46.44739712200044
32.00998475600045
30.48632794300011
37.10550557200077
31.82309064700075
31.72005200700005
44.6414934710001
37.00957984100023
40.74534673900052
38.36515899900041
40.80184027799987
35.81553135499962
40.42116352599987
35.81992900400019
35.10671253700002
38.90250866400038
44.42046180600028
43.36815008699978
37.69063187700067
36.91093242399984
38.50894735599923
44.212228866
38.158820111
34.991864495
40.97981084899999
43.58961418599998
41.11667270400005
39.99497941700002
44.73418927900002
41.37486273600001
40.37116073499993
39.13648532499997
40.93500396700006
35.6666811880001
34.87010880399998
39.1115739280001
36.92215173999989
36.26147221799999
43.47505680699999
39.87391321899997
40.74947967499998
45.73939268999993
44.93101372799993
48.62842638999996
41.16004960999999
42.15959582799996
38.62632641999994
46.79594939799995
40.27455106799994
43.91209875100003
39.92771360699999
41.08849945799989
48.15699151199988
48.43719789800002
36.1216306849999
47.68377187700003
42.62496887799989
37.89944747899995
51.02704882999979
39.85389191400009
44.83763618100011
44.88805314699994
33.50912431799998
41.3783876360003
29.30400270500013
46.97644401499974
46.38422901500007
43.05233067100016
36.94685321399993
37.45959432100017
38.00990025999999
33.49001060599994
36.56411759599996
38.69720286900019
40.23315293899987
42.20527099100036
38.27776604799965
38.0582696219999
37.00659072899998
38.45461113500005
43.10093524599961
40.20890674500015
39.12550049799984
40.11695289199997
39.77766118900036
44.58363533400006
44.40922574500019
44.75489904899996
45.80086704699988
43.84190422699976
52.15720100199997
40.67624312400039
43.12856333700029
42.54172924100021
43.95259489199998
39.70994358099961
34.61165847499979
31.34217737400013
39.13786598299976
39.02210296799967
33.49072194000018
40.81241836700065
33.76038735800012
35.5976114719997
36.03876039599982
45.0957364650003
36.58422536000035
41.98864281999977
38.22441005000019
33.80431145199964
35.64124574099969
33.41434607199972
42.8290570500003
39.46587946599993
40.09770273300001
42.90979776200038
36.07011538899951
34.10923414699937
34.12141902600069
42.39392001899978
55.848711919
40.053116563
47.813690565
34.29135447600001
43.08023326600002
40.089929783
42.52270902600003
38.90039065299999
38.213032973
36.42993357099999
39.40641851000009
42.93711340200002
38.81869918100006
41.38622008599998
34.58101063399999
36.60353003400007
39.41410833299994
41.20868776599991
40.52410624799995
38.41856418300017
44.28109108000012
41.09463045999996
40.82558568199988
42.30000838199999
41.78645298800006
35.08997561399997
46.16671943099982
38.44843587900004
48.55475839500014
36.78951782099989
36.9031304749999
46.23239164899996
33.23357947100021
33.70484998300003
36.23001261199988
38.71470902900001
37.19482219799988
32.39927579100004
25.28670607699996
36.98260888899995
45.27320107599962
39.25144357099998
35.55785246300002
41.76249960599989
38.52460496899994
36.59449784900016
39.17374462700036
43.02136511799972
44.23997842800009
35.10177317399985
35.81540823600017
37.24822670100002
47.86728453700016
41.33260983900027
40.10308744799977
50.09429377700008
41.54090073999987
37.7690329269999
37.23148308600003
38.02036812000006
42.52798834600026
39.42229820700004
38.86510730200007
42.81620142400016
44.02877390900039
46.63050755600034
37.31994507599984
41.2136219869999
38.28305293999983
45.30110443000012
41.47985176499969
36.51014724600009
40.0787301750006
38.72796142200059
34.85822434199963
45.18213224300052
36.97400147999997
40.20244965299935
35.5328606310004
44.47245036499953
33.05269543600025
34.7082845470004
37.25667340199925
32.56162923400007
34.41556227799992
31.65509078200012
36.96518183500029
38.77730823999991
33.40034617000038
36.34896829199988
40.85615631500059
44.20442109300075
38.36857957600023
36.76151573399966
37.92983577299947
35.27341253900067
36.5293992729994
30.95292758599953
26.66489886299951
32.391178892
40.29800402599999
36.83516632799999
34.312501029
39.65064278200001
34.83274003500003
34.369427024
32.50255061800004
29.08033700499999
32.18755712399997
35.88836556900003
30.04007976000003
31.98951487099998
29.19947398099998
33.00458320300004
31.73392846399997
34.06826690999992
29.40457805200003
28.86114824499998
37.16088772099999
35.59262650200003
36.36565441199991
30.85924348600008
34.74199204700017
34.14618513800019
31.22636176799983
35.17449997999984
33.25940054600005
35.59354277300008
33.73124373700011
33.32955231699998
38.5113304680001
36.13538674200004
30.23129610499996
33.37546220100012
36.51056051399996
38.53922448399999
37.73062770199999
32.61030672600009
26.20710410499987
35.27859633200001
39.05285737300005
34.36823160200015
38.90783289199999
37.89788028200019
32.50344371200026
29.24827624999989
33.79866751000009
28.50866557599966
24.91178511400039
24.87715014200012
36.34538600999986
37.47392149900043
32.22080320699979
31.48707342499983
31.04752420500017
41.69545426900004
37.00175823900008
32.49174809899978
35.44596329000024
27.3739089730002
31.58543539199991
29.99581388299976
31.02001866299997
28.45790719499973
29.73482419299989
17.96449432700001
17.93627263899998
25.13435645900017
21.95111716599968
19.91754442299998
22.55768805600019
25.04915190999964
23.1008077700003
23.73405332300035
25.76125199499984
25.42629571199996
19.76974151800005
21.38813875300002
22.37884740199979
17.25806805499997
25.90937248699993
25.80549287399981
21.3965312119999
21.51044320999972
20.17755739800032
18.30555548500024
27.6208965830001
17.2820053989999
20.54677278100007
25.12662533799994
16.79289258100016
22.44425951699986
21.15666688100009
22.36218969099946
24.37178650600072
20.58922511699984
20.0501891469994
21.28474431999985
5.936867916000001
11.596588942
3.457539039000004
26.40447223899999
14.394854263
6.253911487000011
4.572649652000024
6.957294692999994
4.643915707000019
7.059175291999992
3.160026439999996
6.711845077999982
9.952899166999998
5.078784092000035
4.897441818000004
6.684816764999994
10.50645450100001
19.10470551500003
10.16078875300002
7.277490943000032
3.995745936999981
13.72285685000003
3.393106524000018
6.013306549999925
4.575155399999971
24.28306864900003
13.52470867
9.701147750000018
18.78447010999992
17.84931790999997
17.08871140000008
18.89076637999995
21.30407257000002
20.59255905200007
18.95520320399999
20.97756310099999
17.924008308
18.31263253099996
21.13323845299999
19.51592539299997
20.22276264900006
19.58353504900015
18.54133471099999
17.32430144
18.89786700600007
19.54764129899991
18.36065009100002
15.58949663299995
16.73336669900004
15.72824222099985
13.63468799999987
16.01683462200003
12.48645210199993
15.70950393099997
49.836290208
52.10553081
42.68684893100001
46.647432947
69.10018100899998
66.23076871300003
58.83740318999997
54.2982309140001
53.33210101899999
48.72580517300003
48.75130140199997
48.73493200899998
143.0733442950001
63.95097381200003
85.26758324899993
74.02592824200019
75.85664509900016
72.99862387500002
74.13561188500012
85.87423823400013
79.82961979200013
71.56568991599988
81.33289181700002
74.10291247399982
76.30144236399974
82.40513954000016
70.6374887689999
78.2454716279999
73.17698366900004
93.49674598699994
93.55410444599966
72.2471867889999
76.60900406500014
74.07461922999983
72.07974512400006
77.86448574099995
75.7378342359998
74.33514475099992
77.28394754999999
66.06788490999998
73.23394350599983
76.91462015200023
91.10715436100008
73.12310436299958
71.03969796399997
74.02592030699998
77.15334091499972
74.11258891200032
74.12866254299934
79.01517676499952
66.97747407899988
74.07830795599966
67.17533044999982
83.22493177599972
65.22746621500028
62.14667035000002
65.52932763300032
61.50129371399998
83.88634094400004
79.84147853100058
83.26888282600066
74.82481160899988
92.79616576999979
65.7780756279999
78.17967887600025
67.95745870100018
73.80563615600022
82.35063996600002
75.90484223800013
87.68509884200012
68.31501797400051
72.82379270100046
60.92081028699977
64.80151083300007
54.38297590900038
57.8372343710007
57.21207618700009
50.9319418239993
55.60764430800009
475.439513162999
70.85050483399937
52.70595612000034
54.34237966399996
36.44645254100033
84.68308482400062
84.22632723599963
61.19278019699959
76.1731932849998
79.37530755499938
86.12225727700024
71.71892662000027
73.87677801700011
77.29235693900046
69.32525261999945
81.341641979001
68.07704290900074
79.86206055000002
105.5326528010009
116.1477527980005
58.23743166
54.68649729200001
56.0523293
58.84650588600002
59.70311656499996
69.85204719999996
66.42533149299999
61.06110734800006
59.28663886899994
62.96986055900004
65.30085686300004
67.83784175900007
70.52957878899997
61.91509505199997
70.56208095400007
54.5270699130001
67.65648179699997
73.67333228100006
57.17519893200006
71.23976954800014
77.13609557300015
70.4838603799999
58.82879825100008
68.36492762299986
64.97625202499967
59.67347048700003
51.86266735100025
35.09949173200039
74.44784057299967
71.30498279499989
63.24024300899964
65.69273235199989
64.5440253300003
50.40586230800045
63.62384928500023
59.16833453400022
63.92814211799987
60.62939639700016
58.49116687900005
69.84264656799996
62.75685511199981
56.94182067200018
59.11978732100033
52.66147212800024
64.81883091700001
58.10553181900013
47.69537872700039
54.28052448400013
47.46216045500023
40.00061259199992
41.06273141899965
39.49261068199939
39.88157705200047
36.81027747400003
34.98155732500072
71.5066414060002
29.73204996200002
28.15209363800022
23.22801855599937
29.44150808500035
24.15661054599968
29.85419101400021
29.63828551200004
24.17885645499973
29.02163194999957
21.44545020399983
23.03736759300045
21.58581998599948
21.7051594149998
21.86492023299979
24.35063308500048
25.30990448800003
22.66592213300009
19.94350716400004
22.43954331799978
22.38160109199998
23.85454992199993
21.84132121999937
20.05514757400033
20.21492664700054
20.92947518100027
21.76939549999952
23.58799457900022
21.03605729100036
20.17450066800029
22.56503733300087
21.24140432599961
20.01489014199979
15.37549505300012
37.68773188200066
40.32561265000004
40.32909396400009
21.65956922100031
20.12680777599962
20.4843685019996
16.49538855300034
16.40736937900056
16.57210150300034
27.1502353019996
49.160573421
45.87680374999999
32.686707371
31.29212533699999
26.22038814500002
11.52657137700001
37.02440555999999
22.60727806
21.42610650500001
21.30149532600001
29.80025510299998
26.587485372
25.07144948299998
23.15801152300003
29.71590014899994
33.9778396260001
28.95889912000007
20.36838320999993
24.42985905799992
23.16875967399994
29.83076075400004
29.49823336299994
29.19232220699996
27.14522564699996
30.849510087
32.70111768699996
24.71838304699997
28.41342770300002
29.69774007399997
28.078101887
24.70047469899987
30.36589096900002
30.94074752200004
28.68077467900002
28.142658665
24.61095038999997
30.87918283399995
26.81089304700004
25.78028834700012
28.39777570000001
32.92873639599998
22.073557596
19.27203198200004
28.82386687300004
21.77733575399998
28.26965016899999
29.3768454970002
23.25192209699981
29.62524796399998
28.87125795399993
16.55592606100004
7.277948973000093
8.381722671000034
7.748899312000049
7.862370225000177
11.71463579900001
20.3253562179998
17.80353228800004
23.70993907899992
35.1614333120001
28.36346965299981
21.71725938500003
28.98133438900004
30.79581105299985
30.97756362500013
26.36460929799978
29.36448396900005
24.6223192880002
29.55100700200001
30.21300002899989
29.13858490599978
31.65314640800034
29.07236490500009
27.87066106600014
30.90444958299986
37.00118551399964
27.74897736000003
24.54815945000018
28.71202108000034
27.8294818469999
28.27210961599985
34.94718647799982
60.20671502300002
66.51495931999989
60.42167476699979
58.68464252099966
117.269528368
79.78053832200021
59.18935318100012
61.11057624100022
61.24378805100014
64.78209211100011
69.94604313300033
66.67079577099958
69.10987553299947
58.46942632399987
67.34694176999983
60.69745132499975
62.16036675999931
39.256746292
56.83045485800001
58.16635094399999
57.82704821999999
57.71702270899999
52.79532626299999
64.25423402600001
58.43710747300008
60.34283364099997
55.36823673399999
56.40632462899998
58.55738670599999
58.82885979399998
60.64137599500009
56.87141793499995
60.72372262700014
60.13818481499993
62.28355296399991
61.47381549800002
65.66601309199996
62.37632662499982
42.88003507600001
36.7987348879999
38.03890285900002
41.74057710300008
37.480009741
40.3105429279999
35.69178664900005
36.43488326900024
36.51142314900017
38.67718762200002
39.019764915
34.91987618299981
35.03450052400012
39.20264403200008
35.92645233700023
34.03350056399995
36.03856967599995
38.74158277299966
39.91746813999998
32.29237441799978
34.55490725200025
32.21210053100003
30.727543771
32.85789192999982
31.86468293400003
32.00083270499999
32.81214183600014
28.47004609099986
28.2233841860002
25.03481565300035
21.63154128100041
16.1279870379999
14.92323977299975
8.631934749000266
27.03803981200008
10.48593078600015
9.424625956999989
10.90680348400019
10.64590299600013
16.91117310499976
10.12268690799965
8.959054668000135
10.63442018299975
9.136058534999847
9.395081395000034
10.21222240099996
8.648236542999712
12.67228213800036
8.930768361999981
9.501057465000031
10.63636369999995
8.80021843600025
11.50344290600015
8.707283192999967
9.164248041999599
9.425920880999911
8.351931436000086
9.645700061999833
10.11792248200027
10.66603513000018
9.299311377000322
11.2257440430003
8.360435336000137
10.42723072299987
9.136028903999886
9.06401897700016
8.629613103000338
31.00673751500017
36.95167651200018
39.44858637800007
35.39118596800017
37.94733083199981
37.08241540200015
39.6363892469999
34.23899725400042
38.53693308400034
36.55975828099963
38.80470520499966
6.603157205
4.798119230000001
6.475034316999995
6.766437203000002
6.516405720999998
4.529458000000005
38.81043308299999
39.51641372399999
37.070064395
39.18488759500002
36.808486066
39.20193455999998
42.28095443699999
40.43870812900002
41.87301337500003
39.05203476500003
43.10831592600005
37.42008959299994
37.28396041400003
40.968313577
40.367637436
38.76736657699996
44.58689515999993
39.28530528499994
37.98132603900012
38.78756258500016
38.86974930799988
40.09777384199992
42.39551509400007
37.68262301899995
36.96951532900016
37.40195755900004
37.84837089300004
40.29666639399989
38.54451040999993
37.38514461199998
38.29734056699999
41.66021887600004
37.89913355099998
39.84015193499999
38.39860559999988
37.75045691399987
41.80826662399977
38.88851639599989
43.06668491399978
40.3879164330001
39.91883896900026
41.24212697400026
41.28587314600009
39.1941626429998
40.40218493700013
41.4787281050003
43.23250245899999
41.48495073999993
36.69516294999994
40.27814723400024
32.19236956399982
30.01603780000005
23.79462796600001
21.11516710700016
19.41256060299975
15.569175524
13.00759201000028
8.092296538000028
29.29375242500009
6.364139178999721
9.041110908000064
6.321122411000033
8.653930327000126
6.429190615000152
9.34892288500032
6.891185076000056
8.007371869000053
8.964031593999607
6.417197356000088
6.572461432999717
9.53745817700019
6.821822335999968
8.298745331999726
7.882341429000007
7.151870577999944
7.080854886999987
6.787674765999782
7.724932595000155
7.773701280000296
5.395319591000316
5.812926091999998
7.277742760000365
6.766663238999627
6.432053913000345
7.601088831000197
5.76165496700014
6.447667616999752
5.25161320899997
38.37509389500019
41.87477634800007
39.09557417399992
41.37385046899999
39.39277338199963
6.363540094000001
7.955406156000002
4.341705810999997
8.706668119999996
3.301673746000006
4.876834279999997
7.628511536000005
5.434041836000006
5.538808087000007
4.308904921000021
6.424071890999983
9.303790996000004
7.614423093999989
7.345242654999993
9.560115026000005
12.012428172
5.281065250000012
11.10560932500005
9.77038389300003
5.857805419999977
4.702619600999981
11.19557120900004
4.208570873999975
4.500214711000012
5.925115390999963
10.09059809799999
11.09467038499997
10.62986462800001
4.89488847299998
7.451345064000009
8.848098983999989
11.706226926
7.175432408999995
5.738131823999993
11.42880578000006
8.27445887600004
3.098902682000016
4.742491439999981
11.5400608089999
8.481823039999995
4.999249259000067
7.992073390999963
5.586208854000006
11.30841040300004
5.28962697399993
5.608779475999995
4.479818002000002
9.572672049000062
4.633770650999963
5.06642914300005
7.029454422000072
4.65022180099993
5.167974411000046
8.270431845000076
9.189646627999991
4.745904010999993
11.58242882400009
3.365707000999919
4.919276225999965
10.97660974899998
6.703730223999969
4.055737192000038
7.987774867999974
3.381379561000017
