0.0002100467681884766
0.0001108646392822266
0.0001330375671386719
1.241964101791382
0.1992213726043701
0.02942514419555664
0.3998456001281738
0.4147124290466309
0.0502779483795166
0.2356686592102051
0.0001060962677001953
4.557901859283447
0.4808764457702637
0.3859055042266846
0.1831974983215332
0.3805282115936279
0.000102996826171875
0.7563881874084473
0.08623909950256348
0.4359688758850098
6.953286647796631
0.9064695835113525
0.01182389259338379
0.316948413848877
0.6149501800537109
2.17927074432373
0.5573217868804932
0.0001358985900878906
0.4314806461334229
2.703360319137573
0.03374099731445312
1.291389942169189
0.05106067657470703
0.6098148822784424
0.0001235008239746094
0.2326464653015137
0.5511116981506348
0.06035923957824707
0.143540620803833
0.1453385353088379
0.2576680183410645
0.1318802833557129
0.2148137092590332
1.524502515792847
0.0001122951507568359
0.3113417625427246
2.02118706703186
0.0001075267791748047
0.319061279296875
0.3267719745635986
0.1014564037322998
9.489059448242188e-05
0.5443048477172852
0.2782301902770996
0.0001125335693359375
0.1239607334136963
3.390324115753174
0.0001189708709716797
0.7033634185791016
0.4696462154388428
0.0001113414764404297
0.3612637519836426
0.06078553199768066
1.26474404335022
0.0003321170806884766
0.0001552104949951172
0.331906795501709
0.1368894577026367
0.1686835289001465
0.1095402240753174
0.7357199192047119
1.235285520553589
0.2964129447937012
0.6800358295440674
0.2849814891815186
0.0375220775604248
0.6087524890899658
0.07175922393798828
0.3076136112213135
0.2365314960479736
0.4287660121917725
0.2119131088256836
1.529345989227295
0.2256131172180176
0.1828641891479492
0.3145630359649658
0.6000244617462158
0.5490260124206543
0.08073186874389648
0.7033305168151855
0.2766590118408203
3.772326946258545
5.0356125831604
0.1602613925933838
0.1844933032989502
2.881774663925171
0.4314308166503906
2.312274932861328
0.2302072048187256
0.1315128803253174
6.198018789291382
2.91725754737854
2.206009387969971
0.6201939582824707
0.2038500308990479
3.28057336807251
0.1308810710906982
0.3952107429504395
1.587616205215454
0.06763982772827148
0.09342122077941895
0.3394639492034912
0.3092231750488281
1.647948503494263
0.5578951835632324
0.5514662265777588
1.011993646621704
0.7809150218963623
0.292564868927002
0.5134587287902832
0.344212532043457
0.3095767498016357
0.43611741065979
0.6146030426025391
0.3663384914398193
0.2440822124481201
0.1004009246826172
0.1161079406738281
0.1243340969085693
0.4637269973754883
0.0001153945922851562
0.3624703884124756
0.1122457981109619
0.5813183784484863
2.233033180236816
1.081047773361206
0.4204988479614258
1.015493392944336
0.1129300594329834
0.4193682670593262
0.2261290550231934
0.4099328517913818
0.2858915328979492
0.3761045932769775
0.5515198707580566
0.3537850379943848
0.3516731262207031
0.5460822582244873
0.2021441459655762
0.2724485397338867
0.5785398483276367
0.3158328533172607
0.2622284889221191
0.09303164482116699
0.5795538425445557
0.3478307723999023
0.4271669387817383
0.2929966449737549
0.4377520084381104
0.2382316589355469
0.1006391048431396
0.2076613903045654
0.5118992328643799
0.5541632175445557
0.4105796813964844
0.3501677513122559
0.2666664123535156
2.604276895523071
4.596469879150391
0.1773722171783447
3.242589950561523
1.460823059082031
0.2517595291137695
1.288660526275635
0.204695463180542
0.2374482154846191
0.5574178695678711
0.2473406791687012
0.5245563983917236
0.2087914943695068
0.5980665683746338
0.311939001083374
0.2142510414123535
0.4183809757232666
0.3020014762878418
1.648396968841553
0.3250086307525635
0.6006226539611816
2.6202232837677
1.143142938613892
0.1308796405792236
2.829533338546753
0.1202378273010254
1.663693904876709
0.05272603034973145
0.0001313686370849609
1.206106901168823
0.4232409000396729
0.2145881652832031
0.3058347702026367
0.4973359107971191
0.3044514656066895
0.1303603649139404
1.447305679321289
0.5040991306304932
0.2257444858551025
1.772639036178589
0.3707098960876465
0.1392412185668945
1.740794897079468
0.6847107410430908
0.5399549007415771
0.5699770450592041
0.7081937789916992
0.01901984214782715
0.9205641746520996
0.03810739517211914
0.2370500564575195
0.1007411479949951
1.717708349227905
0.1434204578399658
0.3658030033111572
0.4407026767730713
0.6097362041473389
0.2754077911376953
0.2169358730316162
0.05592179298400879
4.269550085067749
0.1606101989746094
0.3927314281463623
0.1640565395355225
0.2711079120635986
0.2294740676879883
0.9124619960784912
0.5425832271575928
0.4249329566955566
0.5459036827087402
0.5947322845458984
0.3418509960174561
0.0762479305267334
0.7183423042297363
0.1489095687866211
0.1491289138793945
0.2892820835113525
0.4264659881591797
0.337061882019043
0.362234354019165
1.273496627807617
0.0001540184020996094
0.5852038860321045
2.915343284606934
0.3887238502502441
0.6272528171539307
1.532811880111694
0.3363578319549561
1.256821155548096
0.2220988273620605
0.3474223613739014
0.664684534072876
0.6387324333190918
0.000331878662109375
0.1250102519989014
1.446995496749878
0.5348770618438721
2.936937093734741
0.250601053237915
0.164323091506958
0.1398124694824219
0.8589377403259277
0.1752254962921143
0.3341109752655029
2.655846118927002
0.5199317932128906
0.257094144821167
0.1436998844146729
0.2344298362731934
0.1458995342254639
0.05080747604370117
0.1953473091125488
1.299463272094727
0.5199384689331055
0.2726566791534424
0.4543259143829346
0.301231861114502
0.8548157215118408
0.5080897808074951
0.4750058650970459
0.5483510494232178
0.2820978164672852
0.114351749420166
0.2840664386749268
0.2945048809051514
0.2796568870544434
0.336555004119873
0.3790171146392822
0.4556090831756592
0.1176097393035889
1.001076221466064
0.1641578674316406
0.6047840118408203
0.4242284297943115
0.9184162616729736
0.2681770324707031
2.438894033432007
0.1972548961639404
1.603621006011963
11.96457624435425
1.288834571838379
0.5779967308044434
2.224238872528076
2.284088850021362
0.09252071380615234
0.488306999206543
0.562366247177124
1.009785413742065
0.4101054668426514
0.1555449962615967
0.4269561767578125
0.1234467029571533
0.317502498626709
3.463338136672974
0.5194392204284668
0.6523172855377197
0.1796901226043701
0.2326986789703369
0.0005161762237548828
4.838323354721069
0.1799829006195068
1.568874597549438
1.072247266769409
3.846763849258423
0.393756628036499
5.721712827682495
0.4780392646789551
0.102475643157959
0.08328938484191895
4.74832820892334
0.1219592094421387
0.1957268714904785
0.4477016925811768
0.09392333030700684
0.7420058250427246
0.9099464416503906
0.1434071063995361
0.2739028930664062
0.4680101871490479
0.1465275287628174
0.5991530418395996
3.028768062591553
0.6606922149658203
0.04190230369567871
0.976266622543335
0.5551712512969971
4.024521350860596
0.2831437587738037
0.4997427463531494
0.3671269416809082
3.069889783859253
0.5396273136138916
1.804228067398071
0.5628740787506104
0.2841806411743164
0.3366129398345947
0.07730007171630859
0.5442297458648682
0.5070886611938477
0.1763420104980469
0.4885358810424805
0.0001337528228759766
0.2444849014282227
0.09200692176818848
0.344735860824585
0.1691744327545166
0.3445580005645752
0.3044364452362061
0.4513218402862549
0.8161168098449707
0.2482109069824219
0.9410154819488525
0.3515059947967529
0.02022647857666016
0.3572685718536377
0.3827159404754639
2.402837514877319
0.6175215244293213
0.2423369884490967
0.5987272262573242
0.329841136932373
0.2725844383239746
0.4445357322692871
0.0001690387725830078
3.14026403427124
0.1564831733703613
3.751831293106079
0.3326666355133057
0.2646689414978027
0.3572483062744141
0.4361989498138428
0.2412815093994141
0.6420001983642578
1.366998672485352
0.1532516479492188
0.299612283706665
0.4567794799804688
0.4145948886871338
0.06234407424926758
3.53386402130127
6.742089986801147
0.1587691307067871
0.07601642608642578
2.332773447036743
1.044753551483154
0.4026088714599609
3.395049333572388
0.1413555145263672
2.514443159103394
0.2279660701751709
3.236101865768433
0.5049350261688232
0.1032307147979736
0.6224713325500488
0.3632361888885498
0.1226325035095215
3.197237730026245
0.4624061584472656
0.3105380535125732
0.1756458282470703
0.4085214138031006
0.525937557220459
0.160914421081543
0.1152997016906738
0.6687760353088379
0.6888992786407471
5.268061637878418
0.2073976993560791
0.2583103179931641
0.4384381771087646
0.4114086627960205
0.4017429351806641
2.28695273399353
1.019234180450439
0.536057710647583
0.2153167724609375
0.1288142204284668
0.1626243591308594
6.73917293548584
0.3266448974609375
0.5183167457580566
0.3894848823547363
0.2022552490234375
0.8608701229095459
0.5883047580718994
1.231170177459717
1.349651098251343
0.4889588356018066
0.0001432895660400391
2.68687915802002
0.1933722496032715
8.676882743835449
0.4056189060211182
0.393430233001709
0.3223590850830078
7.937552452087402
0.5545849800109863
0.4814105033874512
0.09548068046569824
0.2867796421051025
0.4126601219177246
3.266854524612427
0.1663827896118164
0.4483373165130615
0.2161943912506104
0.336482048034668
0.2906720638275146
0.1855239868164062
0.4730215072631836
5.743462800979614
0.5267620086669922
0.1733474731445312
3.024684190750122
3.240193843841553
0.2786765098571777
0.1872439384460449
0.2208826541900635
0.413701057434082
0.0001235008239746094
0.1410408020019531
0.2753889560699463
7.842864751815796
0.253608226776123
0.7520947456359863
0.2141027450561523
2.228870391845703
0.3118436336517334
0.5568978786468506
0.1583006381988525
0.4851119518280029
3.556025743484497
0.1599328517913818
0.424781322479248
0.364081859588623
0.1627757549285889
0.5639491081237793
0.1316549777984619
0.4033386707305908
0.3443710803985596
0.1592624187469482
1.046818256378174
3.227963209152222
0.2861182689666748
0.2152619361877441
0.6890029907226562
0.2400436401367188
0.5006167888641357
0.1477475166320801
0.4042489528656006
3.063887119293213
5.999211311340332
1.538569688796997
0.4661753177642822
0.0001409053802490234
4.327280044555664
0.1498901844024658
0.3518359661102295
0.04944729804992676
5.201368093490601
0.3622748851776123
0.4194803237915039
0.6110141277313232
0.4086544513702393
0.162205696105957
3.399563074111938
0.7045156955718994
0.1323916912078857
0.136277437210083
0.8228862285614014
0.5380644798278809
0.3672056198120117
0.3535606861114502
0.3856995105743408
0.1058588027954102
0.2209465503692627
0.2697672843933105
0.2886521816253662
5.112559080123901
0.3857388496398926
0.5726120471954346
0.50663161277771
3.726214170455933
0.1736016273498535
0.295971155166626
0.4942574501037598
0.4940857887268066
3.350588321685791
9.5367431640625e-05
0.4862091541290283
0.5244343280792236
0.1868672370910645
0.2921860218048096
0.2604031562805176
0.3213534355163574
0.3684344291687012
5.519264459609985
0.3209185600280762
0.1280615329742432
0.1080718040466309
0.3118374347686768
1.400639057159424
0.1180274486541748
1.45189905166626
0.3420989513397217
0.7780392169952393
0.9560947418212891
0.4059393405914307
0.6393322944641113
12.6660590171814
0.3069257736206055
0.6513957977294922
0.6188640594482422
0.3787355422973633
6.204175233840942
1.321763038635254
0.1906366348266602
0.3182203769683838
0.1409866809844971
0.1988365650177002
5.05291748046875
0.6006910800933838
0.1133053302764893
4.994397878646851
0.1610655784606934
0.2694246768951416
0.2455217838287354
0.423759937286377
0.6507232189178467
4.415085554122925
4.719628810882568
1.515037298202515
2.008304595947266
0.3397042751312256
6.34234881401062
0.3360893726348877
3.545993089675903
0.4099740982055664
0.4769048690795898
0.1240885257720947
5.365768194198608
2.891448259353638
0.161496639251709
0.2912945747375488
5.831695079803467
0.778308629989624
0.3989932537078857
5.608643531799316
0.1253271102905273
0.1783041954040527
0.07020783424377441
0.1417713165283203
0.5202162265777588
0.09222102165222168
0.537621021270752
0.5540924072265625
0.3876299858093262
0.4842252731323242
0.3770668506622314
0.2389819622039795
0.0730745792388916
0.37894606590271
0.2986960411071777
0.579256534576416
0.2852098941802979
0.775097131729126
0.555713415145874
0.0001189708709716797
0.29325270652771
2.082922458648682
0.2764823436737061
0.3724210262298584
0.483546257019043
0.3727068901062012
0.1014101505279541
0.5152528285980225
1.28874397277832
0.1551718711853027
0.2445852756500244
5.074224710464478
0.383882999420166
0.276531457901001
0.7817797660827637
1.984555006027222
0.003046751022338867
4.423041105270386
0.1203916072845459
6.707999229431152
0.7531278133392334
1.030850410461426
1.993536472320557
0.2512011528015137
0.3681039810180664
0.2663199901580811
0.1209518909454346
0.4259037971496582
0.225822925567627
4.990013122558594
1.386189222335815
6.673431396484375
0.1413664817810059
0.5582623481750488
0.3191370964050293
2.765436172485352
0.1806678771972656
5.492449522018433
0.134835958480835
0.2385742664337158
0.3917090892791748
0.1903417110443115
0.6789162158966064
0.05569696426391602
0.2430100440979004
0.6444449424743652
1.249248504638672
0.4965927600860596
0.3905091285705566
0.3030791282653809
0.3803224563598633
0.2594716548919678
7.990079879760742
0.2617552280426025
2.092471122741699
0.5622522830963135
0.3705053329467773
2.171685218811035
0.2468061447143555
3.688493967056274
0.5096883773803711
0.1678299903869629
2.055606603622437
0.5623369216918945
0.3691537380218506
0.7129619121551514
0.1949994564056396
0.3362672328948975
0.8295929431915283
0.5810694694519043
0.1385934352874756
0.1227703094482422
0.320303201675415
0.367774486541748
0.2592282295227051
6.070876836776733
2.244943857192993
0.4511702060699463
0.07963371276855469
0.33884596824646
0.2435219287872314
0.0001800060272216797
1.769365072250366
0.1234757900238037
0.2955992221832275
0.326268196105957
3.589477777481079
0.9969441890716553
0.1867837905883789
0.1754302978515625
0.5368490219116211
0.1008379459381104
3.322246313095093
0.5936639308929443
6.673872470855713
0.1551530361175537
0.5555150508880615
0.4448311328887939
0.4309122562408447
0.1554718017578125
0.3431808948516846
0.08481407165527344
3.203662157058716
0.3223040103912354
0.2244594097137451
1.344940423965454
0.1556787490844727
1.616089344024658
0.07679128646850586
0.4222171306610107
1.817013263702393
0.04149389266967773
0.3415701389312744
0.2485313415527344
0.5981583595275879
0.01369071006774902
0.3260574340820312
0.1263630390167236
0.6874308586120605
6.751804113388062
0.1599197387695312
0.1679654121398926
0.3538942337036133
0.1685211658477783
8.821487426757812e-05
4.42138934135437
3.34159517288208
0.3467497825622559
0.517254114151001
0.1356909275054932
0.5055251121520996
0.1142425537109375
2.936296939849854
0.6085658073425293
0.4245343208312988
0.4399449825286865
0.05804848670959473
0.4875540733337402
0.3815433979034424
0.4466640949249268
0.02759790420532227
0.4359331130981445
0.3748173713684082
2.108908891677856
0.3446815013885498
0.3643960952758789
0.05167770385742188
0.0001392364501953125
0.6940281391143799
0.4256601333618164
0.1671853065490723
4.423455476760864
0.202143669128418
2.421494960784912
0.383378267288208
0.4735898971557617
0.2433240413665771
0.5337593555450439
0.3287003040313721
0.2711267471313477
3.634561061859131
0.7880411148071289
0.1782290935516357
0.09868097305297852
0.2992596626281738
3.904395818710327
0.5105242729187012
3.949788570404053
0.4774770736694336
0.3324177265167236
1.362162351608276
1.690342664718628
0.3560090065002441
0.5721302032470703
0.9633865356445312
0.2283430099487305
0.3363001346588135
0.3222887516021729
0.1278650760650635
0.4659268856048584
0.5418682098388672
0.1284501552581787
0.4250140190124512
0.4174211025238037
0.4327340126037598
1.428728580474854
1.101351022720337
0.1315407752990723
5.782070636749268
11.36845064163208
0.383181095123291
0.2884297370910645
4.028112649917603
10.68726801872253
0.4123520851135254
2.481961965560913
0.3121449947357178
0.6804289817810059
5.184366226196289
6.007302284240723
0.1699593067169189
0.8365273475646973
0.3544759750366211
0.3111443519592285
6.511531591415405
0.2782244682312012
1.819019794464111
0.2635722160339355
4.5344078540802
0.5097839832305908
0.0001263618469238281
0.0002133846282958984
0.5952725410461426
0.2563090324401855
0.5072109699249268
0.3499977588653564
0.487560510635376
0.0001249313354492188
0.448336124420166
0.5950233936309814
0.2530059814453125
0.4938156604766846
0.8682079315185547
0.282916784286499
0.4993319511413574
0.271672248840332
0.5830910205841064
3.296074867248535
0.3357021808624268
0.3147463798522949
0.4046549797058105
4.828443050384521
1.833432197570801
0.3362429141998291
0.05687618255615234
3.938673734664917
2.354112148284912
0.4586219787597656
0.4342291355133057
0.3771007061004639
0.5796372890472412
2.134991884231567
0.4631469249725342
0.3352351188659668
8.825508832931519
3.740872859954834
0.4763519763946533
4.114247560501099
0.2697536945343018
0.3143136501312256
0.1822538375854492
1.576119661331177
0.02032995223999023
0.1522910594940186
1.712393760681152
1.200918197631836
0.09320974349975586
0.2423994541168213
0.2559633255004883
0.9629256725311279
3.669932126998901
7.461829662322998
0.1916484832763672
2.953581571578979
1.034873485565186
0.09158730506896973
0.1469428539276123
0.9964110851287842
0.6416244506835938
0.3363773822784424
1.16748046875
0.4201805591583252
0.3542428016662598
0.4412539005279541
1.582404136657715
0.1736698150634766
0.2234971523284912
5.241685390472412
0.5546612739562988
3.437849283218384
0.1634950637817383
0.2469618320465088
0.4899411201477051
0.4411356449127197
1.168384790420532
0.09030008316040039
0.2558863162994385
4.001837015151978
0.4051954746246338
0.1666760444641113
0.09887862205505371
1.842490434646606
0.3517951965332031
0.09177112579345703
0.5498228073120117
0.5834872722625732
5.569302082061768
2.935285329818726
0.6350090503692627
0.2843217849731445
5.245958089828491
0.7106256484985352
0.3653964996337891
0.06876468658447266
0.2064135074615479
0.1368021965026855
0.606008768081665
0.4647362232208252
0.5501015186309814
0.6236495971679688
0.5201151371002197
0.8149099349975586
1.496518850326538
0.3658549785614014
0.4247939586639404
0.3360435962677002
0.1868863105773926
0.2989671230316162
0.280170202255249
1.818462133407593
0.3733723163604736
0.1107032299041748
0.2540249824523926
0.3773491382598877
5.241748809814453
0.462719202041626
0.3672125339508057
0.0371241569519043
0.4546768665313721
0.3533549308776855
9.222673177719116
0.6187777519226074
0.448211669921875
0.3450629711151123
0.2804749011993408
0.209352970123291
1.264405965805054
0.4973363876342773
0.7473852634429932
1.437569856643677
0.6470210552215576
0.0001416206359863281
0.0001051425933837891
0.2907013893127441
0.5245912075042725
0.2993037700653076
1.593270778656006
0.401583194732666
0.3459270000457764
0.1188430786132812
0.3300478458404541
0.4565165042877197
0.3440980911254883
0.6503548622131348
0.2483053207397461
0.002585887908935547
0.5455069541931152
0.4199111461639404
0.3855774402618408
0.01562666893005371
0.3426592350006104
0.2799091339111328
4.081772089004517
0.1238160133361816
0.4391989707946777
0.3366580009460449
0.3638644218444824
0.2171385288238525
0.00263524055480957
0.4676477909088135
0.2147188186645508
0.4573128223419189
0.3526766300201416
5.252718687057495
5.025830984115601
0.5341422557830811
0.1779124736785889
0.621164083480835
0.521052360534668
0.5427436828613281
0.1922099590301514
0.09302616119384766
0.1676650047302246
0.1241588592529297
2.77129864692688
0.3144593238830566
0.6568443775177002
1.08702564239502
0.04630804061889648
0.2055513858795166
1.589462757110596
0.1548123359680176
0.3707113265991211
0.2086296081542969
0.3459436893463135
0.4965510368347168
0.278012752532959
0.3277847766876221
0.2100844383239746
0.180004358291626
0.3179950714111328
0.1108260154724121
3.048569440841675
9.791811466217041
5.690837860107422
0.2062439918518066
