21.99058604240417
25.4680769443512
24.52957797050476
30.3589940071106
26.81204104423523
26.61816692352295
29.79305601119995
29.54696416854858
25.03103184700012
33.71471190452576
26.02265095710754
24.84340310096741
26.97358703613281
30.00860595703125
28.81208395957947
25.78155398368835
29.30293011665344
29.53244090080261
29.22978901863098
29.57813096046448
22.41428089141846
31.87821006774902
27.29617500305176
28.61152291297913
26.62251496315002
25.71857309341431
27.99144601821899
25.99140501022339
27.07934093475342
28.34758496284485
26.01301717758179
26.15234708786011
29.29780197143555
28.44460797309875
28.32059001922607
31.64112401008606
25.83788108825684
33.36006689071655
29.397705078125
33.07137680053711
28.13366794586182
32.24314308166504
31.83924794197083
34.34824299812317
34.67338991165161
30.20230913162231
35.37678503990173
34.89598894119263
35.79012799263
32.95348215103149
31.59907698631287
35.90295505523682
35.86105012893677
34.83005905151367
30.67873883247375
33.6082661151886
34.33746385574341
33.02701711654663
29.33221507072449
37.26930093765259
33.25671410560608
31.59553599357605
35.02334809303284
32.17625689506531
34.61637806892395
21.92481207847595
23.83111190795898
26.19553804397583
26.49465608596802
25.63967299461365
27.60959482192993
28.21628093719482
26.074049949646
29.44773697853088
26.49905300140381
32.28673410415649
28.98021388053894
28.81745600700378
28.26477313041687
31.00365209579468
28.27452397346497
24.66015005111694
28.23172807693481
30.46967101097107
27.52958607673645
27.78346014022827
29.00174117088318
25.57037806510925
29.48537302017212
28.10103392601013
26.94033479690552
26.63785195350647
25.44572901725769
28.71897387504578
31.7389190196991
48.3972020149231
32.59393000602722
31.80668306350708
28.0980429649353
28.93048810958862
34.16328406333923
33.75544500350952
24.72175908088684
31.76591801643372
24.24988579750061
30.7273371219635
31.8999969959259
35.70972490310669
33.70553684234619
32.525554895401
32.07383918762207
33.15442395210266
40.14210987091064
39.8563060760498
34.94317889213562
35.50651502609253
30.56764888763428
34.12121915817261
37.13918709754944
30.01868104934692
29.88567399978638
29.02783894538879
32.32979607582092
36.82556104660034
32.0463809967041
36.26286196708679
35.12352299690247
28.88167095184326
30.91816020011902
33.52686595916748
22.03016185760498
24.85108494758606
26.41166687011719
24.67961597442627
28.56020498275757
31.34969210624695
25.13677597045898
29.80451202392578
30.36188197135925
28.80624103546143
25.85115790367126
27.59258890151978
25.43928718566895
26.0195689201355
31.26478505134583
23.15143799781799
27.40704488754272
31.45740294456482
28.46618890762329
27.09941291809082
31.28748393058777
27.18128395080566
29.24826693534851
31.23977279663086
25.89149498939514
27.07092785835266
24.4242889881134
27.78457689285278
29.44607710838318
29.01079511642456
29.01306700706482
29.97608208656311
28.85665488243103
31.01976609230042
30.07453608512878
30.25118184089661
31.08506011962891
28.34955716133118
28.62565207481384
28.45190691947937
30.84424304962158
36.87229490280151
30.38100600242615
37.24715495109558
31.71739602088928
38.66265511512756
39.32688212394714
38.00720596313477
29.4199960231781
37.32256698608398
38.03286504745483
34.25107192993164
34.11277198791504
39.96258807182312
32.84461307525635
37.54955816268921
33.54779291152954
41.84963607788086
29.36154794692993
36.03944897651672
36.06343078613281
38.80672001838684
34.19911003112793
35.44253587722778
35.2909791469574
22.18864989280701
26.41288495063782
23.26747989654541
26.66204595565796
26.80033111572266
28.89612889289856
33.98495888710022
22.78521203994751
31.82407689094543
26.73409485816956
28.61433076858521
27.06064701080322
25.6164710521698
29.0034761428833
27.56311893463135
26.76548886299133
26.23708510398865
22.13853406906128
27.93433213233948
30.94269490242004
25.22335505485535
26.68936896324158
28.97855186462402
27.14995694160461
26.43555021286011
27.31434392929077
27.06653904914856
28.35323786735535
26.08490014076233
24.87994503974915
27.87686395645142
31.75416493415833
31.50461912155151
24.56845307350159
26.42563700675964
29.91625118255615
28.65480208396912
30.1550760269165
31.69111013412476
30.4731810092926
32.86962103843689
32.33470487594604
31.11959719657898
28.47860717773438
31.05292797088623
36.02134680747986
35.15596890449524
38.39787697792053
38.41079115867615
35.3920578956604
34.51799511909485
34.25849795341492
36.47135996818542
31.78570318222046
36.09091305732727
36.21788597106934
32.42455196380615
35.10410594940186
38.41042399406433
36.36772012710571
40.46917605400085
35.13857007026672
36.23323702812195
32.45651698112488
38.98921799659729
22.07062005996704
25.32576107978821
29.18398690223694
27.79965901374817
27.62947082519531
21.11378407478333
29.32404184341431
28.86381506919861
25.91880202293396
28.74876189231873
31.34063482284546
29.34626817703247
24.77349781990051
30.16296005249023
30.42276906967163
28.07282590866089
29.47131991386414
27.03737306594849
29.82964992523193
28.97115802764893
26.27838492393494
27.90008497238159
27.51801609992981
27.0165159702301
28.69935083389282
29.39667201042175
25.98577308654785
31.30978083610535
28.05425214767456
29.68916201591492
26.0611469745636
29.30513215065002
28.93241596221924
31.5585880279541
32.5248692035675
31.79947018623352
29.56038117408752
30.89208102226257
29.39253211021423
29.56016707420349
34.69794106483459
37.30936193466187
31.35749292373657
34.48139595985413
35.4217209815979
36.89401292800903
36.69435095787048
36.90332388877869
37.41913795471191
39.71076798439026
34.20281600952148
35.48523592948914
33.34676790237427
38.26202607154846
37.69820594787598
34.54928588867188
35.02011013031006
37.65397882461548
39.20844697952271
36.78369402885437
38.46507692337036
34.08349394798279
37.63588500022888
38.29805302619934
39.06464195251465
22.04854798316956
26.42535591125488
31.7470600605011
27.95097804069519
29.4149489402771
28.26784610748291
31.57295203208923
32.9662618637085
26.45627093315125
21.52578616142273
27.0763521194458
32.33053994178772
26.53894996643066
28.46653389930725
26.68707203865051
26.07572317123413
27.56514477729797
20.93318891525269
25.68470597267151
29.83402013778687
30.95752596855164
28.13639616966248
29.44244790077209
26.96749305725098
24.20916795730591
30.51959300041199
34.30746698379517
28.99749112129211
28.70215702056885
31.35110712051392
28.03646278381348
36.16519808769226
33.99524188041687
29.65779805183411
23.6047511100769
30.73293089866638
34.29050993919373
25.78477597236633
30.26134991645813
32.61360096931458
34.8638060092926
26.99964308738708
35.0990309715271
33.55637407302856
31.4620099067688
40.38684487342834
35.46778702735901
41.00902700424194
37.74496293067932
60.42436981201172
39.23081517219543
40.05538892745972
40.00741791725159
39.94568610191345
43.55869388580322
40.65963101387024
34.03618192672729
36.54294085502625
35.14491891860962
36.04433989524841
35.36311411857605
39.51900100708008
37.81621909141541
40.38625597953796
33.11075305938721
22.02369904518127
27.46555399894714
34.16205883026123
30.24940896034241
33.24995684623718
22.42907691001892
32.62520289421082
30.87593197822571
30.92399406433105
28.94399809837341
33.81048011779785
30.42455196380615
34.33292579650879
24.03215193748474
41.84622001647949
36.54787302017212
35.78658509254456
26.73495101928711
36.10527801513672
29.50977420806885
28.73310494422913
24.58393788337708
29.61708617210388
35.55121493339539
29.60852098464966
28.82850289344788
32.94563007354736
27.57402300834656
30.23079705238342
37.69315409660339
30.80563306808472
33.59563493728638
32.30645608901978
29.23911786079407
34.05247521400452
34.95214080810547
32.34293603897095
36.25035691261292
38.60039091110229
32.71020603179932
36.7196090221405
30.6487090587616
39.72923898696899
37.08664202690125
35.22338390350342
39.43881583213806
45.12654995918274
39.0724790096283
37.92598986625671
38.24836897850037
40.87841105461121
40.24431896209717
40.97405385971069
37.73185706138611
40.96774482727051
42.82583284378052
34.77788114547729
36.80646586418152
37.85962700843811
43.87598896026611
36.85181212425232
38.59496998786926
34.87907290458679
41.45535683631897
40.15727806091309
21.98862791061401
28.73046398162842
34.08860015869141
24.12092590332031
29.72982597351074
26.8723669052124
32.7209689617157
31.19262504577637
28.92828392982483
37.04654908180237
34.88527917861938
37.51287317276001
37.37704515457153
28.53902316093445
34.32051801681519
24.34182906150818
31.60586285591125
32.13722491264343
38.64656114578247
41.21489906311035
21.03733396530151
22.98914504051208
37.42568016052246
34.18690705299377
31.46947693824768
32.10092496871948
26.17252588272095
30.11228704452515
34.3159019947052
28.02597188949585
36.50158500671387
39.53229904174805
32.31723189353943
36.6832959651947
37.05311822891235
35.27990889549255
31.59116196632385
28.51095604896545
37.10324192047119
31.49448299407959
40.60831689834595
40.73764705657959
28.02582883834839
39.16812109947205
40.36651110649109
39.63144612312317
33.8341429233551
39.36526203155518
37.59265804290771
39.16383004188538
44.05172991752625
41.97760987281799
35.20160889625549
44.38463592529297
40.50319194793701
37.70908403396606
36.3895468711853
39.76744914054871
45.60123300552368
44.55878210067749
47.32794308662415
50.02803206443787
43.05775904655457
47.12862801551819
35.50705218315125
21.99515795707703
28.70080494880676
28.73549008369446
32.21711397171021
34.05262517929077
35.93486309051514
29.82063102722168
38.19873309135437
36.28377509117126
36.32540988922119
30.44828295707703
32.72087693214417
36.38390684127808
28.19555592536926
34.71795177459717
29.57233595848083
32.39739894866943
30.21105813980103
34.96586203575134
35.03984189033508
25.10464906692505
34.36138391494751
32.60891699790955
28.81934595108032
38.1845600605011
24.09468507766724
31.08928108215332
32.96240615844727
34.1296169757843
34.27100801467896
28.13240599632263
39.35382890701294
35.60868787765503
35.13322401046753
34.60825395584106
34.05104398727417
34.08516597747803
37.2917947769165
36.77235794067383
34.67765092849731
37.99166703224182
33.71452903747559
34.33223414421082
34.58814287185669
36.52183198928833
35.80648684501648
36.42678284645081
35.36725091934204
40.53662896156311
42.15741086006165
46.82991099357605
40.73220586776733
36.34853482246399
39.0698299407959
36.29740214347839
33.69690704345703
37.94585180282593
37.58687710762024
31.88736510276794
43.93913412094116
42.67534303665161
45.63191509246826
42.97911405563354
43.01409602165222
48.21876907348633
21.97502994537354
31.17507815361023
32.66967988014221
42.11955499649048
35.29139089584351
39.42430996894836
37.04992389678955
33.96682596206665
29.80481696128845
30.01511907577515
35.63523387908936
33.57925915718079
28.52108597755432
30.80545592308044
38.53793215751648
42.81787896156311
28.48017501831055
37.87791299819946
31.50672698020935
27.41389107704163
28.21579599380493
34.3955340385437
31.05460691452026
32.65284895896912
37.26454496383667
34.79803991317749
41.36845278739929
35.27981996536255
30.35066294670105
39.24735307693481
43.15482115745544
38.48401188850403
35.43119502067566
32.83718800544739
51.78813886642456
33.33260583877563
29.75650906562805
37.17447805404663
31.87890696525574
35.71335506439209
32.39352893829346
33.8072669506073
36.23272800445557
38.88139700889587
35.77887296676636
46.64297699928284
37.92040777206421
44.43417191505432
39.56508612632751
44.35520696640015
40.6330680847168
41.10879302024841
37.77592802047729
34.83951997756958
42.59423184394836
38.91601395606995
32.89474201202393
34.22317099571228
36.05936098098755
37.89040994644165
38.24164605140686
41.54787111282349
31.99991202354431
36.53589606285095
41.77012395858765
22.07971715927124
27.13009595870972
36.42928814888
25.34599208831787
31.49506306648254
25.94269490242004
40.28167986869812
30.3434100151062
24.55017995834351
26.75562191009521
32.58677911758423
38.89925909042358
32.16988897323608
32.71497511863708
35.14012002944946
33.37388801574707
37.11518502235413
35.11002802848816
21.03978204727173
31.72387886047363
34.63818597793579
36.32236313819885
33.31854510307312
29.77891898155212
34.7765040397644
36.00177502632141
37.34797406196594
36.43784785270691
30.34805607795715
31.36822915077209
30.71351218223572
31.29269695281982
38.8893129825592
26.42608904838562
25.9931960105896
34.8280041217804
36.51578307151794
35.98842215538025
34.14651799201965
30.59233903884888
39.87466287612915
41.73169493675232
41.34718799591064
43.60047388076782
38.04184889793396
39.37794089317322
40.0649688243866
38.35955500602722
46.04387903213501
42.39131283760071
40.13368105888367
34.08832001686096
43.09959983825684
42.92021584510803
34.4519670009613
45.99175095558167
36.65153384208679
31.23544311523438
33.466059923172
42.79266214370728
43.51151609420776
44.67240595817566
30.63822889328003
43.40423107147217
40.97963309288025
21.98659300804138
28.32124710083008
36.85746693611145
42.73484516143799
34.54979801177979
23.79975199699402
48.81718111038208
32.82290291786194
31.68399691581726
39.82693815231323
31.71337699890137
34.45654201507568
27.58416891098022
34.2216808795929
33.54666996002197
33.79112219810486
21.00043201446533
22.22702622413635
28.75573205947876
32.00521111488342
34.19202399253845
31.3135621547699
26.97782301902771
33.78508615493774
34.29739594459534
36.08111000061035
27.87494516372681
25.06468296051025
30.34772086143494
31.32673311233521
31.80838203430176
39.20965600013733
30.62987804412842
35.31532502174377
35.49425601959229
37.54280400276184
35.09005999565125
34.77852392196655
36.13799405097961
41.50150299072266
32.48350620269775
36.8775749206543
37.58953499794006
27.92549514770508
37.42386889457703
40.15278506278992
39.7714250087738
35.12401700019836
36.27640986442566
34.4993851184845
32.81596994400024
44.62997198104858
43.00395798683167
44.21064400672913
35.75244402885437
33.60162496566772
41.30520415306091
36.88649415969849
37.36161780357361
39.77542400360107
44.70297384262085
37.99277901649475
38.70690298080444
35.28828096389771
41.3070969581604
22.01512718200684
27.12048411369324
37.43209505081177
31.31164813041687
32.32021284103394
26.54352188110352
34.13242411613464
35.61416387557983
39.01376485824585
30.26748895645142
33.91972017288208
29.57649183273315
28.31368780136108
33.76924991607666
24.91574382781982
32.21604704856873
35.7288031578064
26.79014801979065
21.06352615356445
35.71296501159668
30.44931387901306
33.86016011238098
29.23487997055054
32.22700095176697
30.89026308059692
25.21261405944824
33.97037291526794
35.51062893867493
31.24331092834473
32.53574395179749
33.2461040019989
34.10814499855042
41.11641216278076
30.22210693359375
36.21752095222473
33.89945507049561
36.75976014137268
39.64165616035461
33.51177215576172
40.11662006378174
36.30095601081848
33.66092896461487
42.45133209228516
38.43661403656006
36.27975487709045
29.4354419708252
36.7179000377655
34.05009078979492
46.41505002975464
37.50680494308472
31.96616101264954
43.23909115791321
34.05901598930359
37.59141302108765
32.91932988166809
37.00080800056458
38.25711011886597
44.49079203605652
30.89730095863342
42.27923011779785
41.17528700828552
34.80149817466736
32.13046002388
36.766037940979
42.52394700050354
22.02348303794861
29.38358783721924
37.89711403846741
34.80885910987854
32.31149005889893
27.51192283630371
30.66915392875671
27.92468094825745
26.88044905662537
26.4572548866272
44.22136211395264
26.86032009124756
37.53129315376282
28.00452589988708
26.47924590110779
25.77745699882507
26.90327596664429
30.99084997177124
29.8357892036438
27.13104796409607
34.2102952003479
30.74719381332397
34.05847001075745
33.11759805679321
27.4448230266571
28.13072204589844
32.27895212173462
25.37620186805725
24.33186602592468
33.92883896827698
37.20309782028198
37.82048392295837
27.1286940574646
30.9366660118103
25.77240395545959
34.25039291381836
28.89509797096252
30.99455595016479
34.42421007156372
31.56066608428955
28.7698450088501
27.34526014328003
28.81167411804199
39.02227520942688
30.47569608688354
37.39692902565002
39.20556592941284
37.54544305801392
33.70727896690369
42.20808792114258
34.93515205383301
38.94418787956238
38.48920583724976
39.60258889198303
40.81547999382019
27.72376799583435
35.79279899597168
40.9826328754425
35.18421912193298
41.3526349067688
32.99899196624756
36.93027901649475
32.9735209941864
43.77075099945068
35.30628991127014
22.03245615959167
28.10914301872253
24.04994297027588
26.89566707611084
28.78189992904663
31.5416111946106
31.84673881530762
31.67408800125122
31.22782397270203
32.17837309837341
29.22760105133057
32.8029580116272
24.94228601455688
29.81079006195068
30.48864984512329
35.50216102600098
31.99497699737549
32.34348797798157
33.04635906219482
32.79874300956726
27.24018120765686
31.2070529460907
26.03883790969849
31.9771249294281
26.66125416755676
28.47868490219116
27.90740394592285
26.69357895851135
32.15628981590271
37.13427090644836
32.69214105606079
33.79302597045898
29.28813195228577
27.33566999435425
28.62397909164429
31.69955205917358
29.47118401527405
30.45973014831543
33.98747491836548
32.46735095977783
38.45384097099304
33.78735423088074
33.79907703399658
35.55103516578674
29.4008150100708
36.8143310546875
35.28462100028992
38.09724903106689
38.79926490783691
34.41571283340454
36.79236602783203
42.49389100074768
35.63143301010132
35.53352999687195
37.34580278396606
36.02841091156006
36.90190482139587
38.5647599697113
28.57947993278503
37.00964498519897
36.87612795829773
35.0320999622345
28.00227808952332
34.25710296630859
39.40514397621155
22.06180191040039
28.84505581855774
26.60422801971436
30.20431303977966
28.84106206893921
27.86107802391052
28.90923595428467
24.89280700683594
27.4576621055603
21.04250907897949
31.84837198257446
23.1485481262207
26.12771201133728
28.58101797103882
23.9377019405365
25.53758788108826
32.97118592262268
