0.7429940700531006
2.116019010543823
1.311502933502197
0.9478349685668945
1.03381085395813
1.198125123977661
0.5529909133911133
2.694518804550171
1.161082983016968
1.061492204666138
0.9520940780639648
1.52203893661499
0.3115770816802979
0.7658100128173828
1.666683912277222
0.8437590599060059
0.7298789024353027
0.6426849365234375
0.7020950317382812
6.735903024673462
0.7913038730621338
1.030529975891113
1.084328174591064
1.001554012298584
0.7630929946899414
0.2974958419799805
0.929265022277832
1.154819011688232
0.6078569889068604
1.253288984298706
5.349614858627319
0.5594081878662109
1.160300016403198
1.203987836837769
1.064164161682129
4.761532068252563
1.266941070556641
1.222787857055664
1.309481143951416
1.384863138198853
3.084152936935425
0.1406240463256836
0.9715888500213623
0.3801600933074951
3.675311088562012
1.130880117416382
1.267709016799927
1.71668004989624
1.813009977340698
3.983099937438965
0.941586971282959
0.6319990158081055
1.548879146575928
8.119668006896973
0.9771428108215332
1.104029893875122
7.017754793167114
2.399807929992676
0.826340913772583
2.742760181427002
1.440484046936035
1.34453010559082
0.1484088897705078
0.3640069961547852
1.039005994796753
0.2251880168914795
1.564523935317993
2.04450798034668
0.9510369300842285
1.363464117050171
0.8342230319976807
1.036071062088013
1.056341886520386
0.8186860084533691
0.9134199619293213
0.7240169048309326
1.059838056564331
0.8545999526977539
0.6262640953063965
0.8408200740814209
0.6549551486968994
1.244913101196289
0.7476630210876465
0.7847201824188232
0.6288650035858154
0.4767088890075684
1.298310995101929
0.9380121231079102
1.083297967910767
2.797148942947388
2.893353939056396
1.148876905441284
0.8262350559234619
0.6432900428771973
0.6820778846740723
1.439420938491821
0.7716100215911865
1.698128938674927
3.523827075958252
1.279295921325684
1.052286148071289
6.2620689868927
0.9016098976135254
6.188602924346924
0.822861909866333
0.8946330547332764
1.232338190078735
2.371222019195557
0.9559621810913086
7.454262971878052
4.545233011245728
1.092986106872559
0.7372429370880127
0.7966799736022949
0.7924931049346924
3.658477067947388
1.052294015884399
0.6443819999694824
0.9366500377655029
2.10082483291626
6.353484869003296
0.7350161075592041
1.215758085250854
1.039661884307861
1.550745964050293
1.147542953491211
5.893599033355713
3.638485193252563
0.6001949310302734
1.206001996994019
0.4310019016265869
0.7059369087219238
1.049689054489136
1.287624835968018
1.154852867126465
1.154381990432739
2.194261074066162
1.168087005615234
0.9853260517120361
1.16608715057373
0.4352920055389404
1.440007925033569
1.046241998672485
1.034870147705078
5.888782978057861
0.8380110263824463
1.406297206878662
0.6696300506591797
1.013389825820923
0.8493888378143311
0.6314420700073242
1.112517118453979
1.048305988311768
0.7649061679840088
2.89344596862793
5.40697717666626
0.6119811534881592
1.061178207397461
1.263722896575928
1.230154037475586
0.6911361217498779
1.305938959121704
1.2742919921875
0.8621399402618408
0.8875110149383545
0.9501299858093262
2.771430969238281
0.9689440727233887
3.23219108581543
0.823415994644165
1.103809118270874
1.244916200637817
1.342262029647827
1.86184287071228
0.2331910133361816
1.072527885437012
1.50206184387207
4.145975112915039
3.427711009979248
1.827144861221313
0.9680588245391846
0.6688830852508545
1.088735103607178
3.462771892547607
1.292267084121704
2.680194854736328
0.9719488620758057
7.096065044403076
0.9996540546417236
1.132466077804565
1.01240086555481
0.2482950687408447
1.184587001800537
0.2889399528503418
1.417804002761841
0.7975339889526367
3.863029956817627
3.089368104934692
2.11870813369751
0.9998738765716553
1.138005018234253
4.857042074203491
0.9769630432128906
1.371577978134155
0.4824421405792236
0.6888391971588135
1.359785079956055
1.452250003814697
1.825565099716187
2.347299098968506
0.6293160915374756
6.429734945297241
1.16938591003418
0.8638219833374023
0.5867090225219727
0.6927790641784668
1.709500074386597
1.165812015533447
0.8848989009857178
1.087158918380737
1.135124921798706
1.323982954025269
1.247097969055176
2.051084995269775
0.8000049591064453
1.414395809173584
0.8090918064117432
7.880990028381348
1.515584945678711
1.234642028808594
1.801501035690308
1.486957788467407
1.287301063537598
0.6893289089202881
1.188651084899902
1.075683116912842
1.246710062026978
6.153477907180786
1.982153177261353
0.9982290267944336
1.242552042007446
1.136108160018921
1.388209104537964
0.7843890190124512
1.541763067245483
5.664988994598389
1.395304918289185
4.548624992370605
1.696902990341187
1.098368883132935
5.196160078048706
1.164624929428101
1.128201961517334
0.7483420372009277
0.7001490592956543
1.021278858184814
1.105583190917969
1.457262992858887
1.053121089935303
0.8446910381317139
0.680225133895874
1.33105993270874
2.200544834136963
0.5487439632415771
8.909220933914185
0.8029890060424805
0.8467948436737061
1.52343487739563
1.066345930099487
1.075549840927124
0.8517911434173584
4.345093965530396
0.7430210113525391
1.3662109375
1.306468963623047
3.15270209312439
1.287158012390137
0.2756800651550293
1.282694101333618
5.376552104949951
0.9827430248260498
1.090126991271973
5.219470977783203
1.095859050750732
1.833441019058228
1.590274810791016
1.320787906646729
0.7495059967041016
1.763159990310669
1.20379900932312
1.051583051681519
1.45839786529541
1.394814014434814
0.9179818630218506
0.7779178619384766
4.118292808532715
1.135787010192871
1.030796051025391
0.8155779838562012
0.8749210834503174
0.9573509693145752
0.8174209594726562
1.297674894332886
1.203894853591919
0.8678231239318848
1.396975994110107
1.310780048370361
0.5752298831939697
0.6369988918304443
0.9043240547180176
1.193965196609497
4.566540956497192
1.849386930465698
1.054517030715942
2.061033010482788
0.9543960094451904
1.119335889816284
0.8808331489562988
1.291841983795166
1.104541063308716
5.626652002334595
1.366730928421021
0.9642980098724365
0.9382262229919434
3.643342018127441
0.4331169128417969
1.047208070755005
3.268929004669189
1.005612134933472
1.015123128890991
1.222568988800049
1.440454006195068
4.432716131210327
7.439908027648926
1.245890855789185
1.130390882492065
2.059428930282593
1.131151914596558
8.208618879318237
1.153376817703247
4.961800098419189
9.420379161834717
1.373795032501221
0.7333838939666748
0.9795098304748535
0.9097018241882324
1.33384895324707
2.270981073379517
4.893719911575317
0.9743740558624268
2.847501993179321
1.266851902008057
6.685560941696167
1.009114980697632
1.147008895874023
0.7285079956054688
0.7561149597167969
1.024341106414795
14.16621804237366
1.02442193031311
1.072706937789917
6.68936014175415
1.031383991241455
0.8301229476928711
0.5223410129547119
2.48612380027771
0.925915002822876
0.9307680130004883
1.702661037445068
1.118789911270142
1.460746049880981
0.9063498973846436
4.333324193954468
0.755469799041748
0.8515379428863525
1.085278034210205
2.164283990859985
0.9283580780029297
1.298004865646362
1.249210834503174
5.294466972351074
0.7505199909210205
1.077193021774292
1.030401945114136
0.6040830612182617
1.503875970840454
1.424340009689331
0.8616039752960205
3.941647052764893
1.497781991958618
0.8154559135437012
1.621306180953979
4.446153163909912
1.065226793289185
8.330712080001831
0.9371950626373291
7.954740047454834
1.059428930282593
0.7458658218383789
1.173489809036255
0.9138429164886475
2.744368076324463
15.51410984992981
4.827315092086792
5.266757965087891
2.350533962249756
7.294802904129028
1.212981939315796
1.244776964187622
1.246609926223755
5.005511045455933
1.535898208618164
1.088322877883911
1.004045009613037
3.642898082733154
2.824141979217529
1.390878915786743
0.6257750988006592
1.099714994430542
0.7936410903930664
0.9155228137969971
1.428822994232178
5.049200057983398
1.115020990371704
3.259730815887451
0.6123161315917969
1.672637939453125
1.399353981018066
6.314328908920288
0.8716659545898438
5.66080904006958
1.568941116333008
1.082920074462891
3.534865140914917
1.307367086410522
3.974808931350708
1.14319109916687
1.234260082244873
1.135379076004028
1.884917020797729
1.1888267993927
1.203500032424927
1.045809984207153
1.336670875549316
1.994248151779175
10.2338240146637
0.7539470195770264
1.625816106796265
0.783257007598877
4.071244955062866
0.7515919208526611
13.16610312461853
0.979835033416748
0.8676331043243408
4.266422033309937
0.4079189300537109
5.474381923675537
10.40308690071106
0.9468009471893311
0.6785438060760498
0.7635509967803955
1.42362117767334
1.531889915466309
0.8689930438995361
0.9383230209350586
0.7696630954742432
2.030778169631958
1.18233323097229
0.8961079120635986
9.685122966766357
6.202744007110596
9.132416963577271
1.080343008041382
0.3766939640045166
27.90515995025635
8.513505935668945
1.376880168914795
1.263474941253662
0.7848560810089111
0.6532700061798096
8.135066986083984
6.474806070327759
1.049939870834351
5.442667961120605
1.099100112915039
0.9190170764923096
0.971505880355835
0.8377740383148193
1.276993989944458
1.456470012664795
1.828027009963989
8.950812101364136
1.878509998321533
1.018933057785034
1.245696067810059
0.6402571201324463
7.570272922515869
1.157833099365234
1.767775058746338
3.878885984420776
1.707651138305664
1.102912187576294
0.8212292194366455
0.9568800926208496
1.832170009613037
1.757812023162842
1.366433143615723
1.24518609046936
1.109616041183472
2.385333061218262
5.280212163925171
1.2258460521698
1.55706000328064
0.7746200561523438
0.9244349002838135
1.187816858291626
0.8959250450134277
0.4771699905395508
5.364109992980957
1.042706966400146
0.4362139701843262
1.584183931350708
1.431980848312378
1.011298894882202
1.144083023071289
6.083462953567505
0.8134980201721191
1.928992986679077
1.093528032302856
0.7933001518249512
0.7694759368896484
2.819884061813354
7.045868873596191
6.469579935073853
13.04406094551086
1.144711017608643
5.194415092468262
0.7641110420227051
0.7145349979400635
7.093452930450439
0.5386269092559814
3.656599998474121
0.7951710224151611
0.8586931228637695
9.203845977783203
5.823779106140137
1.170651912689209
0.9769411087036133
0.9639699459075928
8.031559228897095
0.7133710384368896
0.9420759677886963
1.231393098831177
1.301578998565674
1.105752944946289
0.8581070899963379
0.4503979682922363
0.941572904586792
2.034854888916016
0.6354100704193115
1.324115037918091
1.465403079986572
6.756486892700195
1.055832147598267
2.619412899017334
2.19195294380188
7.802485942840576
1.575557947158813
1.330200910568237
1.050732135772705
1.100458860397339
0.934826135635376
1.05579686164856
5.533200979232788
3.50971794128418
4.623772859573364
1.436708927154541
6.135757923126221
0.9185898303985596
0.985313892364502
0.8176500797271729
0.6690740585327148
1.118853807449341
2.148967027664185
1.004912853240967
0.7743380069732666
5.127951145172119
1.488381147384644
0.6150758266448975
1.028126955032349
0.6710720062255859
1.996802091598511
1.044090032577515
7.73564887046814
1.022781133651733
1.234549045562744
1.352191925048828
1.039551973342896
1.221935987472534
1.22403883934021
14.95772814750671
0.2639479637145996
1.622921943664551
0.7288439273834229
10.57377600669861
1.982415914535522
1.449427843093872
1.036436080932617
1.151510953903198
0.648144006729126
1.30356502532959
1.577350854873657
0.8175649642944336
1.148377895355225
1.124238014221191
0.8478190898895264
1.004031181335449
1.032887935638428
1.229465007781982
7.701409101486206
3.683024168014526
1.116906881332397
8.27449107170105
1.043740034103394
3.225701808929443
1.280726909637451
1.3731689453125
0.8154680728912354
3.276714086532593
1.308324098587036
1.206737995147705
0.9135870933532715
1.458964109420776
1.265887022018433
0.6930809020996094
1.024359941482544
2.048604965209961
1.366748094558716
1.049691915512085
1.258540153503418
8.563486099243164
2.66352105140686
4.797423124313354
3.266088008880615
7.123562097549438
1.114284992218018
3.198241949081421
1.143769025802612
0.9898240566253662
1.158122062683105
0.5637609958648682
1.017586946487427
7.393596172332764
1.198681116104126
7.484580993652344
0.3665151596069336
1.436109066009521
8.608241081237793
10.19637107849121
0.4583699703216553
1.119960069656372
6.040487051010132
5.48537802696228
0.5740680694580078
0.5496008396148682
0.4661159515380859
0.8553709983825684
18.68223786354065
1.414949893951416
1.063897848129272
1.397212982177734
1.41623592376709
5.530374050140381
1.030010938644409
1.279739856719971
1.152262926101685
1.373164892196655
2.823805093765259
1.348904848098755
1.181979894638062
1.58893895149231
1.390254974365234
12.75067806243896
11.36873197555542
0.8496410846710205
0.8635959625244141
1.077441930770874
1.088959932327271
8.441643953323364
1.322987079620361
0.5738120079040527
1.112038135528564
0.89565110206604
2.585479974746704
0.553494930267334
0.6734499931335449
1.113852977752686
1.271450996398926
1.346634149551392
0.8027598857879639
7.654713869094849
1.165424823760986
1.960386037826538
0.6346218585968018
0.8367230892181396
1.775568962097168
6.185714960098267
1.606953859329224
1.291630983352661
1.37419605255127
1.148226022720337
10.8407130241394
0.8379819393157959
1.409611940383911
3.460205078125
0.7144069671630859
2.15914511680603
1.825027227401733
0.9156730175018311
4.342890024185181
1.684195995330811
0.9731099605560303
1.325747013092041
1.072009801864624
1.029404163360596
0.8318588733673096
1.194988012313843
0.6598520278930664
1.642560005187988
1.951514959335327
15.91455984115601
10.25021910667419
1.65540885925293
0.9765861034393311
3.093229055404663
4.501911163330078
5.350297927856445
1.040927886962891
0.8338279724121094
1.842437982559204
4.213217973709106
14.12235593795776
4.456526041030884
0.8404998779296875
1.923537969589233
1.2741858959198
0.5176432132720947
0.5772068500518799
5.303246974945068
1.362980127334595
1.150684118270874
0.8273890018463135
1.552565813064575
2.614387989044189
1.171394109725952
1.2757728099823
1.017013072967529
10.67779111862183
3.972877979278564
1.475666999816895
0.9670300483703613
1.431312799453735
1.224286079406738
3.163851976394653
2.065984964370728
1.315755844116211
1.034333944320679
1.190226078033447
6.754931926727295
1.013361930847168
1.619478940963745
0.7183599472045898
0.7923729419708252
1.563781023025513
1.146945953369141
1.69937801361084
1.008956909179688
4.838722944259644
1.193892955780029
10.2264769077301
1.438349008560181
1.674707174301147
0.9352200031280518
1.050243854522705
1.116156101226807
1.253046035766602
1.309926986694336
0.7317960262298584
1.553607940673828
1.35152792930603
9.887434005737305
5.297322988510132
1.048624038696289
9.95873498916626
1.211093187332153
1.057525873184204
6.228569030761719
12.31911182403564
0.9007899761199951
0.6652381420135498
4.477822065353394
2.73198390007019
1.3229079246521
1.206841945648193
5.36198902130127
5.721522092819214
0.8452310562133789
1.437458992004395
0.5355188846588135
0.7959351539611816
3.225920915603638
1.03914213180542
3.518330812454224
0.517848014831543
1.188428163528442
2.236716985702515
1.311313152313232
0.6429738998413086
0.9602808952331543
1.251353979110718
1.239828109741211
1.232205867767334
4.565473079681396
0.6136109828948975
4.950170993804932
5.66283392906189
1.374650955200195
1.397961854934692
5.024446964263916
6.791223049163818
0.7156708240509033
1.216572046279907
0.9553070068359375
3.441282987594604
0.3797309398651123
1.561151027679443
0.8278288841247559
13.00900292396545
1.132925033569336
0.8779149055480957
1.363633155822754
2.436343908309937
0.7331008911132812
1.110657930374146
0.9066140651702881
0.4052660465240479
4.826513051986694
1.065095901489258
1.154212951660156
3.483447074890137
1.233951091766357
1.456607103347778
1.727648019790649
1.414538145065308
1.109411954879761
1.310240030288696
1.368111848831177
6.025393009185791
2.448911905288696
4.66736102104187
0.5846447944641113
0.8148679733276367
1.21143102645874
1.336889982223511
1.842977046966553
2.760205984115601
1.07558012008667
0.9376940727233887
6.36122989654541
4.916412115097046
1.293686151504517
3.927367925643921
6.575770139694214
0.5347769260406494
0.6134610176086426
0.4801127910614014
6.021844148635864
1.061311006546021
4.278677940368652
1.208822965621948
1.032013893127441
1.135221004486084
1.444591045379639
0.9068429470062256
1.006012916564941
6.292565822601318
1.084226846694946
0.6663620471954346
4.013849020004272
1.009558200836182
1.267334938049316
0.9564731121063232
1.088776826858521
1.882068157196045
7.613734006881714
0.558211088180542
1.092130899429321
1.082442045211792
1.350102186203003
9.760905027389526
1.639981031417847
1.352772951126099
0.9857230186462402
1.049843788146973
1.191226005554199
1.004064083099365
6.452075004577637
1.471678972244263
0.8256628513336182
4.122881889343262
0.09477782249450684
1.911906957626343
1.282341957092285
0.6876270771026611
1.438655853271484
0.977463960647583
0.8785579204559326
1.025827169418335
2.795298099517822
1.093823909759521
1.083863973617554
3.474348783493042
0.5266871452331543
5.136523008346558
0.4521729946136475
4.016557931900024
1.220889091491699
0.7885811328887939
0.2720820903778076
4.480326890945435
0.8155457973480225
2.615173816680908
1.148926019668579
2.26869797706604
1.889185905456543
1.222886085510254
0.5788679122924805
1.373901128768921
1.067406177520752
0.7657978534698486
0.9029989242553711
1.170675992965698
5.933054208755493
1.994264125823975
1.027278900146484
5.754515886306763
1.75780200958252
1.292795896530151
0.8918230533599854
1.31855297088623
1.794656991958618
5.94733715057373
1.176290988922119
4.404831886291504
1.163112878799438
1.246009826660156
1.167409896850586
1.024651050567627
1.197771072387695
0.6390039920806885
1.486540079116821
0.8157460689544678
1.045175075531006
1.080823183059692
1.493032932281494
0.6603829860687256
1.187443971633911
6.294951915740967
0.7633979320526123
1.098281145095825
1.041934013366699
9.169354915618896
1.988342046737671
2.899685859680176
1.214597940444946
0.3540089130401611
1.680017948150635
0.9339148998260498
1.303333044052124
0.9624428749084473
0.5407078266143799
2.216856002807617
1.058743953704834
9.915511846542358
0.7989859580993652
8.001734018325806
3.055140972137451
1.304617166519165
3.810512065887451
3.827556133270264
1.178102970123291
1.059813976287842
