34.39741593500001
63.12939534299999
80.32362439400001
46.51024589599996
63.97357686599992
83.249829256
65.89243261800004
56.80964317999997
72.20167267699952
63.69948460399951
77.68274974699989
59.05977265700039
64.85778406700024
64.11791472000073
69.22415193100051
69.30324489300051
54.92898841799911
53.62804551899944
60.26037000699989
79.16294796600096
60.39133990200025
63.69827166700043
57.68171663000021
54.24302641599934
57.94668255199895
61.86622783799839
45.35950918000026
59.43579828099928
59.08902903299941
54.12453072199969
73.74811748499997
62.03407963999962
48.62773929099967
58.26277766799763
63.18400527900212
57.47103438399881
73.60743844999888
74.48745744999997
67.71213695900133
80.04505100999995
62.61067124000056
56.88809581500118
82.94321725399823
76.510362291001
62.63798041300015
81.69274561199927
72.69524459300192
74.24414306900053
64.62436368699946
65.15547111799606
87.967044541002
76.64790260900008
67.0380752380006
70.60225006700148
81.28603857399958
70.07698122700094
78.68294232600147
72.55870861699805
74.76566711499891
63.01740248000169
65.29242970999894
66.16021352100051
81.33928954299881
84.1609769050001
68.80616681299944
89.79772577600124
81.38518522199774
75.52103925199481
62.21083223499772
82.05195825399642
75.75085905500055
81.57841780699709
70.7989782240038
69.36800630699508
76.73108164699261
32.57457730300303
13.05076563300281
9.608809875999214
12.92903307000051
10.3880056279977
7.980166888000895
10.03995617699911
10.88961753499643
9.943253174000347
13.90640746300051
12.32918104099736
13.20065898400026
16.51655711999956
14.20049839100102
8.793062728003861
11.03742223199879
10.33537663599964
10.64410682200105
11.71759455999745
11.2653939890024
10.14784584900008
15.96310980600174
12.6642246859974
12.37686506299542
7.455555123999997
12.12143247600002
16.38133397999996
8.570398012000027
10.63328889400002
14.41738391699997
14.07650463999997
11.32388812899998
12.56890762299992
13.31379074199998
9.622248821000028
20.69954761500003
25.31512039199998
9.733117251999829
10.71787926799971
12.70888543699994
9.089721316000009
9.021708237000098
14.31182471200032
14.36309710499995
10.57347944700007
10.22543843799986
10.33721952699989
10.47588077299986
14.86120404799999
12.61444263999977
13.06323469999973
7.85014242800014
11.98913063199996
8.951541328000076
11.96445783199965
10.76691466900002
14.56131022999966
12.32952681700021
8.892597232000298
13.73520009100002
12.02242606700042
16.0060655310001
10.85305034000044
8.595607394999661
15.40740275300027
9.718319470000608
10.00626913299993
7.787711470999511
9.971630219999497
7.575580489000004
43.86796256099956
46.38938401800033
34.24354896
50.63811198199983
45.69171162400016
38.91588957599924
38.42544296000005
48.34605437800019
45.71648145100107
36.34238771500122
46.30898559600064
49.86044559300035
34.72341378700003
46.92188211099938
42.55905293500109
39.62110100399877
40.00603142000045
48.38018539500035
44.39092236000033
39.64569246000065
47.98716189900051
46.76927196499855
40.51426670700039
35.74741551099987
42.23354673599988
45.06329568699994
36.86200016900011
46.22741999399977
40.08614667699931
41.34131195599912
42.26328075700076
50.64172770600089
45.13422669200099
40.05774816000121
50.50100459000168
35.36906483499843
37.96811129099933
44.23101118299746
41.67418522600019
35.32540629700179
46.10493147200123
37.14239909499975
43.70198611599881
37.89167010399979
27.90506316799929
53.46678233200146
47.35600397399867
43.05576262600061
38.1565497010015
48.36237144000188
42.97011573200052
46.32837607300098
47.5769867020008
32.273491879
44.05576348899999
47.000528559
31.626134374
42.81045488399997
49.16690153299993
29.52462003199975
30.62909022299993
36.6664331640003
28.75806856600025
41.95560294099982
27.43385072500007
23.73417708800014
16.11866665600019
33.12560080400004
32.26207929499969
13.02127016899976
21.92443314399998
19.40185399299958
13.38644369300005
13.61338222400036
9.038707498000122
9.939219254000136
15.26742070200044
16.48133505899955
8.349294609999788
11.20144564100042
7.01112865100049
12.61178492699946
13.76618413200003
13.25343198800033
8.033793425000113
11.37238981399969
9.892775992999987
8.368202767000184
13.4065902960001
9.245084805999795
10.98837866300005
8.544081607000635
16.10905594500105
11.65263596799878
14.23890040500009
11.55880315599961
10.58731715600015
10.13667502900034
10.16182847500113
9.822554335999484
9.328577983999821
12.5745041389996
8.95241681699963
9.12721737999982
12.74661839999908
8.621439086000464
13.12842459700005
7.274651590000303
8.377586598999642
7.098869199999626
8.034010454999134
10.12062177500047
11.32985482299955
10.158023813
11.94385209800021
7.485733739000807
8.399754967000263
15.07401582900002
14.29037743400022
9.185030647000076
10.91737019900029
9.294392270000571
10.92804790700029
12.0660260350005
11.63540664700076
6.246931370999391
12.33495564699933
8.249627806999797
11.33854262699924
12.55424180500086
11.69761054299943
13.37177416899976
7.210764187998848
12.4577606480002
9.65687227700073
28.20280712299927
43.46106608599985
34.60070877499948
40.20092945299984
43.58440006300088
42.77250303399978
32.13193155300178
22.78194255899962
46.35448916500172
39.58656598500147
35.90365993500291
33.5153334459992
32.6124620770006
41.24223301499933
39.17292339099913
39.14108527899953
46.13253389799956
