1.198363496
8.184794604000004
5.895924975
1.489899651999991
7.006821319000011
6.92788047800002
7.786653207000029
5.146008436000045
14.467472386
13.39778746800005
4.717198891000066
8.308484528000008
5.641409306000014
12.41007221099994
7.656448760999979
8.081714311999917
78.32984844999999
18.62292017599998
3.706252789000018
1.649786789000018
8.835017013999959
10.18460380300007
1.997567169999911
11.57487693099984
5.423484041999927
12.13626995100003
13.1618233019999
2.602428220000093
10.45370587900015
4.071550253000169
12.06234607900001
5.079019474000006
9.134683729000017
8.5865674329998
11.56168430000002
80.18748582699982
5.311009796000008
8.734817346
11.32399571399992
6.966409984000165
5.479202178999913
6.314155934000155
17.53168243200025
10.57093937500031
8.20903783499989
2.539100570000301
5.298358144999838
6.46101753999983
5.248630622000292
8.743917543999942
7.257177580999723
22.95910301599997
8.178490121999857
88.00871165900026
3.53021999099974
7.806036657999812
7.68949154999973
80.44533413000045
4.275501495999833
10.44880146499963
4.742444128999978
14.44630467699972
89.02393299699997
7.441479628000252
11.82145800000035
6.761078905999966
8.276064656000017
12.64080660499985
12.01817947000018
12.26189173200009
5.221899292000217
11.37674280700003
7.000141228999382
6.224296331000005
7.297154162999504
4.041641499999969
9.649425297000562
5.596883103999971
4.378435351000007
5.4989493460007
3.19826229499995
4.694005155000013
2.178090372000042
7.315147787000569
3.019381006000003
7.950710895999691
2.24741697599984
5.815941706000558
2.954188622999936
4.515827017000447
71.6649980760003
4.682925511000576
2.262044486000377
5.199749562999386
6.089611924000565
8.158368848000464
2.892023232000611
93.11795097800041
9.493421681000655
1.198876536
4.141977535000002
3.685549584
4.665074627999999
2.175058245000002
4.309670365000017
6.729657957000001
2.562012961999983
4.181659995000018
8.344590808000021
4.946869481000022
5.805407713000022
4.699081662999959
5.264143641000032
8.298836742000049
3.52528574300004
1.561537447999967
8.99331297599997
5.348273876999997
2.135672444000079
1.855276676000017
3.871936591999997
3.96871725099993
3.692052420999971
8.725066948000176
6.46701321799992
7.309724871000071
10.45240660900004
4.313741424999989
4.728481652000028
1.954591991000143
7.303819062000002
9.839259468999899
1.745338185000037
2.132872763000023
2.685758427999872
10.97312075600007
3.821844155999997
9.151354972999798
15.614841501
4.944043645999955
4.465506134000179
3.975477652999871
1.831069845999991
4.186554994999824
6.886135161999846
3.362667321999879
6.067623871000023
10.53942528000016
4.117424138999922
5.257809772999735
11.58533235599998
3.541607707999901
3.124984607999977
9.414361723999718
4.029444927999975
2.5721259930001
4.004697305999798
5.225779985999907
5.480854302000353
2.643853497000237
2.779820712999935
7.509913072000018
7.658143051000025
3.823897263000163
2.285186979999708
1.957722106000347
3.668954906000181
5.247492945999966
1.768835010000203
4.030224393000026
5.488011205000021
1.87369780400013
3.841731336000066
6.62718022099989
5.370166275999964
5.56658360199981
5.603868590999809
2.020549757000026
4.491558286000327
2.070662766000169
3.161122414999681
15.72052408500031
6.894596008000008
3.073142473000189
4.873560913999881
5.064331592000144
3.376499604000401
5.637468929999613
6.844192473000021
5.535795346999748
7.532491696999841
4.17865996799992
3.888267603000259
2.853941431999829
5.320535257000301
11.76650015300038
3.403563792000114
5.874620759000209
1.194996226
3.518974503999999
5.517835435999999
1.248160634000001
11.85618040499998
8.544104822999998
4.226517150000006
15.605593973
1.310239981999985
2.16209265599997
8.889141980000034
2.78256199599997
4.12122531
6.746826258000056
5.866454011999963
6.465975917000037
3.980903022999996
8.627878500999941
1.850210349000008
11.93341120799994
3.21190040800002
6.426928640000028
3.153168455000014
3.763198112000055
10.31856878899998
4.139950327999941
2.492175105000115
9.571272668999882
4.550410822000003
8.595439255999963
5.35475196099992
3.690955841999994
3.192279334999967
2.86078443800011
5.135790645000043
8.511061537999922
4.925365058000125
8.915258365999989
3.453973087000122
10.65293498400001
5.139896818000125
4.21133607999991
5.121199839000155
5.065951554000094
4.086286642999994
3.01999825200005
4.147880154999939
3.086785023999937
3.758617211000001
1.891195316999983
6.078514622000057
3.232548073999851
2.845156801999792
2.185198831000207
8.089902710999922
2.208056306000344
4.4277686180003
2.397507476999635
4.24650008899971
3.991124783999567
2.676385870000104
7.056808131999787
2.461538967999786
4.123248827000225
4.593698544999825
4.072512784000082
2.36834169399981
6.756779123999877
2.615218523000294
4.202143559999968
3.191002554000079
2.117705797999861
2.282041173999914
2.950104465000095
10.51332901499973
16.19957211399969
2.465819363999799
2.811839956000313
3.661017268000251
9.990460672999689
4.39750297799992
3.933130586999596
1.199964337
17.623431032
9.444928584000024
30.78988653499999
9.037373700999979
11.95060682100001
74.75379973500003
72.40576823399999
77.22679689000006
89.68879485299999
85.46301910000011
10.33083878400021
25.41834579600004
18.02359534100015
13.93379529100002
13.95604086499998
21.82639253000002
10.22089967900001
18.21487016000015
7.817134477000081
16.31844908800031
17.19209540300017
19.84760018499992
3.425327455000115
14.06392524900002
11.97476839499996
16.97713917700003
16.0701502310003
20.45795999099983
22.31932247400027
4.188082587000281
26.4596541359997
14.0228940840002
25.17196469200007
8.723086684000009
15.64678560399989
17.88518494499976
24.52438035700015
16.18189172599978
13.2950316649999
28.34983228100009
9.718921409999894
13.96713776300021
5.447486914999899
15.69671567899968
4.475005075999434
11.58310990999962
13.23621470599937
20.93965496599958
32.13123761400038
24.81785022999975
15.99734524700034
33.34312808599952
15.60433122199993
14.61985713800004
9.82000098699973
4.239722072999939
14.42165563300023
15.93044673900022
10.21451805699962
13.52217534899955
90.50103399599993
21.39893703599955
7.422738466000737
20.98516955399919
16.31759796299957
13.91970650999974
12.62432762000026
15.44191831399985
10.67460827299965
23.87014314800035
13.82480232799935
6.511223305000385
10.46343102999981
3.525810455999817
16.20874385600018
13.53575157400064
8.512685189999502
9.058245553000233
7.443708859999788
49.69171887599987
4.667686300999776
14.91137546699974
9.967709259000003
8.461436858000525
7.208729003999906
9.697735634999844
9.979500628000096
5.422471344000769
9.220242262000284
6.818755055000111
3.274929633000284
4.012915227000121
9.667139635999774
2.825557251999271
10.05075459
1.834452291999696
3.067351800998949
9.757196968999779
1.202826335
5.208905338000001
8.125617262999995
4.210668995000006
3.466893063000001
4.68484874699999
2.957653787999988
4.825439141000004
5.452639529999971
3.237679560999993
7.730415099999959
5.976765668999974
5.512934624000025
3.958643825000024
3.678158060999976
2.235798505999981
9.395869721000054
2.623044911999955
5.040260491000026
5.160563433000107
7.359199428000011
3.905531377999978
5.315293105999899
7.858115012999974
4.440234947000022
5.479249338999921
6.098501579000072
4.641648782999937
4.661755294000045
5.335952331000044
1.910168244000033
3.479648907999945
5.383552436999935
4.983428494999998
4.817694574999905
2.41931329099998
5.216219602000137
10.93142496700011
1.77649426999983
7.907409371000085
9.275103327000124
7.29750783999998
4.756594483000072
9.863873120000108
83.447738114
6.488579009999967
6.980192866000152
4.24086446199999
9.61813621500005
3.6996118510001
5.647682874000111
8.489533463999805
1.498957597000071
2.365157388999933
12.0875110190002
6.319029130999752
5.277495922000071
1.830787376999979
8.695951805999812
4.384374961000049
3.623511220000182
5.3796607270001
2.625704930000211
6.249502446999941
3.248560812999585
5.848058224999932
4.906075636999958
8.110226693000186
5.885221109000213
5.532799550000163
10.80804150799986
17.50456920199986
21.51060668899981
6.049463561999801
11.61412844300003
13.78861336499995
107.1924838700002
42.56601878200036
16.32316641099987
21.58424030100014
14.87030160399991
13.62917162299982
23.72880804799979
17.13373159000002
38.54233298100007
9.654560279999714
6.095973671000138
13.2027354869997
27.49972836100005
14.07930678100001
6.16876301100001
29.58108127800006
9.648701547000201
18.69526652399963
23.0148422960001
16.79098085899932
6.067435015000228
19.24526863200026
9.981496082999911
