22.313609595
44.271953244
32.33939977999999
49.167121009
28.45540913299999
50.17090811400001
21.52804575500005
48.85484412900001
58.47759418800001
51.08981398599997
51.05596001699996
26.98672200100009
42.37341652600003
27.19040294800004
46.56635937699991
33.57055521999996
31.23706931900006
26.434604208
60.00796614199999
39.09496789699983
24.84911269600002
59.72024281599988
23.94915194800001
52.22390252100013
21.01886423400015
47.56823861299995
24.62560780400008
53.29104816199992
23.41730035900014
55.09684365599992
29.07757978299992
55.50525585299988
28.256208109
47.95358672199995
28.10118234900006
35.51444693799999
45.39002289099994
29.24371135299998
50.70799880200002
27.15990791700006
55.73205150400008
28.44417788500004
39.972975959
20.97235940300015
50.76052080999989
35.79202930899964
57.22873571800028
57.86659562600016
60.18637940899998
45.45555429500018
48.18934400499984
59.51018248999981
26.05995949499993
13.15473521300009
27.08459981200031
37.27294075700001
31.54015875300001
14.76579847000039
28.36419768999986
56.85627995799996
33.21105403199999
27.30653638100011
27.86431642499974
53.79294290500002
50.93092535999995
52.95901367799979
50.1526233059999
52.8935158889999
53.72364827499996
47.46939326900019
45.33774247500014
50.05202525500044
54.41020625600049
27.43128764299945
36.18547588599995
24.15131971399933
22.82589710499997
38.41999786700035
32.96952935799982
35.56265430399981
27.7657792709997
24.5989602970003
37.29297020200011
34.15513750900027
21.43454177000058
35.41937244400015
34.46449397099968
33.52650207700026
19.58925832900059
36.9572795590002
33.64735823899991
19.96713400000044
35.33162948999961
29.9496231840003
23.97330250499999
24.62229408000076
30.78875946400058
48.07671669499996
22.0230033480002
35.274747805
32.1506192
30.471129099
38.29175546799999
38.89099847699998
33.23356609400003
35.13292042
38.605319619
32.14215921599998
33.0396925
37.77365211699998
32.99211825799995
35.35022746599992
31.3043956109999
36.47732174399994
38.27464493800005
33.07478179499992
30.42896386099994
37.21991592299992
37.477388152
33.86719117600001
35.54498385900001
38.84403409599997
33.85756894999997
34.73389509399999
34.07558834499991
30.25490097900001
35.88028785200004
36.1292494490001
38.28970275500001
33.04908229600005
32.06808367300005
33.03059338799994
39.32397853599991
36.58470487699992
28.73635984799989
34.16402085100003
37.89322755300009
28.45669367300002
28.37355073599997
35.49836272400012
33.76227743699997
33.86822523499995
39.53943736299993
29.40078776099995
31.79322329799993
35.12790260599991
28.01719193700001
30.07126072200003
34.84549164000009
29.59508544799974
35.31462846600016
36.83034944400015
34.57631832300012
29.70711060000031
29.7092147139997
32.06213793000006
28.8069498939999
31.83018875400012
30.0412855239997
29.81512548599994
25.15798933999986
25.93476303000034
27.17054060499959
28.94058626600008
28.7302686830003
26.05369980399973
27.04145514799984
29.40177065399985
28.87214530499978
26.43225362600015
30.54743364899969
29.23688063700001
25.55111292999982
26.22702347299992
27.81613515499976
27.21505653199983
32.97394343399992
28.22705749400029
27.92700508799999
17.46016525799996
35.93566012599968
59.01862396000024
29.70832057600001
24.84588050599996
31.68555316099992
28.66590737700017
28.3872863900001
31.85098490200016
24.35621496300018
32.8221992179997
31.57356082600018
24.78455845799999
31.07590311399963
33.18089427199993
27.99542818300006
28.13428821299976
30.71578971600002
27.72680993099993
30.681804023
25.35748442400001
34.410975679
30.91000665800001
29.585382654
33.070961611
26.52720152699999
29.66995984900001
40.16092347199998
29.65165614200004
30.15066532599997
30.68118177100001
25.43191632300005
35.21168867599999
27.59936978899998
33.43935050899995
31.69206761700002
25.96509990699997
31.68697458600002
25.03243347300008
34.80067781499997
24.17485635599996
39.53883482900005
29.74368125900003
25.59718912199992
40.80686951999996
25.32831836399987
37.05435758399994
27.81195505799997
30.50521079199984
37.41901480700017
29.4138375120001
31.43178001199999
35.6664894349999
26.22272331399995
33.49121902700017
25.43320559299991
34.23903398699986
29.78111223799988
29.90214233300003
35.34831964499995
26.41464672400002
25.86297297100009
25.84312985099996
27.17937683799983
22.76703341500001
26.42422030900002
25.27997983
28.13132588000008
24.35642428699998
22.80055874000004
26.33733910000001
26.96656722099988
24.09073207699998
23.87289836299988
25.64878065900029
26.19666194000001
23.25275811900019
27.41109633799988
26.24117054299995
22.56878140500021
22.29700462100027
25.59036092300039
25.18657331199984
22.59813479500008
24.83536990499988
16.93351006899957
59.38881653399994
44.47702182300009
28.43880934400022
27.99161247700022
22.85636894599975
32.8375288379998
29.906677081
28.36908799699995
27.81588249900005
34.74965085300028
31.50135593100003
27.20753884500027
32.90607175600007
29.13920850300019
59.407002622
61.994494785
58.19140392
65.599549782
68.08441752200002
72.23033872600001
67.692403958
69.35757228199998
68.57759952200001
77.2394919379999
58.62901508000004
66.46141877800005
63.93385227099998
69.79460955600007
63.71892970799991
65.16965678699989
61.81081650600004
60.39282759699995
64.85431132799999
59.83883552600014
56.00695623399997
53.37303490900013
56.13341677800008
59.98651095900004
59.68878972099992
65.10542997999983
65.78848563199972
65.8034319379999
61.08294961000001
76.52915861400015
64.54147797199994
63.88173825900003
60.73195874200019
62.15094451699997
58.52716158699968
59.1783704960003
63.95021268400023
63.95526255300001
63.00236857599975
64.91914980700039
66.34243785600029
69.53080104799983
74.9608608970002
63.06880096400027
68.10419793700021
68.98340683999959
66.68241211099939
72.13612540400027
56.43364552000003
68.13578779100044
63.42461306000041
62.50410834600007
73.65966177599967
74.7035798980005
75.56194562199926
77.4634327370004
76.64250056899982
74.07617439400019
73.15031478199944
72.28753615599999
76.6157741320003
67.91329587199925
74.99297881700022
68.05482462700002
62.96509774500009
75.10089187599988
70.57802881299995
73.33413848199962
64.5940344290002
61.50344062000022
64.07238129100006
61.38050152899996
63.3306561749996
76.58463098000084
65.55257386199992
67.75362157500058
54.03057986499971
64.00073912000062
55.13306166899929
51.460245536
58.64882170599958
48.39871983899957
48.86902438700054
42.40871657800017
40.59988318700016
37.33852639199995
37.55425384899991
36.4249710869999
32.0538846419995
71.82542104000004
28.81581973500033
28.77761930500037
27.84050633800052
29.01230326599944
24.56554082199909
29.24936805699872
30.06979370000045
28.95306254699972
25.0349962399996
25.117419798
21.936008531
23.397799889
29.378753604
25.343953739
23.234804346
23.87130667599999
29.36017098900001
35.743507389
24.431884072
25.505129969
29.15857920299999
26.516760197
29.21121306399999
30.64311877699998
28.390498874
28.01190381099991
30.66869183999995
33.88544565400002
24.53515010000001
30.96195119000004
29.58718677299998
29.22523612100008
25.53887015200007
30.425457059
27.7207756329999
27.92611687800002
25.59772168000006
31.41976652200003
31.55894566299992
25.57351210100001
25.75092636199997
32.86137878600016
30.84702382499995
22.34353715100019
24.20456234599988
19.67284505399994
23.16892988300015
31.73967649600013
34.32658277500013
37.56218738199982
39.41381551100017
34.82690308799988
46.61355791999995
23.86126962399999
25.46750737499997
29.27588187100014
24.98256188100004
21.92675717800012
25.77033956800005
22.76783957899988
29.22453106600005
30.74860970300006
28.86716724000007
23.9638859209997
30.37668961300005
28.15911253100012
22.66955667599996
30.79248314100005
30.62400496400005
30.00759992399981
28.14150759899985
26.05443352500015
31.74001227700001
35.27980569800002
29.1586368180001
23.14649430999998
27.90735290300017
28.78467050799964
23.20405068700029
29.16596302900007
60.17756663799992
70.68434400200022
62.09421721799981
64.92011512399995
103.1344530250003
81.49781618599991
61.42116105600007
65.96280691799984
63.641842817
71.49390370799983
59.39524468599984
60.47014248100004
62.17191851600001
48.60256880099996
56.15284359799989
65.51871276099973
57.4798917449998
72.42303634600012
64.6625488539994
62.11586342299961
56.68359895799949
58.53980849100026
58.44075013400015
60.16462957400017
61.47768755200013
53.03706737999983
64.74585163699976
61.34552872400036
