10.961520922
17.763957569
15.38190147399999
17.46279874800001
16.49063429699999
18.32858258200002
20.24501550600002
24.09052250199998
20.63788088000001
18.28170083400005
22.44360039900005
16.95055281400005
19.36891696000009
22.95561061999999
38.20515547899999
55.43823223600003
64.05357368399999
61.18854211700005
45.71281640100008
56.90464891800013
60.64078915699986
62.23237953100022
71.92994623900017
64.53492378500005
69.18034208700055
52.69204108200051
59.90677243300047
53.73474611899996
60.74508561999983
54.39705278400038
62.53441990999863
54.82807689099945
72.77693245599949
63.76686420600026
71.50818106500083
70.89100228699954
55.44708170499916
64.57750712699999
73.77146185499987
64.05243883000048
68.31153929300035
60.72517127900028
55.34598248900011
60.41616779200103
61.91091103899953
63.84567667400142
60.27715929700116
58.2895703310005
57.38182378599868
74.19050690399945
64.43806029500047
46.9917015559995
47.44500942800096
61.90513478100092
69.27560709400041
69.9124971579995
70.66795848299898
74.54359236699838
51.898563560002
56.98896021500059
49.81929794999814
55.73060263699972
64.44138766000015
69.81474229200194
70.71999080399928
79.43300124899997
66.18922060399836
62.7321769250002
53.90843081199819
73.17673432000265
66.03829159500037
81.38620167299996
80.20678107200183
83.3137143139993
77.62234499699844
66.07525157200052
77.47044494200236
67.74322160100201
68.77164457999743
76.07613268300156
79.89427190300012
74.80416605700339
60.59001499099759
69.06350030299836
82.73784317399623
78.81088641100541
78.61609328999839
67.65429482499894
78.10957177600176
75.66771338700164
76.56579379399955
74.1384227879953
77.58862907500225
84.38486685100361
