17.822322459
23.668216703
16.591505726
25.247336633
20.39602152200001
25.963081757
20.58143146099999
25.81289657100001
30.17392399099998
21.95211326999998
30.957658025
30.28822190800003
22.44749233799996
30.807192902
28.438292918
17.88618917599996
31.84758111999997
18.24394574399992
101.7476882780001
37.32327298300004
21.18838795600004
51.38439568199999
24.83812239600002
51.88327717800007
22.30009475600002
50.87219810700003
29.75025251900001
30.27907837499993
52.40885228000002
56.01451172800012
45.26884127500011
51.42002281700002
23.07089088399994
48.12770881100005
25.05395684600012
50.02562581899997
27.19444716200019
40.22436897699981
23.77994224899999
55.115251253
40.02416743999993
23.49606603999996
61.01541733099998
23.8177657220001
48.59945954299997
23.74254545399981
54.7939311340001
27.32191509399991
40.1931093889998
43.17299439699991
36.85847578099992
41.26346624200005
31.38980221400016
49.39281138000024
33.076936725
44.31735872800027
25.17380375599987
33.29551032000018
47.29081339200002
29.85557982599994
52.61353522299987
28.07090245099971
56.25737419899997
25.85873419100017
45.48837636200005
25.39414441700001
39.3967770119998
25.951735783
47.97278824900013
57.46585168399997
64.37197914900025
50.80451374999984
45.54808556200032
53.90117654799997
48.17114642100023
28.99847954799998
31.53119700199977
32.05631601100004
27.67060200199967
31.58800578099999
16.3324561430004
52.45214647600005
28.24594086100024
30.47022539600039
19.69320886300011
15.50561009600005
38.29039170600026
47.69155309300004
54.78734677100056
55.10178700000051
59.7173005500008
50.23201229900042
50.55391060700003
53.76621383299971
51.51890894900043
40.91200797800047
51.32230191899998
58.02652143599971
19.08166515699941
42.444630127
35.74308253899999
39.87366580600001
37.344378414
43.47831866600001
37.122803221
37.75248680599998
39.67276084299999
36.36673365500002
39.40021505999999
33.42733551599997
42.55913211900003
36.80082411799992
36.66111788699993
36.64030803799994
42.34315606600001
39.50486144599995
38.29349789799994
40.10988189699992
38.62649828099995
38.804636652
38.52743251300001
43.20613183900002
41.68276833699997
29.40624008400005
24.53936885999997
26.47624779800003
25.36420742900009
24.95634917799998
34.67510190999997
33.51061830499998
36.48361942999986
36.63575047299992
36.93355137200001
34.31959203400015
34.12755907299993
35.72207845699995
31.927016998
29.27482093999993
24.30281680100006
64.34385324799996
90.23233430699997
31.897158773
33.597885593
37.250503278
33.78604435600005
34.69211557599988
33.51686815400012
34.86457367100002
25.571032629
30.74056621900036
35.1530192780001
31.27819851200002
38.45482654199986
34.19934437600023
32.38600475599969
31.27210542600005
38.41799686900004
39.0670756329996
33.75898933300005
31.05789266400006
38.20464452200031
38.1348632889999
35.1719739680002
34.8967224109997
38.75758101200017
34.40808530300001
36.53878146399984
34.37721212299994
32.52478949800025
35.79447682099999
37.11518222999985
38.722232308
34.11458944600008
32.57397401299977
35.62464186999978
39.79312824099998
38.20589617099995
30.44148826799983
35.77851741099994
39.38038527199978
30.97873886600019
34.09537272300031
32.36587739699962
30.32939369899987
40.92159905000017
27.28945439200015
31.59881606599993
38.02189539899973
27.29496240800017
29.026585866
27.58016847700037
28.4810777560001
33.46146202799991
32.83652982600006
25.56544314299981
32.10904527900038
34.02011890700032
29.90006329800053
25.408056815
21.583399796
27.90312495599999
24.389774082
24.230979187
28.41780806400001
26.115174889
24.992679264
28.250304013
29.460682878
28.95365815700001
28.23378851799998
33.10086856000004
25.21877910300003
26.87281549300002
28.57893257900002
25.16889053099999
34.01018717000011
27.54784859900008
29.79787236300001
26.98279664400002
23.77103045900003
29.94320810099998
23.30146365400003
30.05536938500006
19.98165780600004
25.95951197699992
22.69805770099993
25.57982464899999
22.53573582199999
24.02913543599993
25.84176070899991
23.25973080499989
25.01920398800007
25.44393017599987
22.87469787500004
23.34110612299992
25.88069458399991
22.68559887200013
25.9067477210001
25.49197827900002
22.52105914399999
24.51911348199997
26.47446342700005
23.37713689900011
24.73790849800002
25.91150080199986
25.66526610400001
22.09386906000009
25.08927631300003
26.24245565899992
22.64264577999984
24.52871762599989
16.50843975299995
26.044840067
88.68785958300009
22.71772936799994
25.24587304399984
25.24412657499988
33.690981405
32.6311001439999
30.12069105399996
32.99995179700022
27.74187360199994
30.51507526399973
40.72754716099962
30.20766630300022
32.76408439199986
27.87279912700023
33.80933833899962
28.67414761400005
25.34665180599995
37.42388753600017
25.28268223500027
35.23567429900004
28.33611494600018
38.00737981600014
30.67862498600016
26.92045692300007
30.59092303999978
30.82808175299988
32.56747841499964
22.65418399400005
36.58913458100005
24.18714514400017
36.99967875899983
28.73868191100019
31.30135385099993
38.23180351799965
29.8879680670002
31.99846912699968
36.36827947300026
26.83355672699963
36.88302704700027
27.1495757900002
35.71871260700027
30.53687361899983
31.72783501599997
36.96426761999965
