0.463339388
2.222037948999997
1.693801117
3.371025064999998
78.112962048
1.18283083899999
4.963610714999987
2.979464156000006
2.471949718000019
2.574440879999997
1.006842328999994
1.180273852000028
0.8643015249999735
1.641356581000025
2.728394794999986
3.168032522000033
0.5350142300000016
1.684849275000033
20.52894209099998
28.69412314700003
0.8312369440000111
5.323026791999951
5.211450876999947
3.58732286399993
11.98148891599999
6.463183294000032
11.07066331299984
1.608681263000108
7.48894322000001
14.10835716500014
9.750693549999824
10.84518560499987
0.6575628929999766
1.140863257000092
4.331913928000176
5.868174471999964
2.043653644000187
85.07983519800018
0.8910093140000299
6.286564044999977
11.37227125800018
0.8591943579999679
11.55841778400008
1.440884317000155
6.00389367799994
17.83141407099993
3.19502183800023
3.532713946000058
1.218584445000033
4.119916001999627
0.9437794679997751
4.025077996000164
1.365657370000008
13.03695691300027
5.914628028999687
7.076017994999802
6.877157328000067
83.74141697600044
1.286067314999855
4.853524465000191
5.826863549000336
5.842230614999607
3.682651654999972
0.9899250999997093
15.13557287599997
8.592559533999975
3.547401748000084
23.25250136900013
1.464450276999742
17.46746071500002
7.410290949000228
4.46282716900032
4.513397499000348
7.664372313000058
7.631270572000176
3.48736438800006
3.112170645999868
89.81828166900004
15.36044268299975
9.301370017999943
2.155553728000086
92.16773688400008
1.329859151000164
18.38578052699995
6.525249823999729
1.46707936599978
5.221787970999685
2.250085649000539
2.608644705000188
8.112551495999469
11.16585698699964
4.837943199999245
8.404557759999989
8.317095213999892
6.15180564900038
5.455412170000272
10.82066962300087
11.05674247999923
2.45568796399948
0.461314267
4.594546937000004
2.841850747999999
2.111876671000005
3.337456596999999
0.8116904999999974
0.9056125719999955
2.039644182000018
3.388477043000023
2.507930391000002
4.777592999999968
4.967718591999983
2.286880560999975
2.18785362899996
0.6185452789999317
3.76459609799997
2.54264930599993
4.659109316000013
2.272534134000011
6.707045531999938
2.003202324999961
3.743738622000023
3.164256574999968
1.711893898999961
3.774869788999922
2.605676761000041
3.237616810999953
1.561307321999948
2.778604991999828
4.588989715000025
5.14900445000012
1.833361172999957
4.702136007999798
2.255327540000053
2.12386374200014
4.940839065000091
1.212978524000164
3.03006935999997
3.523042185999884
2.714633036999885
4.487248283000099
7.740166702000124
3.128211981000049
4.512941933000093
3.779252425000095
1.692191007000019
5.277785350000158
1.353706561000081
4.180051450000065
5.154155931999867
12.17279385999973
8.229615143000046
2.699566397000126
2.124750749000214
4.290560001999893
1.088634199999888
4.972331870000289
8.471641501000249
2.899902294000185
0.8671843160000208
8.395832306000102
4.681635009999809
2.265804904000106
4.323553797999921
2.519823781000014
4.339129680000042
4.061908272999972
6.88813004199983
7.760284866999882
7.228986596000141
3.218599218000236
4.092640215000301
3.585478316999797
3.62445962799984
6.814660344999993
2.825592671999857
3.35212116799994
1.552172650999637
0.6279741369999101
4.848967134999839
1.301943335000033
1.168208270000378
3.761515228999997
4.487826390000009
7.177376598999672
1.807614976999957
1.795158111000092
6.455645580999771
3.404269769000166
1.544174057999953
2.103962442000011
3.526876462000018
6.435027859000002
1.260710778999965
8.035630257000321
7.502738798000337
9.293366869999772
6.191297264999776
3.413072823000221
0.481768193
4.715771604
1.588200000000001
3.490037188000002
1.615107061999993
6.699724005000007
2.528472407999999
5.763007213000009
2.986548287999994
3.737971235999964
2.476132259999986
3.122005567999963
1.67785625800002
2.951966832000039
2.869649289999984
3.189486418999991
1.286602925000011
1.917142573000092
1.635954593999941
1.404727741999977
1.183913381000025
8.503044303000024
3.563425502000086
3.698318567000001
6.722570682999958
0.6106643579998945
3.050767182999948
2.792573968000056
4.204415514000061
0.8864178189999166
0.9879155129999617
1.131415215999937
2.30180604300017
2.531107556999814
3.131688808000035
2.304884665999907
1.734848005999993
3.159406497000191
0.854011410999874
2.840965499000049
1.693361991000074
1.698767921999888
1.814089592999835
3.566969427000004
1.13859112099999
1.651090392000015
2.966785006000009
1.347179021000102
1.682306644999926
3.221507301999964
1.545983458999899
2.402466148999792
0.7676056900002095
2.145237998000084
1.26902969899993
40.13881990599998
1.240145589999884
1.95016675099987
1.441165344000183
3.601488948999986
3.853706964000139
9.436815253000077
2.190586328999871
4.381791192000037
4.716701410000042
0.7710579059998963
1.752304682999693
4.511583169000005
3.767590762000054
4.726226727999801
1.374303465000139
9.122940551999818
1.748860397000044
1.511758226999973
3.37445382199985
0.787301099999695
4.063150886999665
2.906142767999881
5.294323994000024
2.560860724999657
4.475694432000182
2.182642950000172
4.139366546000019
8.746714568999778
2.931734533000053
1.361537703999602
3.581835620999755
4.081117325999912
1.432567046000258
0.9108473220003361
2.354149670999959
1.64986954799997
4.302982774000156
4.365563462999944
0.5796287660000417
2.601889388000018
0.8994636610000271
8.224114018999899
1.453459465999913
