0.03722882270812988
0.004987955093383789
0.005073070526123047
0.01666951179504395
0.001092433929443359
0.001165390014648438
7.009506225585938e-05
7.414817810058594e-05
0.003188133239746094
0.001756906509399414
8.368492126464844e-05
6.437301635742188e-05
0.0004281997680664062
0.0001888275146484375
0.006615638732910156
7.605552673339844e-05
0.008924007415771484
8.988380432128906e-05
8.106231689453125e-05
0.0001201629638671875
0.007891654968261719
9.489059448242188e-05
7.939338684082031e-05
0.00653076171875
0.02048921585083008
8.511543273925781e-05
0.00986027717590332
0.02579569816589355
0.003881454467773438
0.002026796340942383
0.001179218292236328
0.009270668029785156
0.002488374710083008
0.008523225784301758
0.003186702728271484
0.02753400802612305
0.0001654624938964844
7.796287536621094e-05
8.20159912109375e-05
0.01331090927124023
0.001085996627807617
0.009047031402587891
8.916854858398438e-05
8.392333984375e-05
8.320808410644531e-05
0.0484611988067627
8.296966552734375e-05
7.367134094238281e-05
0.00621342658996582
7.009506225585938e-05
0.0001661777496337891
8.797645568847656e-05
7.176399230957031e-05
8.273124694824219e-05
0.004889488220214844
0.001346111297607422
9.72747802734375e-05
0.0005409717559814453
0.01835346221923828
8.130073547363281e-05
7.62939453125e-05
7.62939453125e-05
0.0200343132019043
0.003625392913818359
8.630752563476562e-05
0.009659051895141602
0.003695011138916016
7.700920104980469e-05
0.01320266723632812
0.02411603927612305
0.01462078094482422
0.007870912551879883
7.271766662597656e-05
9.012222290039062e-05
0.006055116653442383
7.152557373046875e-05
0.006900787353515625
0.01366186141967773
7.486343383789062e-05
7.748603820800781e-05
0.001996994018554688
7.653236389160156e-05
0.01498866081237793
8.106231689453125e-05
8.177757263183594e-05
0.003846645355224609
7.581710815429688e-05
0.01910591125488281
0.07799196243286133
0.02328920364379883
7.319450378417969e-05
7.724761962890625e-05
9.059906005859375e-05
7.700920104980469e-05
0.002046108245849609
7.200241088867188e-05
7.319450378417969e-05
6.794929504394531e-05
0.01049208641052246
7.700920104980469e-05
0.004203081130981445
0.007340908050537109
0.004926443099975586
8.511543273925781e-05
8.535385131835938e-05
0.00124049186706543
9.870529174804688e-05
0.01241111755371094
0.0001087188720703125
7.605552673339844e-05
0.002485513687133789
0.006885528564453125
0.009930133819580078
0.01118612289428711
0.007953166961669922
9.274482727050781e-05
7.224082946777344e-05
0.009234905242919922
9.393692016601562e-05
0.01256513595581055
0.0003705024719238281
0.0006058216094970703
0.0001595020294189453
0.01446104049682617
0.03021597862243652
0.003104925155639648
0.0007042884826660156
9.417533874511719e-05
8.916854858398438e-05
0.0001809597015380859
0.01286911964416504
0.09662795066833496
8.225440979003906e-05
9.655952453613281e-05
0.0001268386840820312
0.0009779930114746094
0.0008394718170166016
2.915932893753052
0.001584768295288086
0.0001223087310791016
8.440017700195312e-05
8.487701416015625e-05
7.390975952148438e-05
7.915496826171875e-05
7.82012939453125e-05
9.918212890625e-05
8.368492126464844e-05
0.01413059234619141
0.01472306251525879
9.441375732421875e-05
9.131431579589844e-05
8.893013000488281e-05
7.414817810058594e-05
0.01658844947814941
8.893013000488281e-05
9.608268737792969e-05
0.004873991012573242
0.004728078842163086
0.01667904853820801
0.01314306259155273
7.677078247070312e-05
7.987022399902344e-05
8.487701416015625e-05
9.560585021972656e-05
0.001141071319580078
0.02178478240966797
9.417533874511719e-05
0.0001599788665771484
0.0001363754272460938
0.009964466094970703
0.006395816802978516
8.0108642578125e-05
0.0001015663146972656
0.005577802658081055
0.0131220817565918
0.0003428459167480469
8.296966552734375e-05
0.005775690078735352
0.09140682220458984
0.03783154487609863
0.008166074752807617
0.01019001007080078
0.003113985061645508
0.02251362800598145
0.02682805061340332
9.703636169433594e-05
9.775161743164062e-05
0.001929044723510742
9.34600830078125e-05
9.250640869140625e-05
7.462501525878906e-05
0.01358270645141602
8.58306884765625e-05
0.002911806106567383
0.0005636215209960938
0.06723618507385254
0.008195877075195312
7.748603820800781e-05
1.444188117980957
0.001991510391235352
8.535385131835938e-05
0.01521921157836914
0.01845383644104004
7.605552673339844e-05
9.560585021972656e-05
0.00342869758605957
0.009283304214477539
9.560585021972656e-05
0.007423639297485352
0.08940887451171875
0.008909940719604492
7.700920104980469e-05
0.009825229644775391
0.01295566558837891
0.002485036849975586
0.04569029808044434
0.0320591926574707
8.082389831542969e-05
9.298324584960938e-05
0.006080150604248047
0.04209446907043457
0.003602266311645508
0.001322746276855469
0.001060247421264648
7.891654968261719e-05
7.772445678710938e-05
0.009744882583618164
0.02729511260986328
0.000453948974609375
0.0003616809844970703
0.0002200603485107422
8.440017700195312e-05
8.463859558105469e-05
8.58306884765625e-05
8.130073547363281e-05
0.009642124176025391
7.510185241699219e-05
0.005654573440551758
0.001139163970947266
0.01205563545227051
0.0001120567321777344
0.0001914501190185547
7.867813110351562e-05
7.605552673339844e-05
7.963180541992188e-05
7.200241088867188e-05
8.368492126464844e-05
0.0280148983001709
0.02991819381713867
7.62939453125e-05
0.0131525993347168
7.581710815429688e-05
0.002339839935302734
0.09309291839599609
0.005122900009155273
0.01927924156188965
7.414817810058594e-05
7.510185241699219e-05
9.72747802734375e-05
9.703636169433594e-05
0.02636313438415527
7.843971252441406e-05
6.67572021484375e-05
0.01698088645935059
0.0197298526763916
0.01188111305236816
7.724761962890625e-05
0.009146928787231445
0.008913516998291016
0.01328396797180176
0.009305477142333984
0.005932807922363281
7.724761962890625e-05
0.01136422157287598
8.368492126464844e-05
0.01963305473327637
0.002843856811523438
0.004720211029052734
0.02002263069152832
7.843971252441406e-05
7.867813110351562e-05
0.0009772777557373047
7.915496826171875e-05
0.01839184761047363
8.106231689453125e-05
0.0002760887145996094
0.004279136657714844
0.00574803352355957
8.630752563476562e-05
7.390975952148438e-05
7.581710815429688e-05
7.724761962890625e-05
0.001711845397949219
0.01500129699707031
9.226799011230469e-05
8.58306884765625e-05
0.03988218307495117
0.00762629508972168
0.007455110549926758
0.03763580322265625
0.001934528350830078
8.177757263183594e-05
7.915496826171875e-05
7.891654968261719e-05
8.153915405273438e-05
7.319450378417969e-05
0.003502368927001953
0.00338435173034668
0.01595067977905273
0.04245901107788086
7.724761962890625e-05
0.03801918029785156
0.003820419311523438
0.008934736251831055
0.01444411277770996
0.3468701839447021
0.01424312591552734
0.0006608963012695312
7.414817810058594e-05
8.20159912109375e-05
0.00466609001159668
0.005918502807617188
9.655952453613281e-05
9.369850158691406e-05
0.0191340446472168
0.0001883506774902344
0.01069402694702148
0.009885787963867188
0.005424976348876953
7.796287536621094e-05
0.01627087593078613
0.1149108409881592
0.001772165298461914
0.01749539375305176
8.273124694824219e-05
0.005911350250244141
0.03271913528442383
0.003407001495361328
8.630752563476562e-05
0.02423858642578125
0.01975703239440918
7.677078247070312e-05
7.271766662597656e-05
8.440017700195312e-05
0.01150870323181152
7.915496826171875e-05
7.891654968261719e-05
0.2162055969238281
9.489059448242188e-05
7.581710815429688e-05
0.003641366958618164
7.796287536621094e-05
0.006927251815795898
0.0372779369354248
0.0001423358917236328
6.556510925292969e-05
7.963180541992188e-05
7.82012939453125e-05
0.02077937126159668
0.005595207214355469
0.03860259056091309
8.225440979003906e-05
8.440017700195312e-05
0.0001077651977539062
0.005713701248168945
0.04100227355957031
7.390975952148438e-05
8.106231689453125e-05
0.04775786399841309
0.009019851684570312
0.02082562446594238
8.606910705566406e-05
0.002338886260986328
9.5367431640625e-05
6.985664367675781e-05
0.1868152618408203
0.004728794097900391
7.414817810058594e-05
6.914138793945312e-05
0.005896329879760742
8.106231689453125e-05
7.319450378417969e-05
0.01689839363098145
8.654594421386719e-05
0.001486063003540039
0.005705833435058594
0.01712226867675781
0.01721715927124023
0.03429031372070312
8.916854858398438e-05
0.03329873085021973
0.004334449768066406
0.01553821563720703
8.797645568847656e-05
0.01452517509460449
0.0007386207580566406
0.001420021057128906
8.082389831542969e-05
0.01417064666748047
0.03832793235778809
0.001160144805908203
0.0001006126403808594
7.915496826171875e-05
0.005418062210083008
0.01469326019287109
7.62939453125e-05
8.678436279296875e-05
7.009506225585938e-05
7.605552673339844e-05
7.987022399902344e-05
0.03915548324584961
8.177757263183594e-05
7.534027099609375e-05
7.367134094238281e-05
0.0001087188720703125
7.367134094238281e-05
0.0001418590545654297
0.002559661865234375
0.002456426620483398
0.006962776184082031
7.605552673339844e-05
9.107589721679688e-05
0.01468372344970703
9.012222290039062e-05
0.005310535430908203
0.01429557800292969
0.004882335662841797
9.274482727050781e-05
9.274482727050781e-05
0.007742881774902344
0.03209495544433594
0.003314495086669922
0.02838301658630371
0.04598093032836914
0.0306849479675293
0.002187967300415039
6.651878356933594e-05
6.914138793945312e-05
7.462501525878906e-05
0.000125885009765625
0.01701474189758301
8.702278137207031e-05
0.001767396926879883
8.344650268554688e-05
0.0007293224334716797
0.01048994064331055
0.007288217544555664
9.72747802734375e-05
0.0008461475372314453
0.03900551795959473
0.001152753829956055
0.008538961410522461
9.560585021972656e-05
8.869171142578125e-05
0.06708860397338867
0.0006091594696044922
0.05887889862060547
0.0001034736633300781
8.487701416015625e-05
7.414817810058594e-05
9.870529174804688e-05
0.005641937255859375
0.0001358985900878906
0.001470804214477539
0.003034591674804688
0.02243256568908691
0.01968288421630859
0.001517057418823242
0.01755213737487793
8.20159912109375e-05
0.03512406349182129
0.03570199012756348
0.001797914505004883
8.463859558105469e-05
0.002740621566772461
0.01614236831665039
0.0001049041748046875
8.20159912109375e-05
0.001470804214477539
0.0001389980316162109
0.01391482353210449
0.01293087005615234
0.0119326114654541
0.03401041030883789
0.1644377708435059
8.463859558105469e-05
0.002251863479614258
0.0268559455871582
0.006024599075317383
8.034706115722656e-05
0.02282214164733887
0.0303499698638916
0.002645730972290039
0.0003545284271240234
0.002443313598632812
0.004265785217285156
0.03350710868835449
6.914138793945312e-05
0.0007181167602539062
0.03789830207824707
0.0004467964172363281
0.002521276473999023
0.00872802734375
0.04351139068603516
0.0001671314239501953
0.0009186267852783203
8.249282836914062e-05
0.0001459121704101562
9.489059448242188e-05
7.82012939453125e-05
8.821487426757812e-05
0.0001380443572998047
0.01133251190185547
0.01435446739196777
0.03987574577331543
0.0001814365386962891
8.726119995117188e-05
0.01304483413696289
8.893013000488281e-05
9.5367431640625e-05
8.654594421386719e-05
0.001748085021972656
9.775161743164062e-05
8.177757263183594e-05
0.01419711112976074
0.03189873695373535
0.009752035140991211
0.003874778747558594
9.5367431640625e-05
0.000453948974609375
0.0573117733001709
0.04027247428894043
8.082389831542969e-05
0.005919456481933594
0.0001289844512939453
0.05367779731750488
9.059906005859375e-05
8.225440979003906e-05
7.915496826171875e-05
0.04680085182189941
0.009180307388305664
0.00738835334777832
0.006964921951293945
0.002553224563598633
7.462501525878906e-05
0.0001053810119628906
0.006207466125488281
8.749961853027344e-05
0.007797479629516602
0.0134272575378418
