56.04221320152283
81.82651877403259
74.27326393127441
72.660001039505
76.89478492736816
78.41297101974487
79.75314807891846
86.47574901580811
81.66773891448975
71.21764898300171
88.65417194366455
79.40685296058655
80.75397610664368
76.66396617889404
78.21634292602539
82.64333891868591
94.90947413444519
76.96246600151062
80.06754612922668
80.10811305046082
80.30740213394165
82.12421894073486
85.75117802619934
72.22623205184937
78.56679701805115
80.22562599182129
72.74039697647095
79.03358602523804
78.51716804504395
73.83797907829285
74.60209202766418
80.86791777610779
75.94499111175537
80.45976996421814
71.21417498588562
79.54779887199402
83.25346994400024
78.89854717254639
76.01382207870483
84.67885398864746
88.27856802940369
80.04176688194275
83.51931095123291
82.15481209754944
91.17877411842346
88.33846211433411
79.707524061203
88.22605800628662
84.92378711700439
92.16120004653931
80.8682279586792
90.70097994804382
92.12361598014832
84.92748212814331
85.37517809867859
58.08573698997498
77.7024450302124
83.24769401550293
78.53924107551575
82.49034094810486
72.2259738445282
74.38939809799194
74.12972807884216
78.93899893760681
77.31030917167664
75.58786702156067
72.20412397384644
75.48191905021667
75.24684500694275
75.37734603881836
82.88844799995422
83.51926183700562
73.21822810173035
79.11853504180908
74.77267789840698
75.81073307991028
75.31189894676208
78.5807101726532
81.87486696243286
82.63542985916138
80.04204607009888
73.07269883155823
79.5885910987854
81.76414203643799
82.89937591552734
78.11417508125305
74.53014016151428
73.08434414863586
73.33568811416626
95.0728759765625
78.28110980987549
84.61790108680725
76.43835282325745
85.66773581504822
78.81518983840942
80.26234698295593
81.58149194717407
85.00296688079834
88.64719200134277
82.71195292472839
90.91070318222046
90.51502895355225
88.35041809082031
90.25650787353516
95.77433109283447
85.98219895362854
91.47454786300659
97.29300689697266
85.73928594589233
86.55901408195496
64.05808186531067
82.32180905342102
84.45035910606384
76.58730697631836
81.51006412506104
87.06703495979309
80.10247611999512
86.53487992286682
72.67516303062439
79.38487005233765
77.44656300544739
79.4341938495636
87.24467396736145
70.25160002708435
77.72245907783508
77.46574091911316
78.51168012619019
80.78631901741028
77.90345191955566
79.0694260597229
73.99863886833191
74.45277190208435
75.69847393035889
77.48127508163452
72.28613781929016
75.33369612693787
85.68541407585144
77.38484883308411
82.00570702552795
82.69651818275452
78.13355994224548
79.50462698936462
74.25194001197815
81.49445700645447
74.72940897941589
85.59102916717529
80.11147713661194
84.38902902603149
80.77132296562195
82.0151789188385
72.84488797187805
82.56672501564026
76.38302111625671
77.25600790977478
82.71071720123291
90.04959511756897
81.30669498443604
94.87236404418945
91.13942694664001
85.44875383377075
92.00698590278625
86.90660309791565
89.4188060760498
90.45446395874023
92.43781495094299
63.91892504692078
79.70250201225281
77.81759285926819
82.47763991355896
76.77719688415527
80.98142409324646
77.34356594085693
77.80541491508484
86.87684798240662
80.25682401657104
82.90879011154175
80.27651882171631
84.37544512748718
80.802649974823
75.12090110778809
74.43595314025879
74.30324816703796
79.73783421516418
71.7402560710907
71.63395380973816
77.15449500083923
77.46501088142395
81.17204809188843
77.17459011077881
75.29877805709839
84.80929613113403
80.12459492683411
74.56751608848572
82.57462191581726
82.74351406097412
77.10220217704773
82.46830105781555
77.49907803535461
81.29297709465027
89.63738918304443
76.94572520256042
84.44964408874512
75.23204016685486
80.64114594459534
75.44552397727966
87.79314517974854
80.05858206748962
81.80245184898376
92.39201211929321
83.53007411956787
81.29762315750122
82.34415721893311
83.08080196380615
89.16591906547546
90.86712193489075
90.0096709728241
84.25387215614319
84.43930292129517
87.17266392707825
91.15889382362366
64.82162809371948
74.5650041103363
82.93953394889832
76.82657194137573
83.15628099441528
82.39229416847229
80.89574289321899
78.41515803337097
79.53803110122681
81.93006300926208
82.75033903121948
78.02437281608582
78.08203506469727
80.32254505157471
75.35198307037354
78.36256384849548
85.60380887985229
74.56409192085266
73.67549180984497
81.98516297340393
72.06774306297302
81.7800350189209
82.20204091072083
81.85631895065308
71.31669306755066
82.70385003089905
76.5481231212616
75.45936894416809
80.27408885955811
72.8356990814209
79.47060394287109
68.93812084197998
80.5142560005188
79.58748388290405
84.11220908164978
79.38370203971863
88.03303980827332
79.81651711463928
82.92748594284058
84.06978416442871
86.90335202217102
83.54896402359009
82.61226892471313
76.25043678283691
85.73343896865845
83.07998204231262
89.49668979644775
85.96461296081543
83.3291699886322
87.23916697502136
85.38717103004456
91.87887215614319
82.54472303390503
90.80078291893005
87.16282296180725
61.6371910572052
86.80754804611206
79.53694701194763
81.27286195755005
91.80761313438416
79.25149202346802
81.16020798683167
85.01061010360718
85.18089008331299
71.68207287788391
85.54526400566101
80.70552206039429
83.40390205383301
81.30496907234192
83.23773407936096
75.60714817047119
74.54679918289185
81.59511113166809
80.30510520935059
76.30150508880615
73.15182304382324
75.89833188056946
74.82175183296204
75.33291101455688
74.09946298599243
86.04057097434998
87.49182510375977
74.23365998268127
75.01250696182251
76.28631496429443
84.62055683135986
69.67104291915894
73.8039710521698
73.98639488220215
80.06596612930298
78.38797998428345
83.75748777389526
80.30505394935608
76.67828488349915
74.44025492668152
82.47830510139465
82.34180402755737
82.5410578250885
77.41719794273376
77.4016489982605
84.82416009902954
85.74821186065674
83.45766186714172
83.68178701400757
80.17485880851746
82.61730694770813
93.5683867931366
87.11016607284546
83.87862801551819
79.43785905838013
56.07600808143616
74.98980212211609
76.40681195259094
81.86495804786682
90.99634194374084
68.80847001075745
82.77531504631042
81.32212686538696
86.18276000022888
83.37044286727905
75.00907778739929
74.54290318489075
79.11939096450806
78.95096206665039
77.96914219856262
69.15803599357605
72.92975497245789
84.63178110122681
81.29363799095154
71.69959592819214
71.79835796356201
80.84126091003418
72.71709513664246
70.82796788215637
68.15539407730103
78.08472609519958
70.48088002204895
74.80334305763245
74.1346960067749
73.11592698097229
85.07882499694824
79.64654517173767
80.49082183837891
72.46764802932739
73.48463201522827
80.25223708152771
79.50779509544373
78.622878074646
79.70603108406067
79.47891187667847
81.80274510383606
76.98451805114746
91.6987190246582
80.41298580169678
80.83473014831543
86.14887499809265
87.65990304946899
81.38507890701294
83.07193398475647
87.84186291694641
80.29338502883911
86.56157398223877
90.33876085281372
90.6844310760498
88.72891688346863
62.56902694702148
76.17590188980103
85.07473993301392
83.4369330406189
81.9024350643158
72.72790813446045
82.20913481712341
67.58324408531189
76.06621789932251
80.58730483055115
73.96726584434509
70.27549695968628
76.77755808830261
68.79075884819031
74.31937599182129
76.42154002189636
75.03840398788452
87.77846908569336
74.36649584770203
72.64289212226868
76.13079595565796
82.47843289375305
73.26853394508362
73.13288402557373
75.49456191062927
75.58392405509949
77.89036917686462
77.62959003448486
75.14932203292847
78.13753080368042
77.95696806907654
72.08760285377502
74.86939787864685
83.17531204223633
78.88108897209167
77.69171905517578
78.85605406761169
78.86207699775696
79.62784314155579
76.08388090133667
79.63688206672668
91.02499413490295
72.95743894577026
79.27206897735596
77.54712796211243
81.33394908905029
74.00766491889954
77.81474208831787
80.02910900115967
80.36693501472473
87.46756196022034
81.97631001472473
87.57936191558838
87.78061294555664
94.45593786239624
62.10479402542114
76.20653390884399
71.94971299171448
73.56779098510742
71.86555886268616
76.3922278881073
72.91526794433594
78.38030409812927
82.29792404174805
79.05114388465881
79.27116513252258
83.12335181236267
73.87276411056519
72.89682292938232
76.04375815391541
75.72098612785339
83.4211151599884
79.38256597518921
76.94838190078735
76.81497693061829
85.02674293518066
85.01740598678589
81.95333313941956
75.29946994781494
70.61732292175293
81.00714302062988
74.27590894699097
72.6570098400116
82.26530122756958
77.35460090637207
82.25619101524353
79.44997692108154
80.27921605110168
79.30382990837097
82.23838782310486
78.77695798873901
84.22604203224182
73.56207299232483
72.9651210308075
84.26061987876892
71.22966313362122
86.31841492652893
76.77123808860779
76.64677405357361
80.32421898841858
81.45636510848999
93.76603698730469
78.73246693611145
80.39251708984375
87.65099382400513
86.31372284889221
81.69627499580383
82.00893592834473
88.26144599914551
83.49895787239075
58.01417303085327
77.50949382781982
73.5534291267395
85.30851316452026
87.42712593078613
76.79521703720093
80.36409020423889
80.55977892875671
73.32978296279907
74.84357094764709
72.11745190620422
78.7944929599762
86.57030701637268
73.93179202079773
79.50180292129517
76.84285688400269
74.92726111412048
74.50221705436707
81.57441711425781
78.02345609664917
70.86585998535156
77.8382408618927
75.36520719528198
72.8457190990448
77.20697283744812
85.74740195274353
83.02398204803467
76.38028979301453
72.30378913879395
73.58581900596619
80.04326009750366
79.20077896118164
74.34237599372864
79.2896580696106
69.07130408287048
86.80393099784851
