0.3812558650970459
1.961745023727417
1.902103900909424
2.28765606880188
2.218078851699829
2.142214059829712
2.077095985412598
2.045583009719849
1.676206111907959
2.055828094482422
1.957873106002808
2.097999095916748
2.124395132064819
1.868374109268188
2.184251070022583
1.851972103118896
1.861588001251221
2.274198055267334
2.054947137832642
1.851842164993286
1.931329965591431
1.76488208770752
2.691020965576172
1.167037010192871
1.822473049163818
1.883857011795044
1.766141891479492
2.138746976852417
2.163774967193604
5.725589036941528
1.574493885040283
2.093822956085205
2.353579998016357
2.072705984115601
1.849150896072388
2.104313850402832
1.384201049804688
2.151665925979614
2.732508897781372
2.073604106903076
2.010895967483521
2.101456165313721
2.015795946121216
2.127578020095825
2.681818962097168
2.21227502822876
2.364605903625488
1.87792706489563
1.872925996780396
2.306408166885376
2.330395936965942
0.9198520183563232
2.165926933288574
2.369431972503662
2.115796089172363
0.4888739585876465
1.875847101211548
1.833345890045166
1.657244205474854
2.857369899749756
2.19973087310791
1.944333076477051
0.8865311145782471
1.793392896652222
2.205341100692749
2.262315034866333
2.259923934936523
2.339839935302734
2.382623910903931
2.029247045516968
2.229022979736328
1.511360883712769
2.259098052978516
2.114283800125122
1.712353944778442
1.93346905708313
2.429494857788086
2.186856031417847
2.164488077163696
2.219583988189697
2.093421936035156
2.295988082885742
1.960045099258423
1.987466812133789
2.031907081604004
1.824680805206299
2.430869102478027
2.116306066513062
2.508023977279663
2.199204921722412
2.388253927230835
2.142806768417358
2.323087930679321
0.7585959434509277
2.133694171905518
2.460961818695068
2.192150115966797
2.06455397605896
2.044919013977051
0.6748490333557129
1.635646104812622
2.152792930603027
2.335284948348999
2.182477951049805
2.180279016494751
4.388784170150757
2.45287299156189
1.340732097625732
2.146791934967041
1.8121018409729
1.034891128540039
2.041953086853027
1.581482172012329
1.719995021820068
2.109523057937622
2.307939052581787
2.268862009048462
1.94694185256958
1.861963987350464
2.259523868560791
2.154472827911377
1.971584796905518
1.470262050628662
2.191287040710449
2.073827981948853
1.99390697479248
1.517307043075562
2.008385181427002
1.994922161102295
1.900988817214966
2.096981048583984
1.86919903755188
2.197346925735474
2.122404098510742
2.018586158752441
2.361118078231812
1.843056201934814
1.880423069000244
1.64246392250061
2.342221021652222
1.954776048660278
1.987601041793823
2.05184006690979
2.177944898605347
1.945934057235718
1.953195095062256
0.8629059791564941
2.020572185516357
2.194482088088989
2.16690993309021
1.980010032653809
2.048864126205444
1.883710861206055
2.205920934677124
2.458976984024048
5.178025960922241
1.865546941757202
0.7603068351745605
2.138670921325684
2.172641038894653
2.18478798866272
2.107882022857666
2.971823930740356
2.100558996200562
1.366575002670288
0.1804730892181396
2.187646150588989
0.388808012008667
2.487658977508545
2.307024955749512
2.15189003944397
2.301252126693726
2.212863922119141
1.89706015586853
1.988912105560303
2.073168039321899
2.237390995025635
2.38631010055542
2.43572998046875
1.901262998580933
2.605417966842651
1.988807916641235
2.267861127853394
10.07744908332825
2.247819900512695
2.051839113235474
2.187856912612915
2.134824991226196
2.284166097640991
1.968816995620728
2.097005844116211
6.709951877593994
3.006689071655273
2.182587862014771
2.204624891281128
2.05981707572937
1.975580930709839
2.168056011199951
2.193989038467407
2.228726148605347
2.294196128845215
1.537545919418335
2.179891109466553
2.032294988632202
2.313354015350342
4.695624113082886
2.238193035125732
2.715855121612549
2.026324033737183
1.782135009765625
2.46196722984314
2.115456104278564
2.100620985031128
2.040542125701904
7.172168016433716
2.058495998382568
1.111562967300415
2.424617052078247
1.990709066390991
1.862767934799194
0.2175388336181641
2.267929077148438
1.47868800163269
1.789095878601074
2.259695053100586
1.746385812759399
1.925450086593628
2.05584192276001
2.10471510887146
2.170400857925415
1.980499029159546
2.13481593132019
2.029350996017456
2.27001690864563
1.843213081359863
0.9632570743560791
2.367679834365845
2.165703058242798
2.038084983825684
2.039170026779175
1.83350396156311
2.280118227005005
2.273958921432495
1.025418996810913
2.269853115081787
2.239213943481445
2.364098072052002
2.001487016677856
1.877171039581299
2.30881404876709
2.235243797302246
2.080836057662964
1.70776104927063
2.25200891494751
2.177757978439331
2.07281494140625
2.31303882598877
1.976541042327881
1.791633129119873
2.060128927230835
2.234901189804077
2.326865911483765
2.326771974563599
2.283418893814087
2.101562976837158
1.875030040740967
2.105382919311523
2.167309045791626
1.184187173843384
2.406105995178223
2.464735984802246
1.978806018829346
2.086540937423706
1.842193841934204
2.018666982650757
0.4964499473571777
0.2260160446166992
1.750204086303711
1.766901969909668
1.842605113983154
2.272616863250732
2.022140026092529
2.165491104125977
2.041512012481689
2.285522937774658
1.863615036010742
1.807248115539551
2.197754144668579
2.560650110244751
1.700032949447632
2.01460599899292
2.100126981735229
2.536237955093384
2.240579128265381
2.490123987197876
2.096662998199463
1.729840993881226
2.144475936889648
1.870635032653809
2.405871868133545
2.506176948547363
3.067840099334717
3.512866020202637
2.337244033813477
2.361899852752686
2.181374073028564
2.257851123809814
2.131240129470825
1.981961965560913
2.090355157852173
2.363375186920166
2.124305963516235
1.850836992263794
1.972002983093262
2.164038896560669
1.838389873504639
1.838273048400879
2.117803812026978
2.082040071487427
1.952951908111572
2.275840997695923
2.229532957077026
2.140514850616455
2.298465013504028
2.267539978027344
2.288015842437744
4.434758901596069
2.155192136764526
1.917358875274658
2.210474967956543
0.5405879020690918
1.923755884170532
2.023743867874146
2.11784291267395
1.916179895401001
2.081610918045044
2.10702109336853
1.790913105010986
1.016377925872803
2.256676197052002
2.212371110916138
3.003621101379395
2.217686891555786
2.004657030105591
1.310820817947388
3.715006113052368
1.882370948791504
2.363705158233643
1.825278043746948
2.095303773880005
2.005824089050293
2.219228982925415
0.9847838878631592
2.126281976699829
1.748347043991089
2.138131141662598
1.663110971450806
2.227592945098877
1.771399021148682
1.907972097396851
2.239722967147827
2.069597959518433
1.896071910858154
2.377886056900024
1.750065088272095
2.565688848495483
1.903053998947144
2.055520057678223
1.786608934402466
2.259990930557251
2.236052989959717
2.39800500869751
1.885262966156006
1.929865121841431
1.944747924804688
0.9654760360717773
2.298547983169556
2.043092012405396
2.079799175262451
2.169875860214233
2.098973035812378
2.337460041046143
2.175732135772705
1.979714155197144
2.143784046173096
0.2895500659942627
2.265527009963989
2.246610879898071
2.273321151733398
1.922890901565552
2.34962010383606
2.209407091140747
2.045684814453125
1.75658392906189
1.977349042892456
2.278857946395874
2.685358047485352
2.350541114807129
2.078377962112427
2.586589097976685
2.233826875686646
1.794591903686523
2.38660192489624
2.189207077026367
2.173099994659424
2.125042915344238
2.088809967041016
1.833663940429688
1.987879991531372
2.189648866653442
2.264201879501343
2.154850006103516
2.155704021453857
2.247192859649658
2.123358964920044
1.926530838012695
2.887624979019165
2.309983968734741
2.205034971237183
2.131304979324341
2.501871109008789
2.295938968658447
2.10310697555542
1.975165128707886
1.938652038574219
2.201843023300171
2.041470050811768
1.91081714630127
2.073258876800537
2.317854881286621
2.198257923126221
2.472364187240601
2.062793016433716
2.320637941360474
2.146368980407715
2.209489107131958
2.246722936630249
1.239789009094238
1.957855939865112
1.855093002319336
0.3974089622497559
0.7598159313201904
2.03453803062439
2.122997999191284
2.210175037384033
2.103037118911743
2.35197901725769
2.200529098510742
1.549619913101196
2.313058137893677
2.194719076156616
2.118907928466797
2.018442869186401
2.083069801330566
2.382705926895142
1.979077100753784
1.848912000656128
0.7151031494140625
2.240663051605225
2.291780948638916
1.982131004333496
1.795839786529541
2.180490016937256
2.065648794174194
2.035647869110107
2.121092081069946
2.564850091934204
2.110921859741211
2.379782199859619
2.300704002380371
2.065034151077271
1.811577081680298
2.11345911026001
2.20368504524231
2.124334096908569
2.004585981369019
2.294006824493408
1.88162899017334
2.494115829467773
2.145701885223389
1.924730777740479
2.156061887741089
2.128023862838745
2.127767086029053
2.196838140487671
1.887057781219482
2.215445041656494
1.867836952209473
1.919209003448486
2.192907094955444
2.320828199386597
1.420705080032349
3.107877016067505
2.245760917663574
1.936745882034302
0.253925085067749
1.601447105407715
1.922466039657593
2.022358894348145
2.145036935806274
2.076570987701416
2.103351831436157
1.995954036712646
2.208661079406738
2.342368125915527
1.949650049209595
1.838959217071533
2.34089994430542
2.376331090927124
1.793243885040283
2.303873062133789
1.963679790496826
1.99217700958252
2.139599084854126
2.104335069656372
2.209833145141602
2.01491904258728
1.882046937942505
2.106030225753784
2.171951055526733
2.313624143600464
2.249612808227539
2.546781063079834
2.235733032226562
1.55725884437561
2.10717511177063
2.063715219497681
2.331722974777222
2.863485097885132
2.020631074905396
2.239115953445435
