2.547284239
21.085775919
14.415237915
18.752230298
22.03460879700005
19.11291954799998
17.397452738
20.51150308599998
7.68490350700003
1.124489397000048
3.055253937999964
0.8420707880000577
0.7862994419999154
1.15407403599994
1.709665930000028
2.839914500000077
1.370502047999992
1.055497844999991
0.922785771000008
1.365158696999913
2.077789432999964
1.934059391999995
1.437487112999975
4.415981511999917
4.543261919999907
6.445282101999908
0.7346616299998914
0.8479371529998616
1.448696901999824
2.471902065000108
3.248648616000082
1.893203449000112
2.587693362000209
2.745419858999753
1.561637363000159
2.555563477000078
2.527796568999975
2.020081488000073
1.711190211000144
2.380837281999789
6.787847321999948
1.824163663999911
2.458722884000053
3.393873227000086
3.393063524999889
2.271107784000037
1.089661811999804
1.541567923000116
2.487291900000059
3.41361743799996
3.390548345999946
2.548390900999948
2.702117180999949
1.937252448999743
2.07460921400002
2.29642334599987
1.853595384999835
2.050387431999866
2.574035651999907
1.85464065899987
2.485127343000272
1.601527944000168
1.857025027999953
2.183577856000056
3.244882065999946
1.577915665999967
0.8460232290000249
2.712496776000307
1.726771725999924
0.9912053629999491
3.469331472000135
2.141270739999754
2.832657376000157
4.892305550999936
4.494317581000132
5.69508705699991
3.961278543000162
4.266687832000571
3.513824886000066
3.523315888999832
4.099288301000115
3.884070414999997
3.645031075000134
3.728542120999691
4.147598439000149
3.40792447099966
6.564037120999956
2.01793480900028
9.15025624000009
4.903757536999819
4.626968834999843
4.004402511999842
4.297572527999819
3.930185718000075
4.959741765000217
3.373742221000157
3.130708700000241
4.258532558000297
4.12015571899974
3.180475366
6.887960028
4.089870256999991
4.261129796000001
3.143650017000006
4.354678414999988
4.131955594999994
4.19307733200003
4.888916582999983
3.025460442000011
2.813980714999985
6.158353470999941
2.422015476999974
2.743799365999962
2.582841979999984
5.259446433999976
4.098751639999989
5.759862881000004
1.554971827000003
3.705127888999982
3.674149061000008
3.455519705000029
3.013545310999945
4.187085214000035
3.461805799000274
4.629554062999944
5.72272875799996
5.036558536999962
3.928635358999998
4.816113941999959
2.67463184199994
6.185528536999925
6.473329768000156
2.955309910999915
5.401347887999862
4.007153524999922
6.373238466000089
3.921012254999937
5.659154183000055
7.160375004999821
6.098813409000115
3.532315133999987
4.274696243000164
9.181986208999774
3.898972150999896
4.699258995000037
5.687556272000052
3.760536956999886
5.354600749000042
4.014463893000311
7.587889486000108
8.192372407000107
8.695375975000047
8.426778598999704
9.522752916000201
7.073583692999819
3.47578963799981
10.19699250499991
6.101013800999908
5.631214137999791
5.591322872999967
5.731355472000132
9.001365969000062
7.024975000999802
7.129639304999955
6.606243618000008
3.77724292400012
9.191200693000042
6.243091203000063
6.608570421000309
8.543379068000036
7.73380335000013
8.576831906000052
6.017730637999875
7.263476445999913
4.792860945999905
7.053644866999775
6.929250982999974
5.032251848000101
8.013710496000044
7.018767707000279
5.910257267999896
5.213443394000478
7.72356274200024
6.097270772000229
5.488143022000486
6.196049596000194
5.154817261999597
6.287043581000489
10.58111406900002
6.172926956000083
5.76372807000007
10.73782690200028
6.990463513000122
6.519228978000228
5.40703122900004
5.413683990000209
4.906430648000196
3.516582004999918
2.504781402000001
7.391293014000007
5.596950880999994
5.805755779999991
7.182956780000012
5.814293421999992
5.622619112999956
4.235812320000008
5.889978796000022
6.804187322999965
4.476626433000035
6.164930893000026
7.690481562999992
4.824488497000033
5.347580930999982
3.913522400000033
5.29317645699993
7.058926310999993
5.211488212000006
3.286320607000022
6.945030296000084
3.722721328999967
6.452381405999972
6.705679201999999
6.865915995000023
6.783655752999891
5.338802570999974
7.317398775000072
5.426179197000067
9.788479588999905
8.652607675000013
6.15110341400009
6.214049147000139
5.159734748999824
5.367936206999957
7.684238326000013
7.750821377999955
8.326226413000029
6.147050386999979
5.162872889000027
6.234163631000115
7.373219086999939
5.348246317999838
5.499276911999914
6.35150276100012
8.110542648999967
5.786491752000074
6.746368660000144
8.812722986999916
7.651788996999812
5.595930140000064
6.341310410000006
2.69831293899972
8.012278706000302
7.659109044000047
5.452859546000013
5.688557048000007
5.997840792999909
5.788507038000034
5.92759760600029
5.565013485999884
6.919110523999848
10.59046993000004
5.737338174999991
4.866960365999944
6.187801144999753
6.419961044999923
5.546827288000031
5.200911557999916
7.88923566300025
4.155795862000105
6.029108398000176
4.103332922999925
6.572044167000172
8.042967167999905
6.950476449000234
5.639396332000047
7.412605268000334
8.888553066999975
5.150072425999724
5.507944936999365
7.225444162999565
6.205318355999907
6.5013470829997
6.658061308000015
6.861419181999963
4.708074827000246
5.28302920599981
4.766682107000634
6.029504328999792
7.302628837999464
3.64173637899944
6.502583430999493
5.874134348000098
2.480271221000066
3.455756774000292
6.034987338999599
7.646241923999696
8.707391004999636
3.625638898
6.137450512000003
6.038973382999995
4.395598024999984
4.380028033999999
6.714579209000007
6.366113824999999
6.90263881300001
10.87124427799998
5.422951931999975
4.582885259000022
6.278693351000015
4.807669536000077
6.680649174999928
6.101672819999976
8.635317665000002
6.534703805000049
6.865909457999976
6.581822854000023
7.372103505000069
7.025108908999982
8.185449930999937
6.519159179999917
7.057496579999849
7.160001796000074
5.151792406999959
6.383997598000008
6.489597093999976
5.093258380999998
6.662674014000061
5.059648049000032
6.05113300499994
7.17497607599995
9.235580667000079
7.238241070999948
5.197309194999946
7.374077773000124
7.496079344000123
5.672224490000019
7.024551361000022
7.015670935000003
7.801658564000263
4.426406097999916
6.100422774000094
6.492197488000329
6.406339835999802
9.37374152599989
6.09924920300034
4.842132330999789
8.106166596000094
6.525391526999783
5.015429484999913
6.86224368600017
7.726879331999953
7.516948544000229
7.008551598999816
8.025991911000233
7.348902234999741
8.764340424000125
5.707016275000115
5.938994757000046
9.526669119000076
6.419091525999988
7.425824069999862
5.000215277000052
6.549097729999858
6.182003048999718
6.240037810999752
5.103739415999826
5.90945796799997
11.08286711100004
7.442842328999973
11.01303871500022
11.46856765300015
12.47891284199994
11.64038789699953
10.62970291200008
10.64398359900042
11.37988233000033
9.705111760000136
11.18130109399999
13.84040059500012
11.60980961600012
10.54291454099985
11.72335394700053
8.97598687000027
30.47708777700018
12.5703364819999
10.09416936000025
11.37543141499987
8.732003927999813
8.584386656000333
13.2393123300003
8.811109613000099
9.712766190999673
12.82225219799989
10.23723269100014
11.75368898200054
7.319724496999925
5.771228416
10.339456587
8.483465778999999
9.894868146999997
14.191305878
9.126339103000007
10.71747942300002
10.97817892900001
9.418723999999969
8.506201474999926
10.96729278099997
10.58948314699995
10.983907802
9.643942280000033
8.093544471999905
4.913440871000034
7.717529078000041
9.827870973000017
6.812650309000048
18.14885129299995
11.25856317100011
8.007619898999906
11.205943246
6.952612331999831
10.86151923699998
12.86901498799978
11.82875200700005
12.08503491099987
11.82345105500008
7.08607647700012
8.666649727000049
11.19054239800016
15.77474758300013
12.67626074500004
18.81064179899988
15.497994812
10.79913167399991
12.6707304119999
9.119607667999958
12.72018773799982
14.11566281599994
9.735022442000059
8.400182312000084
10.39441923899983
13.00714182600007
13.30145350400005
13.42268659300021
8.43803429500008
14.45829785900014
8.736312253000506
11.23498013099993
12.22364775700044
12.99243736599988
8.703561318999846
16.54188290299999
9.678303997999819
10.41037275700069
16.40907763999962
15.97672619200034
22.67624582400003
14.68391893300031
19.49883689099988
20.92302843500011
17.4086232090001
19.28518355099982
17.74567806799951
19.05688896499987
24.7883237780004
19.04713201200002
16.03361836999966
16.23583926700053
18.16220965699995
13.31727520800041
21.98535104999974
21.71685840400005
16.40555577499981
11.8873763090005
14.81485749900003
15.78033929400021
19.32731143800095
20.32498932700037
17.14226141599966
17.83733001100018
17.01987208000082
16.26314968100087
17.00841910199961
16.4046580650006
17.5747413740005
18.32008094499997
18.6907080900005
23.33869524999955
16.4004241230009
20.2453433540004
13.27222979899989
18.04904912099983
15.25868434099993
14.13139944800059
12.30718925000019
15.68285650399957
31.512223415
54.34836089299998
57.61917555600003
50.44888847100009
52.55670574200008
54.76964885000012
42.19858769599989
46.43798368500018
48.23184082800003
47.00987197400002
43.58562585300012
39.80978528300022
36.52696676599976
41.8799799150006
53.42469181600063
52.64027009099959
48.36158476700007
48.60491166999986
47.1041616450002
56.4586712720004
61.75450391099957
51.92973613400034
49.61645889100032
50.67054068099969
52.51336155699983
44.09692391199951
36.48270216799892
35.84304444200006
34.75149922600031
25.77835715300034
43.83977500699984
50.71250459099929
43.11163391000036
42.50642941700016
45.06711705700081
32.21810769299964
31.92326959499951
31.47130997800014
46.6153941499997
81.511006541999
55.39803436599914
64.53726387799998
64.97546195099994
44.85144826600072
55.74905251600012
65.70013698100001
64.65201067400039
67.06331154300051
78.64689913500024
62.5508643109988
69.20430670900259
60.57107863999863
70.00664006599891
51.29250562500056
53.96091386899843
56.74524894099977
67.8075238520014
60.21641773299871
46.98993282600259
57.34414811599981
53.33801238199885
73.42493597399971
68.38937720100057
51.18851020400052
68.08495573400251
59.35332335900057
66.96695245100182
59.45708852800271
61.02227322399995
69.29040744300073
74.753050446001
65.12924186300006
70.22315318399978
64.47055434999947
60.90966396600106
65.66245998100112
64.64859974900082
51.45891511400168
56.73277535499892
51.46833300499929
46.60338696500003
53.08544512100161
46.45326030199976
48.73270832299841
51.11131742000089
44.59229563200006
65.9969647170019
58.07497454500117
72.72426780700334
73.66882608600281
66.09379028900003
65.27792330899683
59.33034268700067
62.577371166999
50.25128202600354
62.31888989899562
52.33744397000191
60.49544588199933
56.20946939799796
