2.864453432
4.096461018
9.011026552999999
5.898098766
5.888656695999998
5.614124999000005
9.127633275000001
7.590230438999995
7.343278011999999
4.010636696000006
11.398187572
5.638370545000001
4.189698249000003
2.847162052000016
3.328235129999996
10.02789976300002
3.042620204999992
6.031979779000011
3.308701051000014
3.161948840000008
3.440670615999977
3.129221518000008
9.783417156000013
3.422464702000013
7.350424738999976
5.479150284999974
4.396579749000011
5.551854882000043
7.179610937000007
3.21043566000003
4.204170939999983
6.73541142900001
7.700783255000033
9.417436409000004
8.145902666999973
16.65748490500005
3.205326993000028
4.072211637999999
4.601894690999984
4.265082382000003
3.449098042000003
3.951459195000041
8.143143606000024
3.602767650000033
3.79896901699999
4.132414160999986
5.208719628999972
5.172862030000033
12.110594349
6.134789779000016
14.68519508200001
17.92054749799996
8.332225089000076
4.824521488000073
5.64505769799996
6.261007555999981
6.705334087999972
6.693165823999948
4.814285495999911
3.899399846999927
4.768266803000074
3.710335052000005
4.864064830000075
3.846518518000039
4.033036372999959
4.013020667000092
5.089968609000039
6.573227094999993
6.492607919999955
4.89627856200002
3.91293176299996
5.202462029000003
6.658870483999976
8.645212197999967
4.022122876000026
4.55784013899995
9.625770476999946
5.911208525000006
5.175155064000023
5.298708557000054
8.981517287000088
3.92930469099997
3.716174095000042
3.843845743999964
3.839025174000085
3.98577955199994
5.004866796999977
7.883341895999934
3.554102293000028
19.38951688199995
3.588421049999965
5.575006968000025
9.467931874999977
5.266246376999902
3.821263651000095
5.402877309999894
12.59629288799999
9.781039098999941
8.181871182000009
2.874814968
5.662466115000001
3.750775217000001
7.954230099
5.581028922000002
8.881352248999995
10.33856734000001
6.965636680999992
4.507495475000013
13.51469649500001
8.976659235
5.063746161000012
5.226712786999997
3.419172129999993
5.309097624000003
3.304236375999977
8.628074497
8.179559166999979
3.422283448999991
3.170482515000003
4.754712614999988
7.776196671999998
7.575460286000009
8.736662302000013
6.489152525999998
4.27090266099998
3.861503776000006
11.51302085899999
12.68206779000002
6.164818036000042
12.11654277899999
3.554719831
3.475681185999974
3.834723322000002
7.265354205999984
3.223515194000015
3.220148147000032
4.040467633999981
3.317846502999998
3.480949978000012
4.987524507999979
6.052535517000024
5.64600249800003
4.900440647999972
4.386977301999991
4.582364466000001
7.349691339000003
8.555292592000001
10.61544624099997
6.357821704999992
10.398467504
3.908834443000046
8.247014616999991
4.221206146999975
6.436254090000034
6.218354348000048
4.676771701000007
6.259171078000008
3.641173124999909
3.71124501700001
6.256325034000042
4.084435921000022
4.242055079000011
4.224064213999895
3.843975103999924
5.801399176999894
12.28478441999994
4.792572579999955
4.076970536999966
9.714778998000043
9.748326798999983
6.481462504999968
6.310126432000061
7.652653362000024
4.335092102999965
4.646824517000027
5.724608064999984
3.773185635000004
3.787002289000043
4.106415226999957
3.732985418999988
3.774833991000037
6.676136752000048
6.768724693000081
5.693532840999978
6.52454013800002
5.921332905999975
3.504700822000018
3.692179366000005
6.798976659999994
6.469124295000029
7.27317580700003
91.7887036730001
4.381529600000022
4.004757830000017
4.327182139000115
3.726092896999944
3.724131994000118
8.166138224999941
2.867634052
2.874999768
16.678964918
3.124061927999996
9.676531482000001
3.584290911000011
3.025890919000005
3.478828043999997
5.433662025999979
2.876082488999998
3.461909228999986
5.639706187000002
3.057019207999986
3.022943906999984
4.144985875999993
4.623722034000025
3.002913525999986
2.867649641000014
7.921895514000028
3.876768753999954
3.530309657000032
4.837873218000027
4.779304768000031
3.36247860200001
7.986352923000027
4.028874897000037
5.431685643000037
3.191041369000004
3.702147851000007
3.512948214999938
3.680989379000039
4.111976225999911
11.38286908999999
5.969965098999978
3.473926609000046
6.21565492600007
3.252882269999986
4.087639343999967
4.215106990999971
3.742671448999999
3.49741002899998
3.950806088000036
4.057159587000001
3.751462263000008
3.937394712000014
4.368695043000002
5.235917868000001
5.008010599000045
4.634426933999976
4.465158445000043
4.327484550000008
4.132536128999959
4.17585705800002
4.327420502999985
4.048527373999832
4.688865415000009
6.34685743
4.328702732000011
15.24485611
3.703749577000053
3.881619535999789
3.733195460000161
4.23391277099995
4.324819791999971
5.008987107999928
5.797137658000111
4.124456794000025
3.940750173999959
5.254392644999825
3.933455764999962
3.779372312000078
5.965365148000046
8.194479911000144
4.807629484000017
6.357907240000031
4.123539905999905
4.464732379999987
3.725030170000082
5.570569253000031
4.746899022000207
3.8727796390001
4.583477646999881
3.717045883999845
4.492073015999949
4.58898476000013
3.97999247000007
3.98468443999991
3.709700440000006
4.911131205999936
5.24919318000002
3.586352990000023
3.992398777000062
4.144793106999941
4.663834695999867
3.662164161999954
4.983362240000133
5.794480304999979
4.554434723999975
4.6998786380002
2.868435029
3.351581233000001
4.106352566000005
5.268041472999997
3.580963865999991
3.612413793000002
3.150258706999978
2.774088505000009
4.796482980000008
3.351339172999985
3.623742633000006
7.643919022000034
2.854208049999954
4.276946466000027
5.054111611999986
2.98956752700002
8.861540828000045
8.53739015299999
7.671948117999989
5.693912326999964
2.870770331000017
4.787561684000025
4.407120447000011
7.264385634000064
6.539403629000049
5.345502775999989
4.400120520999963
5.921105845999932
3.463426974999948
3.115706620999958
3.600391158999969
6.72145294500001
5.679411664999975
4.008978543000012
3.048385103999976
6.457813195999961
7.749983496000027
3.266504741000062
3.15406280000002
6.621256463000009
5.005313205999983
5.008250642000121
4.787008137999919
7.540580462999969
10.42665781100004
6.724079633999963
9.994225659999984
3.664120527000023
8.470442065000043
6.127629046000038
8.976505084000109
4.352257111999961
6.042721589000166
5.984415024999862
11.04389080999999
7.376077788999964
5.783873224999979
9.147247602000107
4.363254998000002
8.074414158999843
5.558980631000168
20.47827165900003
5.802379157999894
9.176362492999942
6.148284555999908
5.609310163000146
5.116983612000013
5.324743317999946
5.094637047000106
6.382236053000042
5.887793887000043
4.749045837999802
10.34688924200009
5.839887080999688
7.589754653999989
9.043120343000282
6.303840173000026
6.120169225000154
7.816867685000034
5.061583178999626
3.606089595999947
4.700148414000068
6.575435717999881
5.036517982000078
3.906754712000293
3.586847633000161
5.966707112999757
4.983716941999774
6.137555786000121
3.979952816999685
5.074966732999656
3.579408494999825
3.540728396999839
4.432128644999921
6.095824943000025
7.90343502099995
6.410439748000044
3.88077475
6.012645559000248
2.870222305
3.789418767000001
9.592989857999996
7.992046740000006
5.469103912000008
4.168008203999989
2.857758238999992
2.801102704000016
7.773704304999967
7.092906380999978
4.925535696999987
10.20788913399997
6.39053320000005
7.137276216999965
6.582679857000016
5.004403849000028
8.073433551999983
3.621351169999912
3.767932611999981
3.170894915000076
4.614212156000008
8.141338576999942
9.660865814999966
9.976438418999919
4.795811729999969
4.265145462000078
4.631127422000077
4.386258882999982
3.352728484000068
5.402290943000025
8.027855643000066
6.631593241000019
6.253290638999943
10.59161165800015
7.635572955000043
3.875957048999908
4.056394866999881
5.865896052999915
3.500790134999988
3.42993803000013
3.33421242899999
8.646836386999894
3.479755669000042
4.019318451000117
4.025247390999994
6.137690297000063
10.89375091600004
10.08559792799997
9.026566322000008
7.135695448999968
10.34820696700012
7.322546080999928
3.626607208999985
13.19112455999993
5.983590529000139
3.683415178999894
4.10466808000001
8.683420804999969
9.674323781000112
5.063815326000167
4.830679861000135
12.21139459100004
6.968200671999966
8.693445813999915
5.085766790999969
6.421610482999768
5.189573348000067
9.696582669000236
4.614516893999735
6.531793256999663
4.248618965999867
5.809580735999589
5.300347796000096
8.586871890000111
4.819986026999686
7.669728355000188
7.869350861999919
3.687754417999713
5.953457449000325
4.229446019999614
6.617999547000181
7.382342220999817
7.038230595000186
4.737236412000129
12.43293384700019
5.09010589799982
6.067905062000136
10.84762449899972
3.667915959999846
3.888496666999799
3.802561284000149
5.3203632929999
5.855006471000252
18.81480463700018
4.988701819000198
6.858466561000114
3.675525019999895
4.721910505999858
6.999946833000195
2.866423268
8.313202001000001
9.738508495999994
4.730997365000007
6.728622067999993
6.399545103000008
4.781628914999999
8.827200768000012
9.710609243999954
4.912699358999987
6.285580614999958
2.867146714
6.55967100099997
3.973034623999979
9.487223343999972
10.23382979600001
8.084550427999943
5.61515775099997
16.48824644900003
3.974174277999964
11.50528293299999
7.560630070999991
10.45594258900019
10.48719773200014
3.978955135999968
4.544426124999973
9.238553890000048
5.177902048000078
12.21744233000004
2.994601314000192
5.288361230999953
3.156753251000055
6.210307446999877
8.775875529999894
4.231776416999992
4.065543599999955
11.040111991
4.088903501999994
4.32732139299992
4.534748647000015
4.005257135999955
10.49578975999998
4.980502964000152
9.824789801999941
3.693758094999794
7.372911756000121
4.39122588500004
9.159477805999813
8.848428040000272
4.087077022000358
8.355310764000023
8.922775434999949
4.928177776999746
4.587116565000088
9.01655374000029
4.002412718999949
11.60927671399986
4.778668805000052
5.578905431000294
6.835301694000009
6.950629151000157
10.54285545399989
5.552233655999771
5.091673147000165
5.496613249999882
7.05670815700023
4.41652633700005
4.842077770999822
9.276274042000296
5.138024108999616
6.830470936999973
4.179424680000011
3.584617127000001
11.63251101100013
6.865953251999599
5.921052075999796
5.45071066599985
9.851241619999655
11.74235914100018
8.394492324000112
6.911308909000127
7.611549861000185
11.13855165999985
11.24889716500002
10.41530918900025
12.63760568599992
9.738233754000248
13.5940012659994
8.548852543000066
10.51263025800017
5.130168493000383
10.46083933299997
6.22825284099963
9.538569321999603
4.232453116000215
4.50153205999959
3.749321438000152
10.31377608500043
14.652175403
2.870741276
8.102588947000001
11.842832796
7.458844133000014
2.937649410000006
5.555725964000004
10.32223152099999
3.576070952000009
5.086427753000009
5.419150072999969
3.553400656000008
5.190231585999982
7.493737174999978
12.54093448399999
6.705731108999998
5.463913014000013
5.970016291999968
3.307133141000008
12.92791918700004
12.17904870799998
7.408987536000041
6.828803991000086
10.62126062000016
7.030392726999935
11.42832915700001
9.519446847999916
8.985511177000035
5.443563413999982
11.90927428000009
2.986592550000069
5.606683364999981
8.342618331999802
18.12243521899995
4.76374854300002
4.760803319999923
4.512027644
5.974520554000037
8.5590770230001
8.161801380000043
5.702638538999963
8.307171040999947
3.470357874000001
11.34484350799994
7.84802960900015
9.598396761999993
3.894197402999907
13.03651860500031
5.558810648999952
11.65638060699985
3.811823218999962
12.89790518000018
13.48134617899996
11.18957640000008
11.26919705800037
4.611690187000022
10.87088676599978
7.841304868999941
8.828543384999648
7.518254512000112
8.377802720000091
8.138494228000127
10.18448955799977
5.561630961999981
12.48058540300008
4.481168921000062
6.703771012000288
12.38122861600004
9.478694204000021
6.191721869000048
5.97709988600036
8.444609683000181
5.893892834000326
5.191796774000068
5.734624308000093
7.760853834000045
11.7600659640002
3.652526120999937
3.725658922999628
4.74484627899983
5.700821432000339
7.730477476000488
12.67911122600071
4.710732266000377
15.56893689899971
10.37925016099962
4.392498569000054
5.922606535999876
5.529913203999968
14.83563013999992
9.675917411999762
7.813239778000025
14.18544251499952
7.625142181999763
12.69731582799977
8.597649029999957
10.27378872500049
6.246962969999913
9.735772464000547
4.153388979999363
2.870654009
9.667931915000004
5.688096161000004
6.908677718999996
7.91561883
2.952746404999971
12.07135028300002
4.134372799999994
8.034949586000039
10.63234492200002
3.548049948000028
7.240495333000013
9.313880896000001
10.22558269299998
6.34088420799992
12.45923949300004
8.961446811999963
13.16615786300008
5.752125682000042
9.607910198000013
6.20761040800005
3.637796546000118
11.4212093220001
11.89664812500018
11.23798984700011
9.338422240999989
6.581046659000094
12.10442993600009
12.41465860599988
7.321410947000004
4.95373493399984
4.678831934999835
9.918444897999962
6.486836000000039
10.08197096899994
9.250165459000073
11.78476065699988
3.071909633999894
12.59560823999982
3.625298398000041
8.004804752999917
7.889776799999936
10.57694731200013
15.7797632490001
10.26203048600019
11.27534727500006
7.48417201500024
5.931554991000212
12.90194434499972
9.218116621999798
13.68337332999999
8.80009064800015
5.706863712000086
10.94780674599997
4.118924872999742
8.983335371000067
6.054560782999943
3.63059240299981
9.48772079299988
8.451919069000269
11.67049568300035
7.770006268000088
4.687464328999795
12.60053412600018
6.485719918999621
10.23185877600008
3.978814425999644
3.959992948000036
7.115261420999559
10.74328110299984
3.649658058000114
3.999009319999914
5.360755024999889
6.219629105000422
7.630783812999653
3.651611375999892
13.91191406300004
6.297635849999551
8.139637361000041
3.705970586000149
9.376492253999913
3.511723130000064
7.304284149000068
10.35626109700024
5.743717977000415
12.02864235200013
7.917417765000209
5.810985353999968
8.382116085999769
15.4664760099995
8.546645362000163
5.766485258999637
6.531037761000334
10.16487146200052
4.497138167999765
4.154273647000082
8.166385771999558
3.573623581999527
7.939601555999616
2.868779427
6.082896251000001
8.632132330000005
12.52829483500003
13.92040768499999
4.588422371000036
6.258720651000033
4.161521079000011
9.829677577999973
9.739211717999979
10.85576911699997
10.71289507000006
4.449663987000008
10.49491132699995
13.77902139800005
8.451114787000051
5.253835426999899
8.735827987999983
3.414503491999994
9.240654534999976
10.68459602899998
9.435472439000023
10.98988904800012
3.742499359000021
10.0995161039998
12.71068578000018
15.72675798299997
5.642763736999996
6.930187079000007
4.941823203000013
5.327544856000031
7.620164313000032
9.673782441000185
10.22161340299999
7.551705087000073
7.596162499000002
3.859939640999983
5.65100411100002
4.91145663899988
3.323414147999983
6.885621365000134
5.155302470000152
8.222680071000013
10.95961914400004
12.48061511100013
8.509993925999879
8.196806005999861
13.81133213700014
4.181347199000356
3.775676340000246
4.508018644000003
8.502834581000116
7.734942652999962
10.47934780900005
3.875536196999747
7.067269701999976
18.1632848459999
8.386937534000026
3.916329824000059
6.569051196999681
9.077148111000042
5.316747657999713
9.044862864999686
7.558853468000052
9.274118945000282
8.118802392999896
5.927381727000011
12.02023898200014
5.599260667000181
6.035909098000047
5.492283593000138
8.82902087399998
6.271111259000008
8.445414301000255
6.754466481000236
9.334275972000341
12.52776239900004
3.714336397999887
6.463111223999931
9.855766700999993
4.468094928000028
10.13282183599949
6.060456369000349
5.800819537999814
7.11156256600043
4.252055916000245
8.953008290999605
7.40890456499983
5.34567055000025
3.74010079800064
6.278144515999884
3.893385542000033
12.68178637899928
5.449863632000415
4.479606472000341
11.85684385000059
8.278978538999581
3.523801551000361
8.5234992780006
2.871250989
10.30065065599999
6.167799742
8.657349959999976
3.476282228000002
11.88717836000001
3.785419906000016
3.717385184000022
10.54197777100001
2.912592565000011
6.931864842999971
16.41431874299997
4.749296071000003
3.384710218000009
11.78103511500001
6.522509555999932
7.910156232999952
3.465134495000029
7.888404559999913
5.123399460999963
5.838053786000046
4.28189281799996
11.84177657200007
4.10338469300018
2.924391525000146
5.263530329999867
8.343681292999918
5.968528329000037
5.294593298000109
3.188641816999962
46.415540771
6.922932596999999
10.74563240099997
6.742570183999987
3.803570089000004
8.388047931999836
12.0560892630001
16.27601814700006
7.407682618000081
11.69786150999994
9.282538511999974
6.61552261199995
5.666081205999944
4.154370422999818
5.007947773000069
7.064297907999844
12.80366326800004
12.34801487999994
8.437321219999831
10.77947482699983
10.17000937500006
6.255843103000188
15.04842120800004
7.033334339999783
5.540559929999745
6.529731198999798
10.79727126099988
4.998892253000122
4.530327919000229
5.851485465999758
9.802059929000279
7.978220441999838
11.55962902100009
10.33442986699993
5.853189798999665
4.197249831000136
3.9123827479998
5.330175385000075
9.40880124000023
13.252016508
4.867814644000191
5.012554525999803
10.37630486900025
9.7087585700001
6.645916060000218
10.50050015100032
6.497129051999764
9.577300457000092
12.5675118170002
6.685187145999862
12.07263019200036
4.202730599000461
4.019573615999434
5.926981931000228
8.440209046999371
10.45894191200023
12.39880540299964
9.236559492000197
10.55133324600047
13.9714431780003
6.418282988000101
6.796675225999934
6.624432433999573
3.554422307000095
11.66609866500039
6.364046063999922
16.84031639399927
5.702350144000775
8.455716455000584
2.851700126
3.141785379
3.218715882000001
3.613878824000004
3.303888196000003
3.102647719000004
2.906619720000002
3.064638423000005
2.848237553000004
2.994529905000007
3.040559072000008
3.037296277999999
3.571716436000003
3.743231022000003
3.175562616000008
3.445665104
3.197437911999998
18.79590601300001
24.76580184700001
3.253872062000028
2.990959163000014
3.406651504999985
3.787791056999993
3.932104435000014
4.024561252000012
3.75490028400003
3.635977749000006
2.963316574000032
7.806211238999992
11.43761577500004
4.338692244000015
6.586696797000002
7.836242491000007
3.731292490999977
4.989612211000008
3.750833741000008
8.041374268000027
3.915356593000013
5.551329780000003
4.564214661999983
4.588872379999998
3.969809709999993
8.684285120000027
4.085312915000031
3.697345261000009
4.410706608000055
3.910862025000029
3.983894307000014
4.369988166999974
3.731823519000045
4.239490210999975
4.830113681000057
4.897348703000034
5.870430246999945
3.671517405000031
4.105988468000078
3.670872216000021
4.588162684000054
3.627990600999965
4.194709992000071
3.823985085999993
10.55540911699995
5.435007724999991
13.91524848000006
15.01816528800009
13.83515274000001
4.063873978000061
6.848525856000037
4.856354222999926
3.74839669000005
4.161986107000075
4.125053503000004
4.180951822999987
7.225695811000037
4.434888795000006
3.961332255999992
4.25533125100003
3.638260511999988
4.353967379999972
4.063164732000018
5.705987279000055
3.838255704000062
4.15676532100008
5.282744431999959
6.770443114000045
4.819364457999995
3.887444438999978
5.038063263999902
3.764487665999923
4.854691135999929
3.887459983999861
3.932050523000044
3.517205936999972
3.494335342000113
5.423650045999921
3.84083055699989
5.179272535000109
4.346745487000135
4.581783159999986
2.871675323
3.790129213
3.691610062000002
3.187133992999996
2.973123043999998
2.914674528999996
3.101651068999999
4.31623210699999
4.648235043999989
4.318126457999995
3.905431863000018
2.865714880000013
3.68718628900001
2.829462383000021
7.392940820000007
2.981333794999983
3.215473671000012
5.518548103000001
5.08549037200001
3.378106593999973
4.923574710000025
10.14018849999997
13.77115727
14.97072898700003
3.245668776999992
3.055895135000014
4.324718357000052
2.849697882999976
3.808009254000012
4.51379135000002
3.190599185999986
9.220200113000033
3.103131243000007
3.768610254999999
3.458505501000047
3.814883225000017
3.73291434600003
6.158661454000026
3.43911953700001
3.974147487000096
4.745007259999966
4.215790274000028
3.918356394000057
3.937030034000031
4.478214221999906
3.71448405600006
4.960628530999998
6.338765460000104
10.522315091
4.308923131000029
10.60726133799994
4.377151326999979
5.571467358000064
3.942312936999997
4.09314128799997
4.450027550999948
4.112937143000067
6.816810725999972
4.54546262100007
4.101696650999997
5.26987481499998
3.970438526000066
4.672896472000048
4.309423487999993
4.020129859999997
4.914154969999913
4.545537643999978
4.501086633
3.84863838199999
4.336474001999932
4.036796057000174
3.856546874999822
4.366355535000139
4.582425366999814
3.891113406000159
4.110708422000016
4.038416523000024
4.719273083999951
5.22989986399989
3.68580273900011
4.079550503000064
5.720873557999994
6.280859416000112
4.664969699000039
16.17207040400012
4.47852805399998
4.267482534999999
3.862539921999996
12.34606135800004
5.432518052999967
4.593100477999997
4.647947196999894
8.769205865000004
4.906384152000101
3.541312183000173
3.904895002000103
4.355644030000121
3.640430154000114
3.930551398000034
2.862229318
3.513417653999998
3.537051037999998
3.527615052000002
5.661364966000001
4.789248780000008
3.915687423999998
3.913076763999996
3.412673349000002
2.960596842000001
3.719661954000003
3.707729070999989
4.581339850000006
3.514899050999986
4.124755837999999
2.837961716000024
3.289715199999989
3.612651537999994
4.189300161000006
3.071185044000003
3.373004452999965
2.92155682799995
3.372842680000019
3.099459729000046
3.039865354000028
2.977378407000003
3.339374161000023
5.074644484000032
3.840865119
4.897670800000014
4.101914023999996
4.433803737999995
3.278623590999985
3.559353344999977
2.985133777000044
22.96703296200002
3.677274272000034
10.14664592500003
7.963296932999924
8.620901883000101
3.724686156999951
3.464199737999934
4.309992338000029
3.969488565000006
3.954850511000018
3.815656750000016
5.021479710999984
4.613958679999996
7.396318551000036
4.473081686
3.826314859000036
3.797522954999977
4.938980586999946
4.812018541000043
5.47397627600003
4.361680156000034
3.687854810999966
4.610888172000045
3.742443492999996
4.321185366000009
4.823524411999983
4.638414469000054
5.350339637000047
3.61827636299995
4.446749646999933
4.675450904000058
4.925282570999912
5.100772395999911
5.258637262999969
5.156597198999975
4.587107754000044
5.07150212900001
3.737846367999964
4.087297705000083
4.388630882000143
4.692313858000034
22.34500625099986
4.504206006000004
3.614895731999923
4.533548647000089
3.955124152000053
4.844737439000028
4.160911522000106
4.030691628999875
5.91027700099994
5.651433182999881
4.7362893359998
4.479526389000057
3.788367405999907
3.745677058999945
4.202898989999994
4.162205547999974
3.647662759000013
3.899348001000135
3.509808152000005
3.882010471000058
5.913746429999946
3.746121291000009
3.674816433999922
2.864130198
3.348472936
3.4900679
3.149503545999991
3.391487995999995
2.909999298000002
4.284922272000017
3.476829556000013
3.872158329000001
2.937983497999994
4.509800214000023
5.876768042999998
5.181552288000006
4.353777003999994
5.289063881999994
2.975511417000007
4.269087858999967
4.345018651000032
3.027977286000009
5.435935616999984
3.46038013399999
3.16414191299998
2.845462629999986
4.372047921999979
3.979014234999966
3.69278998499999
3.509391705999974
3.770763036999938
5.699167418999991
3.180289492000043
3.324126277000005
3.350801107000052
5.659862344999965
3.48133068300001
3.298131355999999
3.318696835999958
3.992857246000085
4.02790802800007
3.55446296599996
3.209438558999977
5.090701384999988
3.844823736999956
6.141039339000031
3.601157794999949
4.590570060999994
4.402634589000058
3.947978202999934
5.885284987999967
3.987962100000004
3.646989173000065
3.999161854000022
21.19199028000003
4.10845623299997
4.925176784999849
5.027222543000107
4.335148133999837
4.459807032000072
4.296721086999924
4.376075466999964
3.950799161000077
5.028733722999959
3.931302663999986
4.237436752999884
4.914181138000004
3.917878260999942
5.280411587000117
3.922000718999925
3.665246952999951
4.313724266999998
10.46689957400008
4.44639213299979
3.780512541000007
3.97115428799998
3.839411100000007
6.184986969999954
7.455452042000161
4.847327716999871
5.988966843000071
5.400459414000125
5.36891023599992
5.792092934000038
4.300939305999918
4.834162607000053
3.840087826000172
4.08016428499991
3.75840704999996
4.866843766999864
4.830203078000068
4.661844146000021
4.447013637000055
3.562949328000059
5.016556460999936
3.597007180999981
4.347656013000005
4.833582643
5.244361740000159
3.921307157000001
4.50894687899995
5.416442231000019
2.862177578
18.787599302
7.195939135999993
14.95309196700003
4.969504604000008
15.32761877999997
10.05604627100001
12.00623047200008
10.61049226199998
10.03129114900003
3.934215888999915
7.912953678000008
12.21699921900006
15.54429600899994
9.101376280000068
13.14321160999998
13.88491648799982
13.97857683899997
5.002179006999995
15.45773413500001
14.93545811199988
11.23960246900015
6.359011151000004
6.620371673999898
16.29548662899992
5.843795955000132
26.57589549500017
10.44383465100009
4.592754130999765
8.944439510999928
5.766457351000099
14.24516252700005
16.07802401299978
5.668808899999931
17.43435755700011
5.591919883000173
6.427312734999759
7.414620055999876
24.46418266399996
20.41447700299977
16.43127226900015
16.03144341500001
30.33997344199997
14.32314444700023
15.92169758499995
15.78643064800008
18.7962823150001
6.572265930999947
11.40899431499975
17.8423139359993
3.876313724000283
9.770465550000154
4.402273027999399
8.121058454999911
12.10738998899978
7.351785651000682
7.065865536999809
7.637825820000216
21.83429092200004
6.253921202999663
20.81226292500014
18.73957298900041
14.03444741200019
12.85059847999946
11.49528734599971
5.856840450999698
16.99618409300001
3.782078467000247
6.201386192999962
13.11430947299959
5.227663024999856
12.04558147300031
14.87830845899953
6.288746217999687
16.23921693100056
8.119213490999755
3.595254621999629
7.906604179000169
5.248675069000456
5.127509543000087
5.639007171999765
4.412588005000543
10.12679530599962
9.662928384999759
5.116571538999779
6.573670931999914
11.21093374800057
6.372060008000517
7.123150757000076
12.89450353200027
5.192312631000277
8.495758592999664
3.554308075000336
16.85972405400025
15.19165023499954
12.21964290100004
19.53138064299856
16.71462954399976
14.35551452499931
2.867165088
6.115476321000003
6.642290809000002
14.29146943899997
9.363593444999992
5.424796605999973
17.12964672399994
15.09246074700002
3.041012163999994
12.52435894599989
15.71043917500003
2.974274830000013
3.286500384999954
16.21065837599986
17.12677462799979
6.579877420999992
7.777997150999909
16.112781885
10.698414512
15.80742502299995
5.801042140999925
8.137598342999809
13.88848491699991
13.87841038700026
3.076927551000153
17.22800790099973
15.58896893100018
12.99361108499988
12.64175394899985
16.81115072600005
24.23549569099987
17.27337230800003
11.96524858600014
12.78220978200034
17.42293519499981
5.525686067000152
16.13892141299993
10.20855850700036
3.959257989999969
4.390278997000223
10.47894997499998
19.23578864200044
14.50973768099993
11.85789890099932
16.87706673100001
17.19583322800008
24.5392060209997
7.192031682000561
26.0626219830001
7.895530097999654
7.86717834799947
15.54353039700072
15.48767482899984
7.135633546000463
15.22066550399995
23.7127304960004
14.57772844899955
3.954280520000793
6.625459747000605
18.46354084399991
7.689050447999762
23.53012851399944
11.18615279999995
11.37764754999989
7.817620978999912
19.92517723399942
28.84780712800057
10.96533458799968
29.00652945599995
16.91871675500079
3.966033433000121
21.5337192119996
15.14279238000017
19.5380740089995
20.21798912099985
18.55302574000052
23.764888574
7.81372074599949
22.7953540260005
10.03140617399913
10.74089003200061
5.572287585000595
8.91426470999977
4.921058447000178
26.17028544400091
30.4733260009998
18.86453971099945
5.736307765000674
18.56549351799913
6.040000510998652
6.49113200300053
22.05345029199998
12.90784523699949
6.32321074399988
19.82975695200003
8.497949893999248
9.076705998999387
18.79832556499969
18.99563992799995
