2.757852943000001
3.300440359
2.392722951
4.510369528000002
3.892925820999999
2.728436270000003
4.546857545000002
3.467825609999991
8.537443815000003
1.428843873000005
3.427263658999991
3.373191062999993
3.240885203999994
3.245052681000004
2.210078441000007
5.438291980000002
1.732769347000016
7.80796899500001
3.349686448999989
3.098114971000001
5.401813011000002
1.711218873000007
5.798003148999982
2.164790207999999
3.40824843499999
4.424090245999992
4.328396094999988
1.879845190000026
7.611034426999993
4.564704806000009
1.230004312000005
2.250987700999985
3.406859988000008
2.141142689999981
1.293797487000006
4.310133091000012
3.34387114499998
3.72633403399999
3.490855103999991
3.139023055999985
2.713701523999987
2.201402320999989
3.750770215999978
3.473449985000002
5.030982956999992
2.844712804999972
4.02070733100004
2.869110964000015
4.649826786999995
2.609462076
1.960672822999982
4.225025117999962
5.072100299999988
2.823648530000014
4.774323125000024
3.663668201000064
1.567337786000053
3.735110074999966
4.539623084000027
2.588356974000021
5.807494790000078
2.231531939999968
5.504529496000032
2.728174573000047
3.128730963999942
3.329122138000002
7.547783593999952
2.738829301999999
3.132412879000071
3.724283674000048
4.144281499000044
4.637352628000031
2.898686311999995
4.263054221000061
4.028218856999956
1.909213726999951
4.930220309999982
1.911378446999947
2.807296555999983
1.358333515000027
4.507848541000044
2.742150305999985
2.677205275999995
3.216005343999996
7.849993908999977
1.903927602999943
2.030306820999954
4.02489105799998
1.103498627000022
5.108178511000006
3.123377277000031
1.91211105900004
4.478478713000072
3.413606086000073
3.768834548999962
2.085856821999982
1.561722996000071
2.112788483999907
2.569393815000012
2.441820764
8.883363953
5.586306298
5.020165575
3.194412509000003
3.735978787000001
5.106210981999993
3.546238197000008
3.965199937000008
3.404032478999994
3.700139870000001
3.873405001000009
3.978795921
2.329381455000004
4.348305403000012
2.179580467999983
3.666668853999994
3.301521154
3.887146830999995
2.379107625000017
4.346859223999985
2.770225981999999
2.690331025000006
8.208488918
4.574743135000006
5.785568763000015
3.095866036000018
2.768179912999983
6.328503810000029
3.827490711999985
5.349859284000047
3.573028441000019
3.92927038900001
2.165870678000033
4.091940020000038
4.191932483000016
3.827170421000005
5.116407820999996
6.772553719999962
5.152880578999998
4.376391771999977
5.412764575999972
3.163522343000011
4.737821320000023
3.889762093000002
3.192218952000019
1.941093961000036
2.876651630999959
19.70239710599998
3.914245419999929
4.125604646999932
4.687788827999952
2.679403579999985
3.366757827000015
3.202301662999957
4.334006549000037
3.70313752900006
6.747868180999944
4.694770409000057
3.261347380000075
4.558256378999999
4.779988592999985
4.429697408999914
8.778438764999919
4.437627072000055
2.294881874999987
13.19407481200005
6.382887127999993
4.145422635000045
2.974249777000068
9.570072872999958
4.401486424000041
1.708310998999991
5.76926585199999
4.117217494999977
4.049109975999954
4.419166732000008
5.036671683000009
6.180970457999933
5.034696097999927
4.401883741000006
4.908556298999997
3.995318945999998
6.808019001000048
5.884101731000101
1.910954179999976
5.595624775000033
4.222161530999983
3.741531107000014
2.082561145999989
2.62934248900001
10.67534346399998
7.367014577999953
9.308774825
8.084478624999974
3.284189478999906
9.341555930999903
1.793246726000007
7.663465291999955
10.049526837
10.759782063
11.529841148
8.413378648999995
11.47012828
12.62435462900001
10.77870275299999
12.06884792199999
14.100452155
12.381363945
12.147385867
14.509176185
11.16048904100001
10.88743896
13.89242340499999
11.38777297999997
8.979577487000029
9.565422210999998
10.42493977399999
11.65816526899999
16.48029026
11.02122233
13.39067630599999
12.15737504099997
14.409493994
11.56862382300005
14.04876698200002
22.57458547199997
13.22058531999994
15.24814055499996
16.74573391300009
16.01639701500005
9.977461070999993
10.77350262300001
16.073796356
12.78655313700006
11.81713872900002
14.96179628899995
23.2734953339999
13.87668003599993
14.66739699200002
16.40345209300006
19.43472531099997
10.83899695399998
16.212305883
15.96142618099998
16.19111147399997
11.66249371799995
15.10874973199998
18.54524772799994
11.00714037400007
13.20357461200001
13.99635125899999
17.76190893700004
19.44864831999985
9.73718867599996
12.48935162499993
12.69709029499995
15.23769031799998
10.80972037499987
12.21933164400002
17.31180606299995
10.76018824800008
13.02568437700006
14.6453035290001
16.93995073899987
10.24481583199986
13.11714674400014
14.82407733799982
11.86049900500007
13.77120885799991
14.99293546500007
13.52919407100012
12.09927268599995
19.0322494699999
17.1550375339998
11.57015354600003
18.69122793600013
12.20762511999988
13.0237109929999
12.53526273900002
11.88359725100008
13.15482115899999
12.10552695600018
13.33555872200009
13.79579621099992
12.73993547100008
11.32974512800001
20.51440157899992
14.80509494500006
10.76281489899998
12.42701459699992
10.9555742
16.41977254499989
11.91141706900021
15.39048800399996
11.66520404699986
12.98215125799993
16.95758337400002
15.470433794
16.253418853
21.40048688100001
21.554503786
18.42112879999999
19.35252069699999
18.319880404
18.14222910300001
18.00714321299998
18.77756252700001
17.96222441699999
17.07566874000003
22.89474337900003
19.81747462300001
26.25620921699999
17.75258868699996
18.99126154100003
14.98765731500004
23.83593413300002
21.69386993199998
17.32953819500005
19.55134810599998
16.41416647900007
26.42358199299997
14.64716871999997
16.30046744800006
16.28686406400004
21.19349792000003
19.45699231999993
24.766013122
21.88718394399996
19.06878292900001
22.18843847099993
19.17776200799995
20.74968880099993
18.33581905999995
22.512080094
16.20577640500005
22.94338799599984
18.48133357300003
33.64695701899996
34.27419113600013
32.62689976000001
26.8070250090002
22.53516514500006
20.74513175399989
24.94509931900006
19.90636608199998
20.9936297170002
22.00164722999989
26.2314360580001
16.91251675099988
20.759593537
17.7581989329999
21.16234727899996
22.91350856899999
16.37135955300005
24.55852063599991
21.28117515400004
13.86126224500003
22.13805377599988
28.25500621499987
10.20046159000003
20.174238393
21.90810969000017
18.43015978299991
24.88876911600005
21.95400776199995
17.55372347699995
25.42009971199991
17.35427376800021
20.24188949000018
18.64968317000012
13.68631028199979
21.36651031499969
17.07060497199973
17.41381522699976
20.75475341399988
17.97380364199989
19.83961300100009
22.24253977800026
14.9798781049999
19.32379726399995
17.49778800000013
19.13295593800012
17.62344456300025
22.95508516100017
19.36020047800002
21.52439248199971
23.00143819100003
17.00615539199998
16.401272694
14.67939694500001
16.85271774100011
22.2849406739997
17.18351153899994
19.85260881900012
22.28245255000002
23.07578925500002
26.849976421
26.886428821
26.16310509
24.70187265700001
17.63682437899999
21.37838271500001
25.397744211
31.66292763500002
32.69178778700001
31.17222917700002
27.906560802
26.625236814
28.18307395300002
32.22898547300002
32.61781198299997
25.78940336800008
28.10349321399997
29.58166745400001
27.61883332499997
24.40355258600005
30.35772372099996
22.594086576
26.62124378399994
19.11742029599998
31.11101920199997
24.13832618700008
26.07364733299994
30.78971939899998
28.50939089099984
27.96581287699996
29.00715433400001
31.24463129500009
24.432018664
24.66327637399991
28.69711858100004
25.67073703400001
24.71820272200011
28.95898604700005
27.38959420599986
26.37902204499983
30.29537041599997
28.87264759100003
32.99346916399986
27.46433510399993
29.52911384899994
34.30583749900006
30.76564517100019
24.86396759099989
35.80837339799996
30.36362256400002
30.68274785600011
25.79673660699996
25.80770978399983
33.18136861699986
28.48314403799986
33.80618527299976
27.07940713300013
33.844955691
33.07887141499987
24.58087160600007
38.3936839439998
29.44558310499997
24.36088557899984
35.92515834100004
25.02113129000008
35.57499187300027
28.79148447699981
28.69729298699986
26.57135836999987
37.76334173699979
27.67585520700004
35.21129087200006
29.34146963900002
31.91687200600018
27.71695752300002
30.24071600300022
28.86442932199998
27.45127064600001
26.86347210200029
28.54716752800005
35.55855330399982
26.89109630099983
35.32334859299999
25.65645016500002
21.68402213399986
36.50115220499993
30.56576374399992
23.05615357600027
27.09456064899996
26.85505059099978
32.39172110799973
25.14596797700005
27.09874918399964
26.12851511299959
33.07255791700027
31.39107708100028
29.1712645409998
29.07729952999989
36.28027327699965
34.576347922
38.01335585100001
44.855758294
36.91818083999999
29.267212379
26.88733729800001
25.825630257
34.03121015900001
43.16077657399995
35.28317662000001
40.73437613000004
36.28788034399997
40.79414597799996
37.46223509200001
36.57459691100007
37.43028897500005
37.66606648799996
28.99870074800003
44.27762942899994
34.48092683699997
36.27048615199999
32.32791244299995
39.92970445700007
38.32922065900016
39.60230488900015
39.15546380799992
39.19422532999988
35.40816463900001
38.21772622399999
35.15109710300021
40.57481366100001
39.04055363900011
35.8831668639998
32.61278562100006
32.72551528300005
35.54120194000006
39.40406649700003
39.47073799299983
38.48963240300009
35.54548804299998
33.4947325600001
28.81649326399997
41.49371434699992
39.21887801599996
38.40749966099975
31.25861379299977
37.01857454600031
38.46551772300018
30.21292448500026
32.84761215499975
26.14565047500037
38.90454748499997
32.16173972899969
37.681727185
40.1511905049997
38.41598822900005
39.86072472299975
36.95698115200003
39.49773348300005
40.46373547999974
36.35878373800006
36.06380896500013
39.51765209599989
29.49970871900041
27.91497557299999
27.7628031459999
40.35192801099993
31.25091074600005
35.06647574699991
37.40594085899966
39.83463542100026
38.72532142
32.39291870699981
31.20396793300006
29.97303103700006
28.47763928099994
43.56552840400036
36.75397511700021
38.33967927699996
51.03405419599994
42.58491064200007
43.11378071299987
35.76447394099978
34.48804315699999
37.99449374999995
32.3740030429999
28.88273415899948
36.04547650200038
40.4061159490002
44.07440704500004
39.69966665900029
36.11537701699945
48.59413726099956
45.08298312199986
39.56309333100035
39.25226532099987
36.29896240200014
37.76337250899996
46.99725819499963
37.961757142
41.341465582
32.87043107300001
39.01858102100002
41.652695155
36.50684587299997
40.95501754500003
36.34693836999998
38.75955409299996
42.25154102300002
35.22873486700001
36.85958746599999
39.38295352099999
40.41785434899998
43.679262795
38.12896666099994
42.27594135800007
32.70941199200001
41.03066535699998
31.92802931799997
41.22707728800003
37.35520539699996
43.20270493399994
41.06943045000003
42.91128780999998
34.769866632
31.36962851000021
38.43768469499992
44.90132096399998
51.04513992700004
44.33864631599999
28.16000796700018
39.18368790499994
41.24977846799993
32.47666239700015
41.08896048600013
38.58217842299996
44.97885599599999
39.36222282600011
39.08242550600016
43.09101644800012
38.94795124499979
38.04745578000029
42.11831934599968
41.53170843999987
36.78436523399978
37.16489694200027
41.63224895199983
34.52272143900018
34.33220253800027
34.10630355399962
38.50376310399997
36.52115328700029
31.54964929200014
36.13109875600003
42.14802025099971
43.34554030699974
36.18254039500016
30.61890626100012
29.14311603499982
32.56668667599979
34.54127791699966
44.78206842100008
42.27466455900003
36.70233991500027
41.59927692299971
39.21215878800012
41.07288877599967
37.8390045899996
29.36682509699995
45.10334072900014
44.1210860719998
51.40359029800038
43.37323913
41.63280511799985
38.92408212699956
45.59008473299991
47.03213364099975
34.77450077999993
37.06547571300007
29.89032390000011
36.65803156500078
39.84205597200071
36.40121726999951
39.29317516999981
42.48027488400021
37.85385460900034
33.43088173199976
34.48327282799983
37.96147048999956
43.73694267600058
41.12172427799942
28.42522728299991
30.67415867399995
40.21898297699954
39.90049078399989
34.4919068650006
41.1146423250002
37.40074545199968
40.559778164
41.19897165900001
38.650088428
44.4013295
40.24011982099998
39.05432714800003
39.920894342
36.64450218799999
38.42374614899995
38.461154228
38.81402377299992
38.92719664599997
34.68407092300004
34.80909198200004
34.447428016
35.33340976900001
40.024080744
39.231480057
35.03828000999999
36.33150036500001
37.5893137700001
37.49073513400003
41.44310260099996
35.89861413899985
36.4568755570001
36.16684260200009
33.45923166200009
40.30177371699983
36.5835272459999
39.06429384399985
34.27779626200004
36.95687031000011
38.022952412
36.29478145799999
39.88917584899991
36.05973091800001
35.52579179400004
26.92479234999996
25.67561101000001
21.04772013699994
25.51308198200013
41.71871742100006
35.5286502890001
36.39015426699962
38.10737698299999
34.40853449499991
37.71042078300025
40.34583255200005
36.98546243600003
36.36981207999997
41.44648715899984
36.79408540900022
30.15254136400017
33.29964501699988
32.26355897899975
29.67430260900028
25.72812563300022
46.92063646900033
33.58894573499992
41.42011798500016
36.75977337999984
46.90226678099998
39.33939478000002
39.47086113200021
37.20018442800028
41.23776718600038
40.34681292999994
39.84635642700005
37.81304744599993
39.06092934799972
38.4208278330002
38.129284396
28.83746563300019
41.50502721300018
39.93518876799999
46.14528677299995
51.62265959099977
39.03354201399998
43.28483884900015
39.98191559500037
41.42720525999994
41.57626893099996
44.53710633200035
36.49874674500006
35.02317841399963
42.77935922799952
35.3767040419998
39.35895566499948
39.3583438579999
37.74421716699999
37.1610960930002
40.39782796500003
38.23498615100016
48.57703238799968
45.05280991899963
38.8021350479994
39.1277952169994
40.87714900399988
39.61151449299996
44.445400125
41.181586267
33.18715234399998
29.16711443099999
41.19043213800001
45.25649045699998
36.81196764600003
39.01793839099997
39.01417003800003
27.301698821
27.15945114299996
38.862296335
42.44954815699998
39.78001820099996
39.53803473200003
40.97791444100005
38.52840640900001
46.39177479199998
32.23985838999999
36.27708960500001
47.07185028700007
40.58473257600008
38.60332285100003
43.93308109500003
37.01569032299994
32.41612361300008
40.38891712999998
45.17304199700015
37.61898334900002
47.33995378099985
43.64794340100002
37.67953550100015
38.37419714500015
29.96092691900003
40.36596774400005
46.89154227299991
36.47663918900002
33.96333862999995
36.90961975900018
40.45245194400013
35.10789840999996
45.79143043899967
42.58502727700034
39.71881587899998
37.68287268999984
33.88234029599971
35.75088796099999
37.08371407899995
41.99480671599986
42.24083484900029
35.58655834699994
34.58267203800006
37.4336485419999
33.35161431699999
34.95487106600012
39.18413702199996
39.94167526999991
38.30096423799978
34.6366789929998
36.09363911100036
45.59475339699975
52.72343457399984
33.03526915199973
34.31679359200007
40.16926432199989
43.99579333499969
37.66694633800034
41.64953314600007
37.25600200100007
41.74435679599992
38.01100638100024
35.33619462099978
44.84428359899994
42.73324913799979
28.24804048999977
40.20144141299988
45.75692175899985
34.57576977799999
35.31101588499996
39.71397974999991
38.78539630599971
31.08492921800007
53.7495318830006
41.60231017000024
33.26452629100004
38.07414730600067
38.7532683139998
32.43397536999964
41.0984684820005
38.75974657699953
32.12554438999996
36.92765237000003
38.24208491599984
32.44351459800055
36.99106796100023
36.58768557700023
33.46700705600051
28.17214273500031
31.8679487950003
42.558466154
37.749226296
39.18027712899999
33.873093372
34.93320686799998
31.17050689000001
43.22827391999999
29.46530895000001
39.34431400600005
38.25236029000001
35.35243845900004
41.65912026299998
37.82907715700003
37.03190859100005
33.86739064599999
37.52469330999998
34.08683325800007
27.15396668200003
28.83298372100001
23.69629902499992
32.77356936700005
42.97942217800005
41.16138521100015
41.99692354099989
38.69294495899999
25.378165889
24.74805612899991
39.4063009439999
41.77040539599989
81.87005633699982
20.88365813500013
45.71391091800001
42.51610119499992
40.70813727199993
39.51295166599994
38.51517414999989
34.18365515200003
45.36425228200005
42.11506199499991
36.65907077499992
36.6056304409999
40.95920182100008
36.3894050140002
35.99736973500012
31.47894228399991
34.12348628399968
37.9506383830003
39.46205601100019
43.82867394799996
39.86754649199975
38.13701022800024
45.67615859699981
42.22508129800008
35.50225191899972
37.46921146299974
38.91732303800018
44.90385934100004
43.64975950999997
41.619348059
39.1493932139997
36.71991156100012
36.67460237700016
39.44787678199964
39.97730604600019
40.83863264499996
42.26691467099999
42.24615995999966
38.7125840130002
39.79446710100001
37.57960396999988
44.13176051200026
51.02423172399995
42.56988004999994
39.37253105500031
38.34970855399979
37.33731711699966
45.884206189
39.05510913299986
38.35458951700002
37.17681060000041
35.5421645589995
36.68150113899992
43.14107186700039
44.56388506700023
34.12148295200041
34.33182093199957
40.67084463399988
34.61113944499994
36.24277093599994
34.04969184099991
38.26249602499956
42.1240744859997
37.76527908699973
46.87037859599968
41.50833855300061
30.35473114399974
38.23194683600013
41.52165798199985
37.91725032999966
7.172533498
7.171005113000001
7.189258452000001
6.168307612999996
5.972020897
6.796078080000001
3.821044846999996
6.284380918000011
5.667466937
5.980172316000008
5.740020594000001
5.670947033000004
8.464210535000007
6.516315251000009
5.927896448000013
5.809088156000001
3.332486780000011
2.277390919999988
6.230474077999986
7.850829275999985
4.791531845000009
5.192628611999993
4.975136343000003
5.815465592999999
7.288996419999989
5.399619631999997
7.405009474999986
5.826330527000039
4.387967023999977
6.501190301999998
6.159710689999997
7.299993184000016
8.668398913000033
6.816347696000037
5.942760347999979
4.976989195000044
8.805387994
4.704722096000012
7.158488381999973
5.415244653000002
6.264970452
3.132468604999985
6.648878378999996
6.012199812999995
8.144544265000036
5.925277328999982
7.340700448999996
8.242518808
6.088303773000007
6.182103045000076
8.050677667000059
4.292714512000089
5.235214712000015
7.370037993999972
8.665985465000063
6.835231888999942
6.951320126000041
8.085054512999932
5.270587225999975
6.890448400999958
3.886993758000017
5.215295099000059
4.408627561000003
6.46057413799997
7.229806072999963
7.036945850000052
9.218615118999992
5.414356796999982
7.7371780819999
9.969795475999945
5.618570433999935
5.900379841000017
5.098089008999978
6.653555739000012
6.603088594000042
7.116387890999931
7.013020163999954
5.445420551999973
6.396966787999986
4.366111659000012
7.220591973000069
3.306091928000001
6.182329181999989
6.215238266999904
3.558689319999985
5.266892047000056
6.328937980999854
7.066554301999986
4.503528007999876
7.018785196999943
9.663040610000053
7.374375911000016
6.18970625299994
6.115843386999813
5.622331251999867
5.566262085000062
6.069333250999989
11.14720831600016
5.320581462000064
9.188564459999998
11.302255778
9.490461316999998
7.661055981999993
13.089598268
10.54186311999999
8.33219312300001
8.742723077999997
9.852255619000005
10.01174043899999
10.98412010799998
10.70231795900003
11.297750243
6.432149589000005
7.608211959999977
10.240225874
8.888911702000001
5.166084350000006
9.657303900000016
6.11745071200005
7.312433394999971
11.279454241
8.300982664999992
8.305375443999992
12.44520987800001
6.706308027999967
7.740485902999978
11.23830361400002
9.989064720999977
9.78117350399998
3.629515783999977
10.16863285199997
9.332460460999982
10.00525637800001
9.517626942999982
10.29394924699994
9.966770227000097
7.023117304000039
8.393140253999945
11.15013068899998
9.25471711900002
7.545112292999988
11.05840686699992
10.73795755800006
9.526373827999919
10.0921255180001
5.80620710900007
4.972008366000068
11.49121628300009
7.315793622000001
15.824775961
10.62305292200006
12.54285437699991
9.313781529999915
11.949415359
11.27752013700001
11.018607804
11.40660493500002
9.959374092999951
8.281433911000022
10.40159037299998
10.99006604600004
12.65263180299996
11.04690484700006
8.701454649000084
11.19784991300003
9.896011931999965
11.75765628599993
9.958735391000118
12.54224145900002
12.76398336000011
14.24742698900013
9.584941952999998
10.46725076899997
8.886998128000187
12.33563898800003
12.68416862199979
6.720636680000098
8.933094517999962
10.45590473300012
9.645923670000002
11.40436107599999
7.021013139999923
6.386930578999909
11.40620894800009
12.24524296700019
8.621927009000046
6.09214418800002
13.89858030599999
7.410066981
7.33946271800005
7.745645593000063
8.204813534999857
8.939378622000049
14.34544778300005
10.71526598800006
13.30865017799988
9.516074354000011
8.688328361000003
9.917816725
7.810552879999999
9.418975187999997
9.450684971999998
11.147777241
6.355631509000006
6.499945689
9.305861746000005
9.77721308000001
6.202211863999992
6.770222143000012
6.362315397999993
7.372113801000012
6.632653626000007
8.159321735999981
11.92083595599999
7.148803167000011
7.629064950000014
12.35917238599998
8.403337980999993
7.774140563000003
9.963660173000051
8.820136622000007
9.043405982000024
9.556994692999979
10.23489145800005
8.429089389000012
7.88451110699998
8.237594612999999
8.791769931999966
4.290188388000047
13.50909822199998
8.268733988000008
8.093226243000004
7.821120038000004
20.42230512999998
7.179882141000007
5.557907852000085
10.56666269300001
7.304188722000049
6.625122690000012
10.73681072799991
5.164572518
8.747922562999975
13.82042261499998
9.710102266000035
10.91578756000001
7.424821427999973
9.402498184000024
7.643977563000021
8.120726359999935
8.009768649999955
8.207259442999998
7.903527512999972
8.103499040000088
8.795078548999982
7.709402155999896
7.113876464999976
7.121853387999977
11.16523044600001
9.559993884999926
5.360442075999913
12.36605990999999
8.060877312000002
9.668139076999978
9.840916823999919
6.325940308999975
11.79980710400002
9.697980123999969
7.199578647000067
9.169691625000041
8.145475518000012
10.96093854500009
10.67374511399998
8.322579541000096
5.932729633000008
7.660689134999984
8.604786777999834
10.82307336999997
10.29838197499998
10.80988566299993
7.124772465999968
8.646674128000086
7.697538053000017
6.117433604000098
6.460562258999971
7.557461985999907
10.28148307400011
8.201133783000159
9.714973500000042
12.68768625899997
10.27151479400004
8.908676914000125
12.0817985189999
9.911570192999989
7.529390045999889
8.673383783999952
8.819985998999982
10.19665281900006
20.868201217
14.866470087
20.53195272400001
16.246996056
19.68329003100001
12.55020582100001
17.399320652
16.24609044799999
14.577153686
15.84602902699999
13.82501055500001
13.29780856599999
12.021147558
10.937870315
15.684629223
13.78677992000001
17.81197993700005
15.09431547999998
15.94786500500004
13.46365490899996
12.18042132300002
16.15691336600003
13.70919950500002
21.10613200400002
15.43252909699999
18.74225644399996
15.12667138100005
14.55917145500007
14.92435529400007
16.643865097
17.75417223199997
15.50823393100006
17.82599881099998
13.33651127500002
17.24711098900002
13.31857056899992
12.03649497499998
18.77708374400004
13.73093326900005
16.61799399799997
12.24005097999998
11.85840130400004
14.51549162000003
12.66048491200002
15.72602052899992
13.73835096899995
14.30458846099998
25.32140352199997
11.51962013100001
18.02043117400001
10.82494645100019
16.53995306499996
13.05748296900015
14.0759320730001
15.82945051999991
14.6926111979999
13.00106662899998
15.85690591999992
19.57847264700013
12.00640618600005
14.56764384300004
14.86239033100014
12.93606292799996
17.96919323399993
11.02936965599997
14.51255548699987
18.60641765200012
11.18950792500004
12.83281360199999
13.10953806799989
13.91280440800006
20.01169863299992
12.35980848500003
14.28866147400004
14.47954376200005
12.65021500900002
10.82214987800012
17.43044190899991
8.524625956999898
17.86542064199989
14.987671417
14.03674168099997
15.06729390300006
12.32571597299989
22.93097861999991
14.75280059800002
14.40749633499991
13.44351635800012
14.51235117300007
13.87950264400001
15.91293618099985
13.95940340099992
16.04653889400015
13.95847052799991
14.05460148499992
14.98933772100008
13.11771294499999
23.89258198699986
12.44940875400016
67.261746597
68.96018172000001
77.04275695600001
67.03140908799998
68.4803301
62.22441338499999
61.43052842400004
76.03434243899994
63.32144486000004
68.14753881599995
70.27961332699999
67.863378152
67.95259279300012
63.70745556599991
69.21932251199996
67.86169602299992
72.18463375800002
63.89146721999987
61.93580896999993
63.52689272399994
76.51186608700004
73.47415596499991
51.15891542500003
64.16927646700015
69.36436416900005
59.90906032700013
63.099459346
56.01547157000005
52.69600052600026
62.56056315200021
57.89583873099991
55.92830294199985
59.05991336699981
68.26679621999983
68.92410589500014
67.82290600800025
69.00951509299966
60.85384326600024
70.48707364499978
71.4911701760002
75.56492096000011
62.48544969300019
64.202633203
63.57359744399992
59.99240359399982
72.94790895599999
74.24096622200022
77.09442308899997
71.02028873100016
67.04105052499926
70.09180370899958
65.53206642799978
75.23470878100034
72.91514007699971
72.13894409199929
93.34381588900033
74.21769755100013
61.70471191600063
66.14897716999985
57.59327209300045
65.63566116500078
63.21179586000017
75.22508993999963
65.4741209419999
69.61754704300074
66.16819245999977
67.14257392699983
70.34210600799997
70.28319065300002
64.43536906899953
66.65445815400017
69.74547682400043
69.20804284899987
77.91240523600027
74.24716793700009
69.50001504800002
70.15261210000062
66.32640576099948
65.46440454599997
64.66466296599992
61.37045034499988
59.47559710599944
60.70383051199951
71.01922319000005
76.10821908100024
67.72296321700014
73.26695910500075
71.1803760570001
63.03735439399952
72.29752525200001
77.66701133100014
61.85013712900036
71.9680046630001
67.2403153539999
57.7590948420002
67.61314449899965
72.98083623599996
69.39307687099972
64.51074274300117
76.412411791
81.02870347200002
79.41616660399998
87.38854285500003
82.91005242200004
82.31879484500007
82.93648177099999
91.10473078500002
67.08144551300006
83.64845572900003
73.77346696500001
84.31528412800003
104.8995102700001
112.2324130550001
77.10094440400007
86.91482198699987
79.38863790000005
66.05688066700009
85.49330488300006
90.41969094499996
83.34074972200006
88.4116369770004
100.2712988460003
82.87620444100003
73.59192811100002
96.40316995199964
103.1472864960001
68.27429675699977
77.5190454249996
61.09611052499986
77.66579722899996
75.06902279499991
69.513833643
68.35655671599989
83.28263693000008
91.77398409199986
85.32923005400016
85.22889301699979
86.30359431899979
71.69692528900032
59.47183239599963
90.96331569500035
69.67950214699977
69.98443978700016
69.68281083199963
76.76862109400008
73.70046548200025
83.3049980679998
91.07410540299952
83.64362426499974
81.810518366
80.26471234600012
75.89663597300023
65.74388023900065
88.272529932
87.07923452699924
80.52729034999993
87.55715688599958
94.17400870600068
105.6418564630003
90.01958383199963
62.45303509299993
106.1422684400004
87.71628165399943
82.99854993000008
79.03760263599997
113.3785732859997
95.39705123600015
105.0250980909996
83.46064924700022
89.39473446300053
83.67171181799949
101.3805059010001
95.14476057900083
93.60677773999942
79.03655658700063
104.8580087170003
80.19606005199967
90.01962752200052
89.36212155100111
96.51228172599986
96.92907552799988
85.13630111899874
83.14943724499972
88.87912531899929
95.77734207899994
101.3292013360006
100.2941477450004
80.16706022700055
97.93835426599981
85.13523624300069
87.10455968099996
99.10072277599829
89.42202728800112
79.30176443799974
95.05603664999944
118.7952315950006
80.68477625199921
103.2195721539993
