5.939654409999997
10.85726339900001
5.553016203999984
8.199050374000009
9.08491232499998
11.45906488
9.036292528999994
11.67001342500004
11.22982850300005
10.86309695999998
11.72360012499999
11.72708727900002
14.59969402100003
7.301473122999994
11.26664134400005
11.07316959100001
9.960993338000037
12.16233597600001
10.300180506
10.15204259600006
11.787741509
9.670554917999993
10.31461930499995
15.44357434600005
9.270051969999969
12.18421502100011
10.39782313799992
10.06565111900011
11.37869650700009
11.04994331699982
12.99394370099992
12.6177954960001
14.43923105099987
9.026711121999938
13.36663658499992
9.064071510999952
12.89534370199988
11.35356493999996
10.71591159699994
13.21123360699983
10.56943559999991
11.56627779900009
12.63883882699986
13.84829669600003
10.3257352779998
15.99476830500032
8.98670493599991
10.42147444700015
9.549659094000162
11.04545728699964
12.92345906299988
10.7079480509999
9.452918491999526
8.014187891000802
9.103651845999593
11.73185699700025
9.183757302000004
10.26995132600018
7.912631693000094
10.36962749099962
11.16998839200005
11.04565306899985
8.387285383999597
12.68579888499994
8.212810037000054
8.373188649999975
10.25115149999942
8.948131850000209
10.53446573800011
11.97928575099991
8.924375693999991
9.887497260000373
10.823078592
11.52980252000066
10.09560839500023
10.64932005499963
10.54806154899961
10.25285377599994
12.11559501300007
10.27089134299968
10.3903450519997
10.87308557999995
10.42597428599993
17.36460430800003
10.72180463500013
10.190341343
11.30548164999959
10.0294650400001
12.22641045
11.80575778100001
10.4834428480001
9.949758255999768
15.65401632400017
7.293409358999725
9.705733306999832
9.86445928299986
11.13695527799996
10.32899652099968
9.800295432000212
35.457072462
59.05167544899999
52.695196481
55.181314176
51.67576505099998
52.38825564900003
62.15580255100008
50.08964156199977
30.64598300000023
53.64031506699996
59.12852841699993
55.26679450300003
50.59124695099968
40.44733423400021
55.28384760499989
56.73128528200004
55.45696107500066
50.43383414100003
51.10276269800033
51.87045042300019
56.67246223899974
47.38311289999956
60.19335354399982
58.34626079299915
49.06218927799955
64.79227220099938
53.381131009
48.03091821299904
50.33056250600021
46.91468522000059
40.37735305599972
56.5160789879983
43.31340849600065
49.47890184699872
57.79238496800053
50.04912876000026
49.26853579799899
58.82639214999972
55.17581814799996
52.34518629799845
57.40408470599868
52.54888032399867
49.89619065200077
55.04639379000037
61.60532953200163
55.86750216500059
53.3054955460002
57.44412106299842
47.00183510599982
62.92311066699858
48.69747492100214
54.97328840400041
54.756361069999
58.12376616300116
42.58100529200055
47.18780415000128
53.07826636200025
60.57159440100077
49.66878780800198
52.78401655200014
49.50755977999961
54.48713975200008
39.17340760900061
47.36332976399899
46.93608102799863
43.37357479900129
41.04857768800139
35.52292499300074
45.56168072699984
58.45192382999994
43.6786526470014
46.63508775999799
51.35343891400134
43.53807857299944
50.9931802330002
47.57875197900012
39.49275669599956
47.19992769999863
48.5867174069981
36.32324978000179
32.56041451900273
38.39363524100554
35.17882953300068
42.28977171100269
41.56725905800158
43.39284126800158
50.05634206799914
27.13410505499996
31.24106914000004
43.1854808390035
83.95438064200243
50.81620950700017
44.64447722899786
61.34713011700296
54.28815586400015
83.59898332500052
52.25445098300042
72.43185640000229
57.98881041600362
