24.246808647
25.69590884400001
25.777789021
25.63973026100001
18.94755565299999
27.007273844
25.07408125800001
31.987727234
30.44968935100002
25.111334328
29.17434538099997
24.93383353899998
27.43894391599997
20.44369858600004
29.84334289999993
25.09828770600006
32.13775910499999
22.38333015900002
25.91826595400005
24.34071517199993
30.51517369999999
27.28312909800002
25.24345234500004
20.45435994599995
31.58867218
33.04666448299997
32.54265144600004
43.37848866499996
42.54289907600014
44.02764913500005
44.07718588700004
44.41824505
46.37345288300003
36.85289516199987
33.39641497699995
34.64332240999988
33.3959555429999
33.92033617600009
32.6278435480001
32.67584933900002
38.13693360100001
35.94962782700009
45.34768154800008
36.43685204199983
39.78461810600015
38.95743413700006
39.66213810299996
33.61170415100014
36.60018215299988
28.71362652700009
25.94195634200014
36.69430424599977
41.80769229099997
40.73788886200009
46.32244033000006
36.03335657600019
33.39066924400004
40.44556730900013
40.65627783799982
40.1259710989998
40.86941370500017
41.00873332599986
36.59065393499986
41.50838479700042
36.45634105799991
36.31661039600021
33.478150078
32.86627094100004
30.73999018999984
34.95684133800023
37.24740650100011
38.60861389699994
36.55429726700004
44.4313811359998
46.77064376500039
27.14992022499973
27.50242682699991
41.25336319500002
42.99560605700026
39.1912414100002
37.95529817400029
40.75321800699976
42.33157962699988
33.82487613900003
35.22910785400018
36.98664936600017
34.55127980500038
38.10858687900054
35.39716974000021
38.11838503900071
38.01278413999989
36.72441300199989
33.80703307300064
33.72632760500073
35.43911994899918
40.38474409500031
35.51471180699991
41.51054508800007
39.09440537299997
38.353074916
39.93438764899999
37.100238256
40.43111825700001
38.97268839399999
34.10941765999999
29.67044319299998
32.01519534699997
36.63113882300001
43.29116384099996
40.18726605000001
42.11284079299992
34.48124873400002
40.50782120100007
37.67401588300004
40.02412174100004
36.35987492499999
39.88631914400003
38.72374707400002
36.07142832599993
32.95064598800013
40.10215102200004
42.30477645499991
43.33495647099994
40.10924803700004
39.45003678500007
39.33910269299986
39.122222513
34.01839471500011
36.11856090299989
33.84694555600004
46.73364350299994
43.49828082399995
38.55619608799998
42.06787188600015
41.21251340199979
43.00174445100015
42.75349289500014
39.73628156600012
40.46235810899998
36.72450441799992
37.97655961999999
46.66252365799983
44.31085084000006
34.77694737000002
34.45208964599988
36.95647629799987
41.90322069100012
32.64930039899991
40.90884251099988
33.24473993500033
38.93163338100021
38.39453915400009
35.28315718000022
35.40283170000021
44.03762518899975
38.06250692499998
42.29883923099987
35.38285867600007
38.16343871699974
36.7153670040002
39.93542725799989
34.74380264799993
37.92015019000019
42.13362963700001
36.08084137500009
40.76163450500007
40.74422637599992
48.01806970799998
45.74276347800014
48.98385555200002
43.4083834879998
43.4420555429997
48.08356103999995
47.82609314199999
38.64155186199969
45.08117716600009
53.99367380400054
45.63873826399958
37.36627514899919
34.80110224399959
40.64319294399957
47.80923514499955
48.37323430800006
28.91566766199958
39.15509022200058
37.92066083499958
39.61151420399983
40.09869912399972
35.82343774900073
38.15647953300049
42.68398583199996
37.477657894
45.64872297999955
32.70387118599956
38.04980009399969
41.62263588099995
40.82025227299982
39.05282109400014
29.722979602
29.742665683
47.786856286
32.27095236900001
40.45934402200001
36.24342200500001
37.56795619299999
41.91595320100004
38.05466421900002
42.34910515500002
34.41185302600002
39.89114628999994
34.14623959799997
29.468230232
35.66980616700005
37.99368023499994
36.52239387199995
30.56633840699999
41.709021581
35.57756687900007
39.59118154499993
45.60357335399999
37.3957797139999
40.64011070600009
42.33384601099988
36.98085775300001
43.48386492600002
41.33948686000008
34.75438789100008
32.55647901199995
36.64135176100012
40.42720167000016
38.55915796700015
36.37049862499998
43.24090323199994
39.43276940500004
43.42449497799998
45.13132365000001
48.31978602999993
47.85132675399973
40.87049854399993
42.22481590300004
42.54980452399968
40.30511473000024
50.04295600199976
39.20942913700037
44.19650984000009
48.76940234799986
46.7501404210002
38.82881947899978
37.57105223500002
38.11035095099987
34.97670323700004
45.58654830099977
35.86825229900023
41.14029040599962
39.8604392860002
35.63868842099964
41.70807379999997
40.15538448000007
43.98473739199972
40.88755266399994
41.80647087899979
46.71289685400006
53.26664135100009
38.16327269400017
35.3330413220001
37.79340098500006
43.04258480499993
41.64032556800021
36.70199239499971
41.74552348099996
40.39060726100024
37.64816178399997
42.00570052100011
37.99335759500036
36.46201266699973
44.54341924400069
32.11007516200061
33.13483415100018
36.04053250299967
42.3807041099999
44.12479362499926
44.35682684199946
47.43446893100008
44.71806376200038
46.96085434499946
38.08459723099986
37.24244651000026
39.47997936799948
44.17011458900015
42.52526694699918
43.3951049139996
33.15551737700025
49.95165529799942
36.08733789100006
37.08588701400004
37.07548715600024
46.3694330620001
38.074850177
38.192707627
45.794129467
33.89155042600001
33.276370324
30.35515444199999
38.71189805200004
45.26120593899998
40.02409256699997
41.66700244499998
46.57998069000001
39.53983872000003
38.08915876099991
36.88795518000006
38.27751198800001
38.43701571199995
35.95444518699992
32.06754544399996
37.10891235600002
34.43351278
37.04643412899986
37.83541120900009
39.38862331399991
41.29001579999999
41.52350368299994
44.6774492940001
41.349921967
38.95608834900008
37.05759285099998
37.98663805800015
45.08245919699993
37.9230233369999
40.73181395300003
35.39068443300016
36.62337844900003
35.97503240300011
41.94244186500009
37.04581829799986
39.94937755500018
37.67109266199986
41.70698185799984
36.13013191099981
40.15825123600007
42.33398268000019
38.03031797899985
44.51797258299985
35.1599898479999
41.57571345100041
38.48177345499971
41.41934619699987
41.86787039799992
42.39651958100012
41.45717839600002
32.74599354300017
40.99369059599985
41.41730893899967
34.53477475299997
39.13347936599985
37.60670175399991
25.69225015100028
39.39431921899995
37.95275833799997
41.41775529899996
33.35067382199986
42.868635799
37.21983833700006
42.36810793300037
43.17535207800029
39.62684569099974
39.95235200000025
41.64699535299997
31.23510977400019
43.98589021599992
39.13319887199987
47.14827645100013
35.09051611099994
37.16927510599953
35.43713018800008
43.41193573100009
33.3463658669998
32.50110404399948
33.73345817599966
40.50951839699974
42.57467202999942
40.44768879899948
37.14718239099966
39.75564297399978
39.46650991799925
36.80700766100017
39.74542068800019
37.99526014100047
42.5371640150006
43.90661743500004
45.87382856000022
40.31550056200012
47.03493627099942
37.38983839899993
36.52219120100017
49.44265257200004
43.353579274
41.45268143099999
47.93748759900001
38.79676099900001
43.53234751399998
42.84201624900004
41.576805342
44.31426434799999
35.587210298
40.10870037100005
36.17623189899996
46.16328531599993
36.36260667299996
28.69197889700001
36.22820603900004
45.76788581699998
43.15554277800004
43.66288523000003
41.66815055200004
43.35271566000006
37.64006855900016
41.5721075649999
43.13250499600008
42.7546330749999
46.38318489999983
37.50417260699987
35.7328612849999
41.36047590399994
43.76954603200011
37.81708912699992
35.098887956
32.28937429100006
30.72378928300009
34.19537684500006
33.57334451400015
32.52841702800015
32.32858920300009
33.23445397399996
34.20757446199991
33.24746167600006
30.37003380299984
30.02706220300024
29.83821227500039
31.94475360999968
39.02239548699981
27.36570638000012
30.84243250600002
40.19743065200009
33.4237945509999
33.31421994999982
33.83521010200002
35.28456476299971
34.24868010099999
30.84419554099986
35.26579840400018
36.57623084299985
34.08585654600029
34.22829720499976
33.41181947599989
33.89103149199991
33.91500532499958
30.08219138999993
31.782434835
40.99911023699997
40.3513041909996
33.39124886399986
31.76685190800026
24.61093367700005
23.1123233860003
31.66711797200014
28.59019318400033
24.09036182699992
31.00025242500033
27.26082290600016
35.69049570599964
36.42795395599978
34.41636106199985
32.63348552700018
35.01609966100023
30.95753080700024
28.94773274299996
36.26042370899995
31.24530202799997
30.61609273400018
35.42369220399996
42.95505531900017
35.43714862100023
33.77204803600034
29.84922132099928
28.41737825899963
27.72234619400024
27.98246981800003
27.60125494800013
34.12324608600011
25.134912558
19.25235629899998
27.13561248899987
16.12703817800048
205.0695125459997
11.924072069
18.595006852
10.828375049
18.769188068
10.13774383900001
12.634029404
13.88679886200001
10.152211115
15.92869452799999
10.51799334199998
9.410016304999999
17.37763863200001
7.711941488000008
9.834252313000007
18.56448762700001
7.366184838000009
9.398487422999949
18.93786311700001
14.04140974699999
17.43704675599997
11.48750164500001
18.10916277599995
10.31509234099997
9.068163848999973
11.51322854999995
17.34007292499996
10.263493858
11.53439936799998
13.991405321
11.88895853399998
14.48885778800002
13.93305342899998
10.20924120500001
17.90649441700009
10.47163334499999
12.91997071999992
13.36378907000005
11.09508809299996
12.27933737700005
12.69453126099995
9.78601770299997
11.50444687599997
14.36633303100007
11.30065408500002
15.01287982500003
11.10130804400001
9.906804755000053
15.37867133999998
12.42258467900001
13.61793798500003
12.61723547599991
12.74195519499995
14.76490752899997
13.17760707599996
13.0249593929999
9.295841442999972
14.45339098
19.585042661
13.573920144
14.714072996
15.112419233
13.876301735
16.996851339
13.02153230799999
15.40294750699999
18.873339297
24.78347306400002
19.301263345
19.35955548699997
19.11805371200001
18.63049036699999
19.38833708700002
18.14458064600001
21.155627616
16.773922352
22.50186321900003
18.04456942000002
16.51215846700006
23.46307200800004
20.95577942499995
22.31627885600005
20.22006240200005
18.84337101400001
22.06130230999997
20.49726338900007
17.42814252599999
23.94887564399994
18.77311166599998
24.39972047900005
20.88319613299996
19.77832224799999
25.68390771200006
23.01542407800002
18.23838803599995
21.27976570300007
19.34653605300002
19.77663980300008
22.39711911199993
16.08217184099999
21.5150355610001
20.81540223899992
17.22199992900005
22.28272334500002
19.64985883500003
24.07166839499996
19.85862449499996
17.26606805699998
22.32832964599993
22.87765366100007
25.4634915329998
27.89554624300013
28.98169349599993
31.82964310900002
29.38156743900004
31.23166206500014
30.27137629200001
31.01135763999991
31.12015986799997
31.55889835699986
29.82030165300012
31.78776859799996
29.75008998399994
24.38809927299985
25.4889836819998
22.12714535099985
23.99999329100001
40.62585913599992
28.86454185699995
30.64648281600012
29.90198006399987
31.5466152099998
29.85365732299988
33.42423078799993
27.12391435800009
24.60174558299968
22.55442579200007
26.85544351699991
28.6243229949996
29.28590616800011
26.4956294069998
29.36435618800033
25.08155414600014
25.44851543999994
24.14739727699998
25.53937868700041
32.58128457699968
32.29004465699973
24.01506999200001
23.04750508400002
23.0910823879999
29.35405802599962
27.02483820099997
28.62594183800002
24.83721988600018
26.83198208099975
74.194567698
68.61131094900001
68.57149003699999
63.48935774400002
69.86870530099998
65.52592040400003
56.28506286599998
48.43815018199996
50.05069344599997
66.75371869100002
84.20972688899997
270.4953899970001
38.79923528099994
66.94784906099994
57.12732521899989
60.13309616599986
97.20038149400011
77.67419925100012
72.44923133100019
81.65299446500012
87.75856047900015
83.24027141700026
75.99958584499973
90.68104397600018
83.33534638400033
70.94848436899974
78.43239494099998
62.41894251600024
109.78014579
66.06327826999996
86.06200675399987
66.89660502099969
74.61258009999983
78.93844851999984
78.88450300299974
76.42904640300003
86.6460159129997
79.487532698
74.13318877199981
72.89019479999934
91.52001642199957
81.72831386999951
77.47701762199995
72.11923867899986
88.06254595599967
69.32701596700008
74.19513549400017
77.82070125700011
78.28877369900056
73.30230330100039
84.26104547100022
69.10272963999978
85.32222437000019
79.848338152
70.43160924499989
66.89515067499997
68.7894575320006
90.38556830000016
87.77142281600027
99.6393025389998
79.25509538500046
80.28931221000039
81.27975725899978
82.1323348699998
79.13242284599983
70.95502644099997
84.5209021239998
71.85650153799997
106.7393221449993
75.86260475400013
80.05717492500025
84.12201263999941
87.48855847999948
82.67120174400043
78.58990263199939
82.08568624100008
100.5445561760007
82.14674578300037
81.02425963300084
95.3959842760014
94.18036450900036
93.35370885500015
104.5745400099986
89.32136814499972
91.22997316300098
99.54068395000104
89.92060843800027
92.63696977600011
86.66246706899983
95.66192892700019
95.10590307200073
88.07334227400133
90.55020045999845
94.99276944700068
93.87763767799879
103.8581273
89.91173799699936
98.58951698300007
104.9160034019988
