1.185903124
7.067934314000002
9.91424944900001
9.747524811999995
5.529863226000003
6.113460286999981
3.916918000999999
8.984962820999982
8.125645033000012
11.255499036
9.83449251799999
11.12811681399995
9.154085329999987
8.664344916000005
2.784971901999995
6.539267766999956
4.229182034000019
4.504813861000002
15.90642597399994
12.29979127500008
3.242565746999958
9.272084360999997
2.962301009000043
11.05323835799993
3.107713116000014
6.961817182999994
2.963061559999915
6.349848903999941
10.12272671699998
5.49736496200012
2.989430015999915
5.615842198000109
12.84300137900004
8.817426486000159
2.92918256300004
7.69108532600012
10.643195805
9.976190689000077
11.48577145200011
16.92886071899989
12.225627003
12.07224883799995
10.44896171400001
9.896150431000024
7.593760440999858
11.63993358899984
4.733137698000064
6.115129851999882
10.76321297899995
10.66843262600014
7.461405267999908
14.41986429600001
5.543684450000001
9.964352158000111
3.791765513999962
8.723356797999713
5.686895792000087
12.71631992899984
14.53625528500015
11.2551132210001
6.494196898000155
11.6236154369999
8.893749851999928
13.78743931899999
7.371138756000164
12.68762511900013
14.43185865099986
15.64376137499994
8.196894638999765
13.08902332200023
16.77037567800016
12.3772907980001
3.781018761000269
10.33459114400011
17.42420233999974
4.408340668000164
8.196153520999815
8.483877509000195
6.576615733999915
9.326702048000243
8.571920879000118
4.56599112899994
10.41671860999986
12.31945250299987
4.839686734999759
10.11349180999969
10.105168736
8.444002389000161
7.033584048000193
12.59814613400067
8.487074306000068
4.319652199000302
5.502349449000576
14.406617611
7.482285635000153
13.84533202700004
4.810445122000601
8.840022207999937
9.742893588999323
1.187135683
4.411700682999999
9.201288095999999
5.928082679999989
4.057833298999981
3.954967140999997
7.704901586999995
8.131033360000004
4.670884526999998
13.27558141599997
8.006544231000021
4.742253685999913
17.42486848099998
12.00933055799999
4.703980863999959
6.526529379999943
7.391304437000031
4.773891822999985
3.10210142699998
12.75711586299997
5.694362616000035
6.085141040000053
14.11219482000001
11.39959329099997
5.486991083000021
7.768165518999922
8.307204893999824
13.37603667799999
16.92939543699981
22.58991813200009
9.359981103999871
7.083730841000033
6.693772758000023
11.43491190399982
8.334459372000083
7.463875000999906
8.818941523999911
8.778389612999945
16.17236384100011
7.068383772999823
12.67790517000003
17.72415239100019
9.526008931999968
10.73694441599991
12.05344970399983
9.563548754999829
4.930957710999792
16.81639980999989
14.68147243799967
10.93972105699959
9.292194691000077
16.60847432000037
10.04852308600039
6.374301858999843
11.86640730599993
14.55948381800044
4.15740901900017
5.581094399999984
4.025815395999871
12.62769489099992
7.171268984000108
4.545902238000053
12.46210265299987
8.819376907999867
13.75058592599999
8.191171808000036
10.35596165900006
9.094525887000145
3.302260219000345
8.822066237999934
5.745102855999903
8.888953237999885
12.43457057800015
5.337455023000075
8.887925226000334
4.533942150000257
6.950641378
17.29378877599993
5.509264625000469
13.12939067299976
13.67780111499997
11.27917126200009
6.871025164000457
11.32951611600038
14.70696285999929
14.8400908120002
2.823984364999887
3.454572087000088
12.31522686900007
11.2968918029992
6.627591163000034
14.17889383300007
15.29022554600033
16.70493119999992
3.378725685000063
10.73016187199937
9.1547811800001
9.175003947999357
15.36029293999945
1.185118805
8.811840128000004
2.992060597000005
14.34920959500002
17.972123751
6.014379074000033
5.30433009799998
14.17075373799997
5.785023649999971
4.438903533999962
6.275728665000088
8.508960281999975
13.56080251100002
7.087290457999984
12.47150605599995
7.921604407000018
4.757777499000099
10.8670540820001
11.09290951100002
5.751176034000082
15.38179014299999
2.481337407999945
12.16439138599981
15.73642991500014
11.5743435039999
3.186436874000037
11.54039483800011
10.16592566000008
9.967300694999949
14.55159920599999
15.91681187100016
10.16237293100016
6.984402666999813
15.04954582799996
14.63197929800003
6.477404408999973
5.98787577600001
2.293131084999914
6.888123568999845
5.227178879000121
10.47900054599995
16.82403953499988
5.265813935000097
8.050566152000101
12.80994188399973
10.60405354400018
11.93710737399988
6.111615491000066
8.234874594000303
8.514914975000011
14.58245815200007
20.11141304299963
10.17440072599993
13.90861314500034
2.687189060000037
10.79890408099982
8.375113649000014
8.809164869999677
5.573889346999749
11.52795050199984
15.53552938800021
15.0506535669997
10.26404406499978
8.267844571999831
11.77890498600027
4.292752464999921
8.129297161000068
10.58817380499977
3.145972696000172
12.14192935099982
10.14080794200027
16.97703218199968
9.783272362999924
5.251451721999729
6.366573710000011
4.00330441899996
10.15825606100043
14.92933458700008
7.866221671999483
16.5552408529993
7.825253436999446
12.4032844229996
12.46629398300047
9.148584554999616
4.327011182000206
9.115586285000063
4.118288509999729
6.326726868999685
17.85464422800032
8.987450742999499
8.427228384000045
12.61614181599998
7.4174536849996
5.747551696999835
16.52980938699966
17.02916841600018
16.47633336499985
15.75157100700017
5.816818321000028
1.187901856
15.805178931
6.714707082000004
3.594229677000015
8.244628949999992
4.931890339999995
8.974922502000027
10.16779807300003
5.332656339999971
3.379281947999971
6.960331775999975
10.42104994299996
5.215730538999992
12.68549789099995
12.12133162199996
13.06746119000002
14.10976580900001
20.399922769
16.99137354499999
8.48886251600004
6.020838676000039
10.05414437100012
8.102350478000062
11.09638617399992
10.06877218
11.54975975100001
6.058686031999969
9.181353602999934
11.7165838819999
6.837409157000138
7.894269759000053
4.560581664999972
8.333605498999987
3.335726159999922
13.47669583700008
6.969075313000076
12.79192933800005
9.579314066000052
11.78637081700003
4.507841391000056
6.293605207999917
16.18326969999998
12.67889545000025
14.7611919699998
11.02614759200014
12.39452913900004
5.944165745000191
7.017289423999955
18.40694276600016
6.174844029999804
11.11935649099996
3.110279860999981
10.74175348000017
9.050788513000043
8.058999397000207
13.99556962099996
13.29241431299988
8.82523153000011
19.19113020199984
11.47322330700035
6.365610542000013
16.05698358600011
18.12880866599971
10.54668644399999
12.39529176899987
9.839921988999777
5.43130740100014
18.68933227299976
8.849165594000169
14.20606473399994
13.08110831900012
7.935537981999914
13.24482848199978
11.29503338599989
17.65789243000017
5.114534071999969
23.14004349499965
18.41547358199932
12.08850728799916
13.04287523999938
12.97022486500009
8.24686751399986
17.91289825100012
12.94621241999994
14.65487760300039
11.36155840100037
15.33713656300006
5.499269834999723
19.2699492720003
7.256544846999532
10.69814594799936
12.5890402519999
8.345546499000193
6.453312448999895
6.049178270999619
10.3237291280002
6.231204534000426
10.69722097200065
17.85663840600046
1.188288658
3.144173852999998
16.72992269699999
6.557671561999996
9.073457518999987
13.48855559700002
9.525295086000028
4.843715320000001
14.22394823000002
16.56244619900002
9.527418006000062
8.761883996000051
9.422123327999998
7.64780395799994
10.29388477399993
5.662371006000058
11.45245533499997
5.826575726999977
11.97249724100004
3.27080756600003
8.867475058000082
7.016705858000023
12.77498068199998
9.900284276999855
11.27010415799987
10.87525534299994
9.122196793000057
14.64030948799996
5.383339285000147
7.492485850000094
19.51219211599982
14.85255601800009
16.92054075099986
6.840955031000021
7.084873216999995
7.697256486000015
3.311518165000052
5.825996982999868
7.591677422999965
7.829758811000147
2.732017754000026
6.164849654000136
9.639944922000268
5.064624890999767
10.25984676600001
3.697821040000235
11.15670736499987
11.34841446700011
6.624807263999628
10.37561100899984
7.673320997999781
3.041397031000088
10.06666706999977
8.918222725000305
6.489151313000093
9.881395304999842
5.737142711999695
5.783905163999862
9.194198483000037
10.98422199800007
11.97900328000014
9.736423697000191
9.872118011000111
7.835005108000132
6.179056523000327
6.204224280999824
9.87726190300009
3.025551378000273
6.947920498999792
9.835703552999803
14.99523397800021
6.845529815999726
15.88195372000018
14.25344050300009
10.27828564099991
3.608117490000041
6.163929328999984
2.863622298999871
5.559520019999582
3.649903532999815
9.065047156000219
3.568678332000218
7.364027071999772
4.584247699000116
7.984081716000219
7.404591133999929
6.632821662999959
6.562343607999537
8.156016173999888
16.27114729599998
12.36140840600001
9.966064944999744
5.534487641999476
14.24319887799993
9.267094103999625
10.46022076400004
2.001833291999901
2.994476931999998
7.749256158999742
1.183629907
2.204538688000001
3.262880823000003
1.680642354000007
2.941498236000001
2.186421486
5.914309893000009
5.29134185800001
2.163958210000004
1.972268896999992
2.954479590999995
2.368267736999996
2.020988450000004
4.420325961000003
2.80855686000001
1.926294071000001
6.315140309000014
2.033102860999975
2.143944191999992
2.705513252000003
2.092196262000016
1.690243911000039
2.106022524000025
4.758971871000028
12.93619139600003
2.069620409000038
2.077845139000033
4.967473170999995
4.11188247399997
4.403053900000032
1.294479633000037
4.059117355000012
3.160556953999958
2.019499013999962
3.050782709000032
1.834146547000046
5.938385847000063
3.223000304999914
2.517242194000005
6.661330208999971
3.113874388999989
2.555129211999997
4.645689451999942
2.31527608500005
1.744122870999945
6.674955794000084
2.106029679000017
3.032059269999991
3.666209813000023
2.255818162999958
2.608089966999955
2.306041372999971
4.617210519999958
3.627993870000068
4.566577531999997
3.357974395999918
1.959362175000024
1.183814914
6.344827703
4.364433372000001
3.037842095000002
6.008670666
3.612779519
4.771048031999996
6.735788196000016
2.334389675000011
6.395901217000016
3.720231286000001
1.152676767999992
4.754594612000005
4.324099020999995
6.208484311999996
1.396178206000002
6.500779376999958
5.339595263000035
1.555328856000017
2.735826234000001
3.327573401999985
7.096382339000002
5.264236417999996
3.984933333999948
6.530078903999993
6.086639184999967
5.884891231999973
2.647257265999997
4.652715244999968
5.300994455000023
4.919189691000042
5.760204386000055
8.007343350000042
1.779588888000035
5.099301388999947
4.194171752000102
2.294808554000042
9.146799527999974
4.579257386999984
5.676172731000065
8.685296833999928
3.983160553000062
5.683896049000168
4.56493231599984
1.769121206000136
6.511964277000061
3.315330223999808
5.379470582000067
4.593218023999952
5.124475915000176
6.209734154999978
4.61702368400006
5.385115825999947
5.653404806000026
6.180323042000055
5.281085944000097
4.718637545000092
3.814691351999954
7.941546409000011
9.376475049999954
3.658884094000086
7.303599515000087
7.807933199999979
4.61460124700011
3.862892341999896
5.971362917000079
6.650283847999845
7.609244362000027
13.79792149700006
6.686359953999954
8.330483523000112
10.87694682499978
5.663823823999792
2.890619112999957
4.27834684399977
10.93842629900018
6.240775067999948
3.369367841999974
3.438260197999625
10.33178506400009
6.170379839999896
7.817765964000046
5.728775542999756
8.871069213000283
8.793430971999896
4.353775323999798
7.436850758000219
8.893011792999914
11.41283127899987
4.549727668000287
8.449787796999772
6.722583025999938
3.288727549999749
9.441531714000121
10.07352229599974
8.067297656999926
9.327517489000002
3.256371403999765
3.114309690000027
1.187146802
16.971269294
21.31132669599998
16.52660480499998
13.85563407699999
4.738679848999993
15.08084219900002
20.19169458199997
17.83455382
9.594546462000039
13.81788181700006
177.0732427870001
15.67867050299992
3.766242895999994
6.357307573000071
104.9619341550001
4.269178211999815
16.64614089700012
36.85863292299996
25.36021836000009
20.26475639099999
7.722746580000148
16.54752211599998
22.74675887700005
5.615610164999907
15.66149403000009
10.38138162099995
17.13918166999974
40.52070038000011
19.62748269299982
41.56755629999998
22.10157130899961
27.7748714610002
13.14877261099991
21.48830585299993
25.11215763100017
25.19116594599973
24.86097844400001
23.5616778929998
12.13807950199953
18.1952029439999
16.53148368500024
18.59709595000004
10.58055190300001
32.03431210600047
7.322544196999843
37.19119099799991
18.28604873299992
6.9468946399993
25.4802809189996
12.93728374900002
31.52530928899978
24.61948246199972
22.8436171580006
19.41164107000077
20.37817356899996
20.0994762499995
15.2327769579997
3.962256392000199
17.23941011499937
9.571359465000569
20.96796512899982
19.07873251199999
40.86174443999971
21.36420252700009
20.60036653799943
31.04153734800002
17.13669055700029
12.57195247300024
13.91247114600083
24.66010293799991
28.73736222299976
30.20583245899979
20.0322909460001
38.71170419300051
39.14397729899974
27.09811713499948
22.8501655229993
34.05170308399829
34.66601834399989
13.07299055099975
7.401002246000644
11.67218277100073
23.58808402400064
19.06335156499881
21.3209326289998
20.85211637400062
28.14649525099958
10.57121607199952
27.78902683900014
34.27687888500077
4.389640772998973
11.85932205900099
16.27323818100012
27.99778729500031
25.5657663460006
19.12382607899963
31.54806376299894
20.15939045400046
