16.30556051433086
19.18318278342485
18.98440624028444
17.86033250639836
18.22822387019793
19.35365534822146
18.66364965587854
17.95242261141539
21.63373460123936
19.75082873056332
19.83378853648901
21.00843631972869
22.31887337813775
21.04013367245595
20.31523006657759
21.50979554653168
21.40918820848067
20.36802074809869
22.06149228910605
19.77296079446872
22.8106014256676
20.40458005666733
20.67653524627288
21.63038825740417
20.07355799774329
20.94636188199123
18.97022712479035
21.78569672008355
22.01838294665019
21.96649371584256
19.63349586973588
22.89697420597076
21.86398909489314
23.03993231306474
22.38666917632024
21.07402760038773
