0.0001690387725830078
2.588006019592285
9.441375732421875e-05
1.672466039657593
0.0001034736633300781
0.04266166687011719
0.1315696239471436
0.1665525436401367
8.559226989746094e-05
0.01563763618469238
0.0001003742218017578
0.0001096725463867188
8.845329284667969e-05
9.322166442871094e-05
0.169886589050293
9.298324584960938e-05
0.0001201629638671875
0.000110626220703125
0.08861994743347168
9.942054748535156e-05
0.1300344467163086
0.0001032352447509766
0.1633172035217285
0.01342654228210449
0.0001008510589599609
0.01795339584350586
0.05687689781188965
8.249282836914062e-05
9.250640869140625e-05
9.226799011230469e-05
9.822845458984375e-05
0.01903605461120605
9.441375732421875e-05
0.06904959678649902
0.1129250526428223
0.1811408996582031
9.1552734375e-05
9.274482727050781e-05
0.1003599166870117
0.0001010894775390625
0.03832864761352539
8.440017700195312e-05
0.01432180404663086
0.1526601314544678
0.0001051425933837891
0.01746511459350586
0.0001072883605957031
0.2033200263977051
0.08818745613098145
0.05866646766662598
9.942054748535156e-05
0.0001051425933837891
0.1997921466827393
0.08621668815612793
0.1227169036865234
0.01954126358032227
9.393692016601562e-05
0.0001058578491210938
0.2100980281829834
0.0001022815704345703
2.758941173553467
3.096206426620483
9.417533874511719e-05
0.02583837509155273
0.0001060962677001953
0.0002417564392089844
9.298324584960938e-05
0.2063620090484619
9.894371032714844e-05
0.0001215934753417969
0.0001275539398193359
0.1790964603424072
0.07497882843017578
0.1693837642669678
0.2111082077026367
0.1448125839233398
0.4490985870361328
0.2727105617523193
0.131289005279541
0.01533007621765137
0.01946926116943359
0.0001149177551269531
0.148533821105957
0.3038599491119385
9.250640869140625e-05
0.0001122951507568359
0.1627516746520996
0.05515193939208984
0.1592059135437012
0.0001180171966552734
0.0001060962677001953
0.0001101493835449219
0.8813552856445312
0.06757736206054688
0.0001130104064941406
0.0001039505004882812
9.584426879882812e-05
1.240664958953857
0.0001118183135986328
0.0912630558013916
2.403710603713989
0.02033686637878418
0.8894689083099365
0.1731269359588623
3.378736019134521
0.1132323741912842
8.7738037109375e-05
0.1064610481262207
0.1644623279571533
0.0001249313354492188
0.6381380558013916
0.0001173019409179688
0.000118255615234375
0.03760981559753418
0.05465054512023926
0.0001087188720703125
0.3206439018249512
0.2020463943481445
0.1487619876861572
0.0001039505004882812
0.0972743034362793
0.3732752799987793
0.195695161819458
9.560585021972656e-05
0.005401611328125
0.2641341686248779
0.0001018047332763672
0.2561872005462646
0.004800558090209961
0.0001001358032226562
0.0001435279846191406
0.2210531234741211
4.978248596191406
0.2194249629974365
0.3530776500701904
1.414377450942993
0.0001058578491210938
9.775161743164062e-05
0.0001120567321777344
0.07122945785522461
0.2740991115570068
2.991953611373901
0.1109318733215332
0.1907949447631836
0.1298031806945801
0.0001137256622314453
0.0688939094543457
5.670989274978638
0.01375579833984375
0.3977904319763184
0.0001077651977539062
0.3442513942718506
0.2714011669158936
0.07562065124511719
0.1559610366821289
0.173572301864624
0.133638858795166
0.4443895816802979
0.03613734245300293
0.0772552490234375
0.0436398983001709
0.02211403846740723
0.1339042186737061
0.3026621341705322
1.449517965316772
0.3528397083282471
0.1393108367919922
0.0001070499420166016
1.241134881973267
0.1126546859741211
0.271226167678833
0.6830182075500488
0.0001001358032226562
0.0001294612884521484
0.09806704521179199
0.0001003742218017578
0.4878175258636475
0.5042381286621094
0.1236660480499268
0.0001196861267089844
0.04369688034057617
0.2257139682769775
0.2765350341796875
0.02569150924682617
0.03114151954650879
0.4854433536529541
0.0001282691955566406
0.03005218505859375
0.1801867485046387
0.4425938129425049
0.2135543823242188
0.1402733325958252
0.3822951316833496
0.2738065719604492
0.208946704864502
0.0001575946807861328
1.123934030532837
0.0001196861267089844
0.4618985652923584
0.1855771541595459
0.4927899837493896
0.161078929901123
0.0001618862152099609
0.1544718742370605
8.845329284667969e-05
8.702278137207031e-05
0.06423616409301758
0.0001020431518554688
0.0001168251037597656
0.1046781539916992
0.1992654800415039
0.1021735668182373
1.949970483779907
0.0001068115234375
0.04180812835693359
0.09491419792175293
0.3878860473632812
0.1369490623474121
0.07626581192016602
0.0433042049407959
0.5206358432769775
0.5634357929229736
0.0937812328338623
2.257009029388428
0.0001220703125
0.0001239776611328125
0.0001039505004882812
0.0001070499420166016
0.4782559871673584
0.1050417423248291
0.2939045429229736
0.1486227512359619
0.01574206352233887
0.0001051425933837891
0.09909200668334961
0.0001206398010253906
0.03589296340942383
0.0001161098480224609
0.0001058578491210938
0.2343134880065918
0.0001032352447509766
0.1432976722717285
0.231468677520752
0.09859395027160645
0.0001215934753417969
0.138617992401123
0.06199049949645996
0.08139395713806152
8.940696716308594e-05
8.797645568847656e-05
3.51079249382019
0.1806423664093018
9.918212890625e-05
0.03197312355041504
0.1431584358215332
0.0001327991485595703
0.4795076847076416
0.439396858215332
0.04517722129821777
0.0901491641998291
0.0002140998840332031
8.320808410644531e-05
0.2716400623321533
0.0001192092895507812
0.1755778789520264
0.1383507251739502
0.1247320175170898
0.0001008510589599609
0.6785552501678467
0.0001151561737060547
0.1830093860626221
0.04096746444702148
0.5255277156829834
0.0001020431518554688
8.845329284667969e-05
0.256986141204834
0.1023244857788086
2.197609663009644
0.2167899608612061
0.178483247756958
0.0001099109649658203
0.4118266105651855
0.04698920249938965
0.2612738609313965
0.06819558143615723
3.257060766220093
0.04590106010437012
0.0001032352447509766
3.267494440078735
0.0001075267791748047
0.03670263290405273
0.2406964302062988
0.0001041889190673828
0.18121337890625
0.0001158714294433594
0.2681736946105957
0.0001168251037597656
0.1070482730865479
0.03646469116210938
0.2056617736816406
0.0001311302185058594
0.01406097412109375
0.01254606246948242
0.0001051425933837891
0.0001020431518554688
0.0001130104064941406
0.0155482292175293
0.441087007522583
9.584426879882812e-05
0.3272526264190674
9.918212890625e-05
0.2098722457885742
0.0001091957092285156
0.247401237487793
0.4086599349975586
9.465217590332031e-05
0.3484673500061035
0.02871179580688477
0.1392419338226318
0.08023309707641602
0.3185672760009766
0.228839635848999
0.0001146793365478516
0.0001339912414550781
0.1681606769561768
0.0106360912322998
0.0001063346862792969
0.08521008491516113
0.0001161098480224609
0.09759950637817383
0.1894266605377197
0.0001282691955566406
9.822845458984375e-05
0.1464054584503174
0.02927780151367188
0.0001115798950195312
0.0498802661895752
0.119269847869873
0.06537842750549316
0.0001125335693359375
0.1377122402191162
0.1498720645904541
0.1513593196868896
0.08795642852783203
0.1003165245056152
8.988380432128906e-05
0.0001127719879150391
0.4036424160003662
0.1949644088745117
0.04694056510925293
0.3293042182922363
0.1388082504272461
9.393692016601562e-05
9.5367431640625e-05
0.3100612163543701
0.04749798774719238
0.0001199245452880859
0.02270317077636719
0.1766068935394287
0.1525301933288574
0.15812087059021
0.2807815074920654
0.0001046657562255859
0.07703900337219238
0.0001204013824462891
0.0001003742218017578
0.0001065731048583984
0.03883910179138184
0.09615159034729004
0.06231212615966797
0.07388925552368164
0.09977102279663086
0.6319189071655273
0.1148717403411865
0.0001268386840820312
0.1285264492034912
0.05297064781188965
0.1980392932891846
9.965896606445312e-05
0.1636834144592285
8.320808410644531e-05
0.3048808574676514
0.0001158714294433594
0.1504850387573242
9.5367431640625e-05
0.7992541790008545
0.3690736293792725
0.08029890060424805
0.0001158714294433594
0.1436479091644287
0.03810834884643555
0.002147197723388672
0.0001161098480224609
8.893013000488281e-05
0.0001063346862792969
0.1570920944213867
0.0001604557037353516
0.000125885009765625
0.0442652702331543
0.126446008682251
0.000102996826171875
0.4583995342254639
0.1347157955169678
0.0001013278961181641
0.1525261402130127
0.1665225028991699
0.0001242160797119141
0.0001466274261474609
9.822845458984375e-05
0.1753513813018799
0.123737096786499
0.3239686489105225
3.470411777496338
0.1568765640258789
0.0770728588104248
0.02608203887939453
1.245715141296387
0.5072774887084961
0.09659409523010254
0.04533863067626953
0.07459020614624023
9.894371032714844e-05
0.06865715980529785
0.0001084804534912109
0.07935523986816406
0.2017266750335693
0.1239275932312012
0.0001230239868164062
0.05270004272460938
0.4677972793579102
0.5077760219573975
0.2069733142852783
0.0001168251037597656
0.4385340213775635
0.08903264999389648
0.0001058578491210938
0.1056501865386963
9.989738464355469e-05
0.0001318454742431641
0.04364585876464844
8.869171142578125e-05
0.0001056194305419922
0.0001063346862792969
0.2242987155914307
0.4337725639343262
0.2192533016204834
0.3285150527954102
0.1840357780456543
0.1190726757049561
0.0001037120819091797
0.1200711727142334
0.06296443939208984
0.1719596385955811
0.08720207214355469
0.2733237743377686
0.0003123283386230469
0.1322469711303711
0.1039559841156006
0.0001137256622314453
0.000133514404296875
0.7199535369873047
0.05532646179199219
0.02104997634887695
0.0001060962677001953
0.1842002868652344
0.2030136585235596
0.0001008510589599609
0.0001015663146972656
0.02017807960510254
0.03730082511901855
0.0001113414764404297
0.1099874973297119
0.05340886116027832
0.1131227016448975
0.3914577960968018
0.009989738464355469
0.3280558586120605
0.05737709999084473
0.1990230083465576
0.0001235008239746094
0.08539795875549316
0.1904246807098389
0.0006124973297119141
0.5959780216217041
0.06024360656738281
0.8906681537628174
9.107589721679688e-05
0.03278565406799316
0.02203178405761719
0.2341885566711426
0.002897262573242188
0.1546590328216553
0.0001125335693359375
0.1398351192474365
0.115321159362793
0.0001232624053955078
0.0001192092895507812
0.06409764289855957
0.01654767990112305
0.5314898490905762
0.0001037120819091797
0.3836758136749268
0.4786951541900635
0.01407313346862793
0.0001065731048583984
8.0108642578125e-05
0.04411578178405762
0.1656889915466309
4.831411123275757
0.3167390823364258
0.1729350090026855
1.851112127304077
0.0509340763092041
0.3314599990844727
0.08829712867736816
0.8679201602935791
0.01654767990112305
1.703572273254395
0.2303831577301025
6.795917749404907
0.0001299381256103516
0.03815984725952148
9.894371032714844e-05
9.72747802734375e-05
0.2034528255462646
0.6975083351135254
9.322166442871094e-05
0.1371681690216064
0.0001077651977539062
0.04996848106384277
8.702278137207031e-05
0.02848196029663086
2.912360429763794
0.2838828563690186
0.04509687423706055
0.1139662265777588
0.0001220703125
0.4126682281494141
9.632110595703125e-05
0.8264305591583252
8.869171142578125e-05
0.6998734474182129
0.08124661445617676
0.100938081741333
0.01082801818847656
0.3239738941192627
0.0001080036163330078
9.179115295410156e-05
1.930886030197144
9.107589721679688e-05
0.1686131954193115
0.0001108646392822266
0.01276206970214844
0.005363941192626953
0.0503077507019043
0.1159875392913818
0.07262253761291504
0.1683344841003418
0.01394414901733398
2.195996999740601
0.2850050926208496
0.0001137256622314453
0.3142862319946289
0.2134552001953125
0.6053807735443115
0.0001170635223388672
0.0474703311920166
0.1889832019805908
0.04271388053894043
0.1374688148498535
9.322166442871094e-05
0.2273941040039062
0.02379703521728516
8.797645568847656e-05
9.083747863769531e-05
0.2358179092407227
0.1915605068206787
0.06186270713806152
9.560585021972656e-05
0.00560760498046875
0.0001008510589599609
3.099085092544556
0.07722163200378418
0.3429784774780273
7.126992464065552
0.003384590148925781
1.71426796913147
0.0001199245452880859
0.0001008510589599609
1.432939291000366
9.989738464355469e-05
0.02548885345458984
0.0001080036163330078
0.0001082420349121094
0.0001025199890136719
0.471064567565918
0.1971199512481689
0.007141351699829102
0.05026078224182129
0.3466360569000244
0.0001120567321777344
9.274482727050781e-05
0.0001142024993896484
0.09774184226989746
0.1993558406829834
8.416175842285156e-05
0.4363448619842529
0.0001113414764404297
0.03800392150878906
9.083747863769531e-05
0.08674812316894531
0.121159553527832
0.08592319488525391
0.0001201629638671875
0.000102996826171875
0.0001127719879150391
0.0001139640808105469
7.557868957519531e-05
8.893013000488281e-05
0.0001201629638671875
0.04437017440795898
0.0001132488250732422
0.0001046657562255859
0.6697940826416016
0.1675572395324707
0.2289485931396484
1.371925354003906
1.552560091018677
0.1406993865966797
0.02898907661437988
0.313654899597168
0.1881558895111084
0.3553252220153809
0.2934572696685791
0.1043827533721924
9.369850158691406e-05
0.0001149177551269531
0.06726479530334473
9.369850158691406e-05
9.608268737792969e-05
0.01669979095458984
0.4045989513397217
0.07060837745666504
2.957117080688477
0.3294339179992676
0.170412540435791
0.2383861541748047
0.1795196533203125
0.0001056194305419922
0.05306744575500488
0.0003535747528076172
0.007771015167236328
0.1077272891998291
0.03912544250488281
0.02976536750793457
0.225696325302124
1.965842008590698
0.0001022815704345703
0.4552836418151855
2.325130939483643
0.0001084804534912109
0.2101240158081055
0.1383850574493408
9.512901306152344e-05
0.03404831886291504
9.560585021972656e-05
0.1160891056060791
9.679794311523438e-05
9.417533874511719e-05
9.083747863769531e-05
0.0001089572906494141
0.0001113414764404297
0.01478314399719238
0.01464223861694336
0.1191122531890869
0.01898956298828125
0.007618904113769531
0.2298097610473633
0.01992130279541016
0.692537784576416
0.002000570297241211
0.0001041889190673828
0.02122330665588379
0.1273651123046875
0.1848375797271729
0.0001323223114013672
0.0001056194305419922
0.390678882598877
9.226799011230469e-05
1.150475263595581
0.01857757568359375
4.798192262649536
0.1468632221221924
0.03168082237243652
0.0001158714294433594
9.036064147949219e-05
0.07774996757507324
0.2379205226898193
0.05468654632568359
0.0001139640808105469
4.988757133483887
0.1870262622833252
0.03760290145874023
0.0001075267791748047
0.1089518070220947
0.1841971874237061
0.0001041889190673828
0.4934399127960205
0.1582670211791992
9.942054748535156e-05
0.01277709007263184
0.2238292694091797
0.1066248416900635
0.7016527652740479
0.7399008274078369
0.0001952648162841797
3.400815963745117
0.4106504917144775
0.3674883842468262
0.2390525341033936
0.06490468978881836
0.5918982028961182
0.705723762512207
0.0001065731048583984
0.0001046657562255859
0.4921903610229492
0.0001018047332763672
0.0371391773223877
0.3945767879486084
0.1375160217285156
0.2988724708557129
1.27547812461853
0.2032735347747803
0.0001080036163330078
0.0001313686370849609
0.0001025199890136719
2.254772663116455
3.272067070007324
0.0001139640808105469
0.0001022815704345703
0.0001156330108642578
0.1345512866973877
0.01457929611206055
9.226799011230469e-05
9.512901306152344e-05
0.193432092666626
0.0001189708709716797
0.2351560592651367
9.250640869140625e-05
0.0001218318939208984
4.613518476486206
0.01704144477844238
0.0001320838928222656
0.06394648551940918
1.633913993835449
0.0001180171966552734
0.09519863128662109
0.2689597606658936
0.2595410346984863
9.059906005859375e-05
9.036064147949219e-05
0.09792733192443848
0.06412458419799805
0.1760537624359131
0.0420379638671875
0.009699821472167969
9.298324584960938e-05
9.894371032714844e-05
9.918212890625e-05
0.1401729583740234
0.1260991096496582
0.0001130104064941406
0.0001125335693359375
0.1553921699523926
9.059906005859375e-05
0.06387925148010254
0.09239840507507324
0.1779839992523193
0.0001099109649658203
0.4550812244415283
0.0002498626708984375
1.505890130996704
0.0491178035736084
0.0001282691955566406
0.0001277923583984375
0.05170917510986328
0.141359806060791
0.1526153087615967
9.012222290039062e-05
0.02835202217102051
0.06356978416442871
0.1057851314544678
0.1382629871368408
0.08260893821716309
0.05489850044250488
0.08216714859008789
0.02619576454162598
1.108736276626587
0.0001177787780761719
0.0001139640808105469
0.3098351955413818
0.375347375869751
0.07291722297668457
0.06591653823852539
1.62957239151001
0.3917171955108643
9.34600830078125e-05
8.487701416015625e-05
0.02248001098632812
0.2031118869781494
9.870529174804688e-05
0.3063805103302002
0.6623148918151855
0.0001058578491210938
0.06082868576049805
0.01373696327209473
0.02734637260437012
0.07710075378417969
0.06894898414611816
0.7872498035430908
2.889289379119873
0.9767634868621826
0.0001709461212158203
0.2845621109008789
0.03080320358276367
0.03081297874450684
0.1950740814208984
0.2967524528503418
0.1033217906951904
0.01529312133789062
0.0001056194305419922
0.0001049041748046875
0.0001022815704345703
0.1207282543182373
0.05953764915466309
9.751319885253906e-05
0.09017491340637207
0.1477034091949463
0.2754759788513184
0.0001072883605957031
0.1988904476165771
0.01020693778991699
0.02308893203735352
0.04452657699584961
1.329551219940186
0.00014495849609375
0.06966948509216309
9.322166442871094e-05
0.07591938972473145
0.2795019149780273
0.1510696411132812
0.0001235008239746094
0.0389714241027832
0.1035070419311523
0.0001132488250732422
0.0001177787780761719
0.3506627082824707
0.3655192852020264
0.2495248317718506
0.4232158660888672
0.1358544826507568
0.3010580539703369
0.290614128112793
0.0001220703125
0.0001225471496582031
0.1358151435852051
0.4461572170257568
0.2095999717712402
0.0001120567321777344
0.0001027584075927734
0.9074070453643799
1.260085344314575
9.012222290039062e-05
0.0001096725463867188
0.3037176132202148
0.0001549720764160156
0.0001018047332763672
0.0387568473815918
0.2491433620452881
0.07059574127197266
0.1013362407684326
0.1186356544494629
0.0001304149627685547
0.1657743453979492
0.13114333152771
9.822845458984375e-05
9.655952453613281e-05
0.0001170635223388672
0.1238522529602051
0.3849000930786133
0.2323994636535645
0.0001103878021240234
0.2297732830047607
0.1431586742401123
9.918212890625e-05
0.1056489944458008
0.10099196434021
0.03620004653930664
0.6668260097503662
0.08046245574951172
0.5333621501922607
0.02358055114746094
0.1829633712768555
9.1552734375e-05
0.130291223526001
0.1813023090362549
0.0001089572906494141
0.2006711959838867
9.131431579589844e-05
0.1833927631378174
0.0001592636108398438
0.2096366882324219
0.2190344333648682
0.07289886474609375
0.4310781955718994
0.0001232624053955078
0.01090693473815918
0.1369071006774902
0.1683149337768555
0.0001161098480224609
8.797645568847656e-05
0.01710104942321777
0.01529908180236816
0.0144965648651123
0.1455743312835693
0.02649307250976562
0.9028677940368652
0.2878842353820801
0.1019430160522461
0.0001056194305419922
0.1541280746459961
0.1254062652587891
0.1692855358123779
0.0001223087310791016
0.3131859302520752
0.04126906394958496
0.0001063346862792969
9.441375732421875e-05
0.0001041889190673828
0.02460694313049316
0.1515779495239258
0.08997583389282227
0.0001018047332763672
0.08388996124267578
2.106897592544556
0.2035088539123535
0.07720065116882324
0.0001292228698730469
0.38942551612854
9.965896606445312e-05
0.014678955078125
9.489059448242188e-05
0.000110626220703125
0.05728816986083984
0.04184269905090332
0.0001072883605957031
0.0832061767578125
0.1638760566711426
0.1897010803222656
0.0001089572906494141
0.0001034736633300781
0.2011661529541016
0.0001192092895507812
0.1005024909973145
0.0001120567321777344
0.01208758354187012
0.0001192092895507812
9.489059448242188e-05
0.04881978034973145
0.09663224220275879
0.0001170635223388672
0.2496800422668457
2.602490663528442
0.0001058578491210938
0.5518407821655273
0.0001184940338134766
0.2361021041870117
5.515528917312622
0.01753807067871094
0.180912971496582
0.01724433898925781
0.1586916446685791
0.04189395904541016
0.0001330375671386719
0.0001099109649658203
8.916854858398438e-05
0.1707808971405029
0.06479597091674805
0.31717848777771
2.578847169876099
9.965896606445312e-05
9.226799011230469e-05
0.03179669380187988
0.0001037120819091797
0.1323778629302979
0.05771541595458984
0.05448079109191895
0.1782803535461426
0.0001087188720703125
0.1788661479949951
0.0001380443572998047
0.05685591697692871
0.0975341796875
0.0001111030578613281
0.149752140045166
3.077116727828979
0.2178120613098145
0.3808169364929199
0.0627751350402832
0.1166749000549316
1.314822673797607
0.9579460620880127
0.09263372421264648
0.08030986785888672
0.0001194477081298828
0.0001025199890136719
0.0001068115234375
0.03862404823303223
0.0001022815704345703
0.03386259078979492
0.0001118183135986328
0.04812955856323242
0.4288787841796875
8.916854858398438e-05
0.0001101493835449219
0.5624258518218994
0.01034712791442871
0.2281937599182129
0.0001084804534912109
0.00011444091796875
0.03124809265136719
0.04019761085510254
9.417533874511719e-05
9.34600830078125e-05
0.120635986328125
0.1867020130157471
0.25260329246521
0.3539280891418457
0.0001075267791748047
9.322166442871094e-05
0.0001513957977294922
0.0127103328704834
0.1865401268005371
0.07233214378356934
0.07407951354980469
0.0001087188720703125
0.4747123718261719
0.2473766803741455
0.01849150657653809
0.4447734355926514
0.1626119613647461
0.05838894844055176
0.33953857421875
0.2167787551879883
0.167457103729248
0.1428511142730713
0.0001065731048583984
0.0158383846282959
0.0001189708709716797
0.0001118183135986328
0.07369804382324219
0.309431791305542
0.1879777908325195
0.0001230239868164062
0.000110626220703125
4.805055618286133
0.3085916042327881
0.7769982814788818
0.0001134872436523438
0.06108951568603516
1.292731046676636
0.09520888328552246
0.0001091957092285156
0.2375519275665283
4.488105297088623
0.08265304565429688
9.417533874511719e-05
0.0001299381256103516
2.517584800720215
0.0001034736633300781
0.2377974987030029
0.05383181571960449
0.2545971870422363
9.465217590332031e-05
0.2555768489837646
0.1456069946289062
2.065499305725098
0.2427279949188232
8.749961853027344e-05
0.1466703414916992
9.751319885253906e-05
9.584426879882812e-05
0.01880002021789551
0.1696951389312744
4.081061840057373
0.0001220703125
0.2440385818481445
0.05749678611755371
0.08570146560668945
0.0001060962677001953
0.0001285076141357422
0.5378627777099609
0.09526681900024414
0.09485030174255371
9.441375732421875e-05
0.0001828670501708984
0.0001149177551269531
0.1770615577697754
0.08051776885986328
0.0001010894775390625
0.6072151660919189
0.0001018047332763672
0.2013943195343018
0.0001187324523925781
0.0001139640808105469
0.0001230239868164062
0.05085349082946777
0.03428292274475098
0.1696081161499023
0.1426162719726562
0.01937627792358398
0.1022152900695801
0.01764464378356934
9.393692016601562e-05
4.15034294128418
0.02893304824829102
0.218001127243042
0.0001327991485595703
0.08812880516052246
0.8051598072052002
0.02524948120117188
0.3692340850830078
0.352954626083374
0.0001108646392822266
0.16387939453125
0.02452754974365234
0.0001118183135986328
0.2231473922729492
0.0001018047332763672
0.0001180171966552734
8.368492126464844e-05
0.2030782699584961
0.0004181861877441406
0.0001049041748046875
0.0001063346862792969
8.821487426757812e-05
0.1783828735351562
1.937159061431885
0.1465082168579102
8.392333984375e-05
2.741418123245239
0.0001020431518554688
0.01817679405212402
5.629548788070679
0.07626247406005859
9.679794311523438e-05
0.1047821044921875
0.185352087020874
0.0001068115234375
0.01555705070495605
0.0841972827911377
0.0001163482666015625
0.04100990295410156
9.751319885253906e-05
0.2416799068450928
9.942054748535156e-05
0.2732024192810059
0.0384981632232666
0.0001015663146972656
6.055964231491089
0.0001630783081054688
4.282209157943726
0.0001060962677001953
0.1386752128601074
0.0001018047332763672
0.377394437789917
0.09412074089050293
0.1090221405029297
9.298324584960938e-05
0.0001213550567626953
3.645023345947266
7.43865966796875e-05
0.0260007381439209
0.4225208759307861
0.005281925201416016
0.3315627574920654
0.08248639106750488
0.01526069641113281
4.157261371612549
0.000141143798828125
0.184852123260498
0.4925966262817383
8.440017700195312e-05
8.487701416015625e-05
0.5051541328430176
0.03900146484375
0.04346990585327148
0.0001022815704345703
0.2687175273895264
0.0001072883605957031
0.0001089572906494141
0.4056539535522461
0.2176864147186279
0.09523367881774902
0.9767675399780273
0.0575554370880127
0.5793843269348145
0.06104898452758789
0.1991207599639893
0.09545373916625977
0.7647113800048828
2.218087911605835
0.03441905975341797
8.511543273925781e-05
0.03221869468688965
0.0001108646392822266
9.083747863769531e-05
0.3454012870788574
0.04225540161132812
1.744161128997803
0.02182197570800781
0.1874828338623047
0.04641890525817871
0.2380361557006836
0.05131125450134277
0.2791111469268799
0.1786348819732666
0.1021268367767334
0.0001058578491210938
0.0001134872436523438
0.1578733921051025
0.0001051425933837891
9.036064147949219e-05
0.00011444091796875
0.1244468688964844
0.0001270771026611328
0.1915264129638672
8.58306884765625e-05
0.05016684532165527
0.1982603073120117
0.01148366928100586
0.3389132022857666
0.09063553810119629
0.06923794746398926
0.0001077651977539062
0.1098034381866455
0.04305291175842285
1.5522620677948
9.441375732421875e-05
0.1970219612121582
0.3690354824066162
8.893013000488281e-05
4.134459495544434
0.09427285194396973
0.06700992584228516
0.4801301956176758
9.202957153320312e-05
0.147554874420166
0.2075464725494385
0.0001003742218017578
0.009319067001342773
0.0004110336303710938
0.122718334197998
9.655952453613281e-05
0.05368232727050781
0.2282507419586182
0.03280901908874512
8.821487426757812e-05
0.2316460609436035
0.0001006126403808594
0.4925320148468018
0.0001194477081298828
0.5173890590667725
4.128813743591309
0.03299069404602051
0.05059909820556641
0.317009449005127
8.916854858398438e-05
0.03783416748046875
0.04730129241943359
8.344650268554688e-05
0.1016008853912354
0.1071672439575195
0.04272556304931641
0.0001084804534912109
3.276798248291016
0.2081801891326904
9.965896606445312e-05
0.06812334060668945
0.0001096725463867188
0.0001072883605957031
0.4862565994262695
0.1392784118652344
0.09824633598327637
9.703636169433594e-05
0.5351812839508057
1.088694334030151
0.1632115840911865
0.07522106170654297
0.4319348335266113
0.0001108646392822266
4.03120231628418
0.2178242206573486
0.1960477828979492
0.01145362854003906
0.1613411903381348
0.06114745140075684
0.284794807434082
0.0001084804534912109
0.07156682014465332
0.2917191982269287
0.209747314453125
0.1151599884033203
0.0001657009124755859
0.2506790161132812
0.362267017364502
2.028890371322632
3.821416854858398
2.215029954910278
0.0001022815704345703
0.3189074993133545
0.2637453079223633
0.172846794128418
0.1403181552886963
0.1340467929840088
0.02533745765686035
0.000110626220703125
0.1205310821533203
0.0001015663146972656
1.692037105560303
0.09015035629272461
9.822845458984375e-05
0.3458471298217773
0.1814916133880615
0.0001082420349121094
0.03333401679992676
0.01234602928161621
0.0001037120819091797
0.0001127719879150391
0.2153811454772949
0.0001053810119628906
8.797645568847656e-05
0.08819389343261719
0.1618618965148926
0.04394650459289551
0.1747350692749023
0.4663870334625244
0.05678081512451172
0.009326934814453125
0.04119873046875
0.2822315692901611
7.18415355682373
0.0001244544982910156
0.01801156997680664
9.632110595703125e-05
0.2675027847290039
0.4268877506256104
0.03555202484130859
8.320808410644531e-05
0.0001137256622314453
0.0001070499420166016
9.72747802734375e-05
0.02260994911193848
1.326779842376709
0.05239582061767578
0.0001621246337890625
0.0001020431518554688
0.1300432682037354
0.07980132102966309
0.07548403739929199
5.548428058624268
9.918212890625e-05
0.04389572143554688
0.160491943359375
0.07273340225219727
0.3424715995788574
0.2846546173095703
0.07713675498962402
0.0001175403594970703
0.03365778923034668
0.02083230018615723
2.047925233840942
3.622167110443115
0.1354198455810547
0.1252918243408203
0.01811051368713379
0.0001001358032226562
9.72747802734375e-05
0.08813881874084473
0.0001137256622314453
0.04610562324523926
0.2483229637145996
0.04511380195617676
0.69138503074646
0.2717318534851074
0.0001099109649658203
0.911616325378418
0.1916947364807129
0.1569757461547852
7.006959915161133
0.3447930812835693
6.869854927062988
0.03752517700195312
0.05948162078857422
0.0001013278961181641
0.0001192092895507812
0.2835700511932373
0.5970640182495117
0.1261954307556152
0.03079509735107422
0.0001087188720703125
0.1687037944793701
0.08228564262390137
0.0747380256652832
0.0001192092895507812
8.630752563476562e-05
2.753505706787109
0.0001113414764404297
0.0001151561737060547
0.0560152530670166
4.08747124671936
0.08589601516723633
1.44795036315918
0.1178197860717773
0.09522008895874023
0.09383893013000488
0.5785527229309082
0.2878212928771973
0.0001125335693359375
1.638254404067993
0.0002520084381103516
0.02137565612792969
0.06650233268737793
0.3967387676239014
0.3381338119506836
0.127246618270874
0.01414370536804199
0.8949506282806396
0.2664682865142822
0.0001130104064941406
0.1237940788269043
0.06770420074462891
0.2231857776641846
0.03254270553588867
1.087662696838379
0.05684590339660645
0.01346445083618164
0.0001037120819091797
0.09247660636901855
0.1231887340545654
9.703636169433594e-05
0.07552337646484375
0.0001060962677001953
0.1309244632720947
0.1955342292785645
1.470781803131104
0.0001122951507568359
6.315120458602905
0.01744914054870605
0.01920795440673828
0.2400095462799072
9.1552734375e-05
0.01656460762023926
0.2261438369750977
0.000133514404296875
0.0001099109649658203
0.3552792072296143
2.908986806869507
2.790878772735596
0.4952871799468994
9.441375732421875e-05
9.703636169433594e-05
0.1966385841369629
0.0001072883605957031
9.72747802734375e-05
1.657047510147095
0.1411800384521484
0.07468605041503906
9.560585021972656e-05
0.1152827739715576
9.608268737792969e-05
0.09558701515197754
1.937672853469849
0.3076322078704834
0.1353785991668701
0.0001049041748046875
0.1749320030212402
0.0001068115234375
0.03682422637939453
0.3686738014221191
8.273124694824219e-05
0.0001044273376464844
0.8505170345306396
9.989738464355469e-05
0.0001027584075927734
0.0001399517059326172
4.6695716381073
0.00481104850769043
9.989738464355469e-05
0.0006439685821533203
0.1199831962585449
0.08929038047790527
0.3754994869232178
0.04152369499206543
0.0001070499420166016
4.161191940307617
0.1508488655090332
0.2401764392852783
0.2188863754272461
0.3019251823425293
0.478062629699707
0.0001084804534912109
8.988380432128906e-05
0.009214162826538086
9.489059448242188e-05
0.07800388336181641
0.05953693389892578
0.03074407577514648
9.72747802734375e-05
0.2905910015106201
0.02649521827697754
9.703636169433594e-05
0.3867173194885254
2.282924890518188
0.63478684425354
4.436005353927612
0.09116578102111816
0.01612949371337891
0.05383634567260742
0.0001173019409179688
0.09001493453979492
0.1887435913085938
0.0001020431518554688
0.0001039505004882812
4.283834218978882
0.0001165866851806641
0.0001051425933837891
0.0001158714294433594
3.177143335342407
0.01755976676940918
0.0002639293670654297
0.02412533760070801
0.0835111141204834
0.2060866355895996
0.0001001358032226562
0.1193389892578125
0.4128448963165283
0.3092334270477295
8.7738037109375e-05
0.1573910713195801
0.4282436370849609
0.0001242160797119141
0.5002822875976562
0.2003920078277588
0.1000261306762695
8.082389831542969e-05
0.1095449924468994
0.2025978565216064
9.989738464355469e-05
0.05705666542053223
0.04253792762756348
9.465217590332031e-05
0.2251930236816406
0.110325813293457
0.2133123874664307
0.0001015663146972656
0.1300020217895508
0.0001008510589599609
0.1835784912109375
0.03713560104370117
0.0001201629638671875
0.2204124927520752
0.1451559066772461
0.0001165866851806641
0.9429786205291748
0.1458554267883301
0.3989601135253906
0.04956293106079102
8.678436279296875e-05
8.630752563476562e-05
0.4118151664733887
0.2516748905181885
0.05629944801330566
0.0001330375671386719
3.951571941375732
0.2585303783416748
0.08282709121704102
0.0001156330108642578
9.965896606445312e-05
0.2862207889556885
0.2843341827392578
0.08997821807861328
0.01615524291992188
0.0001037120819091797
8.392333984375e-05
0.0001068115234375
0.2413334846496582
0.0001103878021240234
0.0001063346862792969
9.298324584960938e-05
0.04218792915344238
0.0001220703125
0.8625152111053467
0.7940990924835205
0.02612638473510742
7.796287536621094e-05
0.08974862098693848
0.2796089649200439
4.457046985626221
0.1213886737823486
0.05313634872436523
3.260079145431519
0.3840329647064209
0.4678363800048828
0.4660854339599609
0.08762121200561523
9.584426879882812e-05
0.06727695465087891
0.09379744529724121
0.06388354301452637
0.05564498901367188
0.1588888168334961
0.4441606998443604
0.07322907447814941
1.197166442871094
0.0002658367156982422
0.03590750694274902
4.216946840286255
0.2376048564910889
0.3340485095977783
0.3035910129547119
0.03210186958312988
0.0001125335693359375
0.1065113544464111
0.2201199531555176
0.01610398292541504
0.0001072883605957031
0.1004066467285156
0.07355928421020508
0.06154584884643555
0.03756141662597656
0.9282698631286621
0.0001215934753417969
0.06221127510070801
0.0202791690826416
0.1506171226501465
0.1630370616912842
0.5269660949707031
9.679794311523438e-05
0.02097773551940918
0.1366851329803467
0.0001175403594970703
0.0001039505004882812
0.07086038589477539
0.0363316535949707
0.0172584056854248
0.09810948371887207
0.2027561664581299
0.5983307361602783
9.441375732421875e-05
0.0417935848236084
0.06097841262817383
0.04642176628112793
0.0001175403594970703
0.1480402946472168
0.03445029258728027
0.2999570369720459
0.0001027584075927734
0.07110476493835449
0.05442500114440918
0.0001201629638671875
5.214958906173706
0.2346348762512207
3.332300186157227
0.1451828479766846
0.0001134872436523438
0.2569408416748047
0.1637077331542969
0.0140993595123291
0.0001072883605957031
9.751319885253906e-05
0.03837370872497559
0.5178971290588379
0.01250982284545898
0.09983396530151367
0.06847739219665527
0.02028775215148926
1.489966630935669
0.0001480579376220703
0.4157769680023193
0.0001852512359619141
0.06579279899597168
0.2526593208312988
0.2168231010437012
1.649178981781006
9.179115295410156e-05
0.0001161098480224609
0.1248054504394531
0.0533757209777832
0.0001184940338134766
9.417533874511719e-05
0.2935645580291748
0.12032151222229
0.05427718162536621
0.0001287460327148438
9.417533874511719e-05
0.0001170635223388672
0.1857123374938965
0.0001039505004882812
0.06624674797058105
0.1018047332763672
0.1756982803344727
0.08927369117736816
0.1442873477935791
0.1306033134460449
0.6127314567565918
0.07139897346496582
0.1452059745788574
0.0001153945922851562
0.05857133865356445
0.07445001602172852
0.1055605411529541
9.417533874511719e-05
0.0001282691955566406
0.2072899341583252
0.0781404972076416
4.047385931015015
0.0456693172454834
0.1495909690856934
0.02672839164733887
0.4218392372131348
0.1374337673187256
0.183729887008667
0.1667847633361816
0.08627033233642578
0.0001082420349121094
0.03365015983581543
0.1743638515472412
9.274482727050781e-05
0.1494348049163818
1.273679971694946
8.225440979003906e-05
3.620705604553223
0.04699397087097168
0.0001060962677001953
0.04295849800109863
0.0001070499420166016
0.3090200424194336
0.4646623134613037
0.2958579063415527
0.08042049407958984
0.07647323608398438
0.05915117263793945
0.1031463146209717
1.309863805770874
0.0001242160797119141
0.07305026054382324
0.04280257225036621
0.01217341423034668
0.03407526016235352
0.3050100803375244
0.8394441604614258
9.894371032714844e-05
0.0001032352447509766
0.1466808319091797
0.0001349449157714844
0.4483580589294434
0.0001115798950195312
0.0001091957092285156
9.584426879882812e-05
0.0001084804534912109
0.0001204013824462891
0.3269636631011963
0.0001163482666015625
0.02961087226867676
0.0001125335693359375
9.608268737792969e-05
8.368492126464844e-05
0.0001037120819091797
0.02791714668273926
0.0001151561737060547
2.922865629196167
0.1790776252746582
9.393692016601562e-05
0.1481921672821045
8.821487426757812e-05
0.06748485565185547
0.03879117965698242
0.008514881134033203
0.0001010894775390625
0.01243138313293457
0.08815717697143555
0.0001230239868164062
0.0001044273376464844
0.0001037120819091797
0.1067361831665039
0.02751398086547852
0.4058620929718018
0.0001091957092285156
0.1194107532501221
0.0001277923583984375
0.07788991928100586
0.0001139640808105469
0.006266593933105469
0.06667685508728027
0.0001099109649658203
0.0001049041748046875
0.1134278774261475
0.1341397762298584
9.298324584960938e-05
0.3467497825622559
9.179115295410156e-05
0.1933648586273193
0.0882267951965332
0.06410074234008789
4.667305946350098
0.1324090957641602
0.05721640586853027
0.1450655460357666
0.2477879524230957
0.0003240108489990234
0.1905546188354492
0.000102996826171875
0.1862168312072754
0.2304379940032959
0.1209142208099365
0.09973430633544922
0.04033350944519043
0.137040376663208
8.463859558105469e-05
9.822845458984375e-05
0.09827923774719238
0.0001180171966552734
0.04012417793273926
0.01699352264404297
0.05970597267150879
0.0001087188720703125
4.627607107162476
0.0001139640808105469
0.2131571769714355
0.6067180633544922
9.5367431640625e-05
0.04129815101623535
0.06732368469238281
0.4694900512695312
0.0146174430847168
0.03138995170593262
0.0001187324523925781
0.3328559398651123
0.1183786392211914
0.04329848289489746
4.438661336898804
0.4371659755706787
0.121589183807373
0.0001022815704345703
0.07988309860229492
0.0688328742980957
0.0001070499420166016
0.65633225440979
0.2354142665863037
0.1980228424072266
0.4085304737091064
0.4008862972259521
0.1850137710571289
5.221396207809448
0.0001120567321777344
0.0001053810119628906
0.4857609272003174
0.1020562648773193
8.106231689453125e-05
0.1508631706237793
0.0001020431518554688
7.19343113899231
0.0278785228729248
0.0001120567321777344
0.0001113414764404297
0.2612836360931396
0.01736688613891602
0.3587510585784912
0.5968589782714844
0.07610177993774414
0.0001256465911865234
0.1593787670135498
0.0001099109649658203
0.1552679538726807
0.0001440048217773438
0.0001180171966552734
0.0001101493835449219
9.608268737792969e-05
0.4330337047576904
0.1005101203918457
8.273124694824219e-05
0.05057930946350098
9.822845458984375e-05
9.775161743164062e-05
8.487701416015625e-05
0.1546633243560791
0.2008051872253418
0.0001225471496582031
0.0001013278961181641
0.0001053810119628906
0.00014495849609375
9.1552734375e-05
0.4371037483215332
0.0001273155212402344
0.0001010894775390625
0.4011740684509277
1.251764535903931
9.965896606445312e-05
0.2239780426025391
0.05982327461242676
0.0001392364501953125
0.004831075668334961
0.01569342613220215
0.0001289844512939453
0.09823870658874512
0.1060075759887695
0.01489019393920898
0.1690330505371094
0.0001003742218017578
2.104349851608276
0.1443638801574707
0.3498620986938477
9.322166442871094e-05
0.2109098434448242
0.03172612190246582
9.274482727050781e-05
9.250640869140625e-05
0.196721076965332
0.01510405540466309
9.965896606445312e-05
0.6199097633361816
0.02304363250732422
0.0001199245452880859
0.2012350559234619
0.2828764915466309
0.000110626220703125
8.606910705566406e-05
0.1201639175415039
0.07336783409118652
0.1116318702697754
9.679794311523438e-05
0.1763007640838623
0.0444338321685791
0.0001161098480224609
0.1428799629211426
0.7601926326751709
0.2105560302734375
0.01477885246276855
0.8073685169219971
0.0001575946807861328
0.005403041839599609
0.1464412212371826
0.2084319591522217
0.0001239776611328125
0.1020364761352539
0.2749912738800049
0.09559273719787598
0.06217718124389648
3.903497457504272
0.07769036293029785
0.4908485412597656
0.3045861721038818
0.1460409164428711
0.0001084804534912109
0.1047496795654297
0.1111950874328613
0.08455300331115723
0.3784999847412109
0.1032760143280029
0.0001034736633300781
0.4514338970184326
0.18003249168396
0.06145071983337402
0.01976895332336426
0.0001480579376220703
0.0001349449157714844
0.09063601493835449
0.0001041889190673828
0.0001108646392822266
0.0001080036163330078
9.918212890625e-05
0.0001041889190673828
0.0001361370086669922
0.4608211517333984
0.0001156330108642578
0.4521679878234863
0.2594840526580811
0.3203716278076172
0.1497981548309326
0.01274800300598145
0.0001013278961181641
0.05300211906433105
0.1235761642456055
0.0001249313354492188
0.04558491706848145
5.397930383682251
0.2894129753112793
0.07114076614379883
0.06059479713439941
0.3155629634857178
0.0001020431518554688
0.05146884918212891
9.298324584960938e-05
0.04128003120422363
0.08700418472290039
0.5402984619140625
0.0001127719879150391
9.632110595703125e-05
0.0001096725463867188
9.72747802734375e-05
0.03537893295288086
0.2114541530609131
0.0001046657562255859
0.06910848617553711
0.0001502037048339844
0.2253084182739258
0.02050924301147461
0.02495670318603516
0.07674193382263184
0.09343266487121582
0.0001139640808105469
0.2017159461975098
0.0001115798950195312
0.01204729080200195
0.2050411701202393
0.1080570220947266
0.1028568744659424
1.005289077758789
0.002752780914306641
0.0001204013824462891
5.458555698394775
0.0001294612884521484
0.2563803195953369
9.23726749420166
9.274482727050781e-05
0.3529376983642578
0.01442408561706543
0.1363811492919922
0.2495555877685547
0.2184178829193115
9.608268737792969e-05
9.179115295410156e-05
0.0001134872436523438
9.870529174804688e-05
0.0001049041748046875
0.0001025199890136719
0.09183955192565918
0.0409858226776123
0.8422641754150391
8.16971755027771
1.656830072402954
9.894371032714844e-05
0.0001235008239746094
0.2567477226257324
0.25933837890625
0.1088075637817383
0.0001034736633300781
9.179115295410156e-05
0.2682943344116211
0.1266744136810303
0.09403395652770996
0.2092223167419434
0.03643488883972168
0.0001041889190673828
0.1787664890289307
0.1397497653961182
0.05690598487854004
9.179115295410156e-05
8.249282836914062e-05
0.06281232833862305
0.0001113414764404297
1.613294363021851
0.2588808536529541
0.0001394748687744141
0.0146629810333252
0.0841376781463623
0.0001008510589599609
0.0001010894775390625
0.00012969970703125
0.1634550094604492
0.2648696899414062
0.3455398082733154
0.3647103309631348
0.7849264144897461
0.8561811447143555
0.0001037120819091797
9.799003601074219e-05
0.293175220489502
0.1854720115661621
0.2591774463653564
0.1596815586090088
0.06005144119262695
0.0001027584075927734
0.0001115798950195312
0.1729733943939209
0.0001053810119628906
1.623677015304565
0.0001082420349121094
0.0001146793365478516
5.361786127090454
0.08162999153137207
0.1750223636627197
0.0001018047332763672
0.1699070930480957
5.284237146377563
9.131431579589844e-05
0.2337002754211426
0.2085394859313965
2.059086084365845
7.078108787536621
0.08193850517272949
9.083747863769531e-05
0.1855406761169434
0.07998847961425781
0.002883434295654297
0.09254884719848633
0.1115396022796631
1.214835166931152
0.01501631736755371
1.34759259223938
0.0001034736633300781
0.128589391708374
0.0001189708709716797
0.0001068115234375
0.01874136924743652
0.1645326614379883
0.09812593460083008
0.1437833309173584
0.139359712600708
0.0001027584075927734
0.04053187370300293
0.1884925365447998
0.1088991165161133
1.567787647247314
0.03032803535461426
5.788984298706055
0.0001027584075927734
0.1042218208312988
0.1495516300201416
0.2363433837890625
0.2511224746704102
0.0001075267791748047
0.0001263618469238281
0.2386941909790039
0.0001366138458251953
1.278247594833374
0.0001003742218017578
0.1056268215179443
0.1598389148712158
0.1911060810089111
10.82333278656006
0.2215518951416016
0.1182374954223633
9.894371032714844e-05
0.0001399517059326172
0.0001194477081298828
0.1228744983673096
8.58306884765625e-05
0.1284592151641846
0.1021435260772705
0.2109668254852295
0.1084342002868652
0.113368034362793
0.0001111030578613281
0.02200102806091309
0.01423883438110352
9.870529174804688e-05
0.2545166015625
0.07897472381591797
0.01055216789245605
0.0540008544921875
0.03802275657653809
0.0001230239868164062
7.700920104980469e-05
0.06248378753662109
3.546996355056763
0.0001208782196044922
0.2716913223266602
0.06120610237121582
0.1409809589385986
0.7696454524993896
0.4725034236907959
0.1109607219696045
0.1212892532348633
0.0811774730682373
0.2200191020965576
0.0001046657562255859
0.04198050498962402
0.5884525775909424
0.0001008510589599609
0.1957619190216064
0.1035511493682861
0.1241614818572998
0.02874207496643066
0.0001242160797119141
0.6228687763214111
8.606910705566406e-05
4.435081243515015
9.5367431640625e-05
8.96453857421875e-05
0.2501492500305176
9.775161743164062e-05
0.0001013278961181641
0.0001084804534912109
0.1088223457336426
0.0001113414764404297
0.07056164741516113
0.1844742298126221
0.1731314659118652
0.000164031982421875
1.092648029327393
0.09789514541625977
0.1581559181213379
0.1700534820556641
0.0135505199432373
0.03161144256591797
0.1158983707427979
0.0001161098480224609
0.1433579921722412
0.000148773193359375
0.4449272155761719
9.512901306152344e-05
9.679794311523438e-05
0.0001223087310791016
0.0001163482666015625
0.2393355369567871
0.0001273155212402344
0.1984171867370605
0.1187634468078613
1.260542869567871
0.05272626876831055
0.0001001358032226562
0.0001120567321777344
0.3769822120666504
7.652511119842529
0.9715812206268311
0.1503767967224121
5.01006293296814
0.04007768630981445
0.02751851081848145
8.940696716308594e-05
2.092606544494629
2.186794996261597
0.0001189708709716797
0.02516317367553711
0.05946922302246094
9.1552734375e-05
1.831330060958862
0.0001001358032226562
0.3732287883758545
0.1761579513549805
0.07535576820373535
0.1335759162902832
0.392775297164917
0.1001863479614258
0.5505859851837158
0.0001063346862792969
0.05790090560913086
0.1221756935119629
2.140244960784912
0.0001051425933837891
9.918212890625e-05
0.0001077651977539062
0.02757000923156738
0.002030372619628906
0.0001277923583984375
1.763293504714966
0.2892568111419678
4.320122718811035
0.0001158714294433594
0.02678370475769043
2.301273584365845
0.0001008510589599609
0.1231799125671387
0.0003027915954589844
0.04619765281677246
0.0001161098480224609
0.0001287460327148438
3.576317310333252
0.2754385471343994
0.02513694763183594
0.4299347400665283
0.03771591186523438
0.08307218551635742
0.0001003742218017578
0.07746195793151855
0.1020450592041016
9.465217590332031e-05
0.2081608772277832
0.3401501178741455
0.09732222557067871
0.2843279838562012
0.06131911277770996
0.1164910793304443
0.03594493865966797
0.3163967132568359
0.0001220703125
0.0001268386840820312
0.03598308563232422
0.1505279541015625
0.1256465911865234
0.0001041889190673828
3.764461517333984
0.02075457572937012
0.000110626220703125
0.0001096725463867188
0.0747380256652832
0.02473068237304688
0.1041555404663086
0.0001134872436523438
0.04219794273376465
0.01566076278686523
0.003889799118041992
0.2768149375915527
0.0001001358032226562
0.000102996826171875
0.04785323143005371
1.285305261611938
0.0001082420349121094
0.02594518661499023
0.07954883575439453
0.2375259399414062
0.0001080036163330078
0.1164462566375732
0.1750483512878418
8.893013000488281e-05
0.0001220703125
0.0001063346862792969
9.5367431640625e-05
3.284566879272461
0.0001087188720703125
0.1951980590820312
0.0001423358917236328
0.05984592437744141
0.07010149955749512
0.0001156330108642578
0.1524760723114014
0.05541062355041504
0.0001149177551269531
0.002341985702514648
0.0001058578491210938
9.512901306152344e-05
9.965896606445312e-05
0.0001070499420166016
