10.94382500648499
12.79258108139038
14.61114096641541
15.53803396224976
19.4316668510437
13.2660870552063
16.25768184661865
15.49195289611816
12.69999599456787
14.61932396888733
13.64483213424683
12.98899912834167
13.87596797943115
14.66261386871338
14.07133793830872
14.50053787231445
11.85187101364136
14.79545593261719
12.64391803741455
15.1760241985321
13.15493297576904
13.83385992050171
14.40906620025635
13.95489001274109
14.30401110649109
12.90962290763855
17.23531293869019
14.58144497871399
12.40085911750793
19.33547306060791
20.4882550239563
13.87978601455688
13.63298296928406
16.04081201553345
15.77028012275696
15.35004997253418
17.79716086387634
15.17621207237244
17.46335387229919
16.19585704803467
19.21317291259766
16.48031115531921
15.4282660484314
17.5229389667511
18.7596800327301
21.20595121383667
16.69571399688721
18.1765410900116
17.87317490577698
16.71686410903931
18.56361103057861
18.36532592773438
17.90768790245056
17.83765602111816
16.80682015419006
19.23878693580627
15.35522294044495
16.30348896980286
20.51612615585327
18.4914219379425
19.99747896194458
17.35463285446167
18.91194200515747
17.84486699104309
17.2949550151825
10.83689713478088
12.69553995132446
13.221519947052
14.01131296157837
12.38930320739746
12.56076884269714
14.3655641078949
12.23744606971741
14.45482301712036
12.3184449672699
15.06962513923645
11.05818319320679
14.74552202224731
14.98323488235474
14.12856101989746
15.69323897361755
13.72829413414001
14.99303603172302
14.63415002822876
13.43152809143066
14.77576613426208
14.16628909111023
14.99078392982483
20.67442107200623
15.41049408912659
16.07010912895203
14.52797698974609
14.16900205612183
13.28309202194214
14.52734994888306
16.9170229434967
17.45687484741211
14.85766410827637
16.18555092811584
21.3140881061554
16.02112293243408
14.04109215736389
16.41828894615173
19.06569409370422
14.78135013580322
17.68873405456543
19.37782597541809
18.63000702857971
16.47894787788391
16.62866115570068
18.21296405792236
21.17280101776123
18.44220399856567
16.50203013420105
18.82785582542419
17.78519010543823
20.60877799987793
17.49777388572693
17.80344891548157
20.08982491493225
22.05383515357971
19.10181307792664
18.56158304214478
17.07567191123962
22.70934104919434
19.38977193832397
17.19422197341919
17.11229991912842
18.98406291007996
20.05140995979309
10.94294905662537
15.51035809516907
16.15990090370178
14.30228304862976
16.54196095466614
16.9075779914856
13.30677390098572
12.21039891242981
14.79488897323608
12.89838790893555
15.32789611816406
16.77062010765076
12.50270700454712
14.04560303688049
13.30171608924866
15.46058392524719
14.00036096572876
12.06451487541199
13.00153613090515
14.9646360874176
13.99133515357971
14.77437281608582
13.48854303359985
14.42805600166321
13.4307599067688
14.23967599868774
12.92874717712402
14.15407514572144
12.36871790885925
13.21209311485291
15.33637714385986
15.94357490539551
17.62853097915649
16.32541394233704
14.41707110404968
16.37547183036804
16.14029097557068
15.9299521446228
16.12362194061279
16.29341697692871
14.55387592315674
15.8997118473053
19.76742506027222
16.6824209690094
15.81277799606323
20.8999240398407
16.79106116294861
19.86426305770874
18.24654507637024
18.01634097099304
17.45464587211609
15.89417195320129
18.6187481880188
17.04936003684998
17.85546088218689
17.76861691474915
14.95287895202637
17.32864212989807
17.16517305374146
16.49275183677673
24.68987798690796
15.19227004051208
17.39199185371399
18.04795098304749
18.20830893516541
10.85258388519287
14.19558191299438
11.311203956604
14.10886907577515
12.7721848487854
13.76719498634338
14.91771292686462
14.97793197631836
14.58333802223206
16.8588490486145
14.96815395355225
16.00601100921631
13.7284300327301
10.41361689567566
16.20863389968872
13.76311802864075
13.16174292564392
14.58525514602661
13.19646596908569
14.35728788375854
12.73595714569092
16.44166803359985
16.40398597717285
14.19321513175964
12.43724513053894
12.33337092399597
14.16356778144836
16.31746292114258
13.61369705200195
18.82119798660278
13.61610007286072
16.96083116531372
15.48966717720032
17.23076200485229
19.0610511302948
17.28514194488525
14.88051009178162
15.44854497909546
15.85557007789612
15.57168221473694
16.7009060382843
16.4456000328064
17.39494705200195
18.42970681190491
20.54150605201721
17.13893890380859
17.66652011871338
24.11204791069031
17.57308483123779
19.97873616218567
19.19107699394226
20.11106014251709
18.57463002204895
17.64815592765808
16.90453815460205
17.77415299415588
19.10547614097595
20.6069860458374
21.13564705848694
17.93003106117249
18.21819996833801
19.1450560092926
17.95321202278137
16.51911377906799
21.71721410751343
10.88253688812256
13.50898885726929
13.92750096321106
11.44512510299683
14.22196698188782
15.71336889266968
15.82590889930725
18.58912706375122
13.77968597412109
14.98673892021179
14.24363207817078
15.58258891105652
13.95465898513794
14.10226607322693
17.41493201255798
14.62914395332336
14.26673221588135
13.40679097175598
14.92320489883423
13.09592700004578
17.20242094993591
15.49062609672546
11.74285793304443
13.55079102516174
15.15948009490967
13.00610089302063
12.72494316101074
19.80010008811951
14.42147302627563
14.13720798492432
15.74962306022644
14.51265811920166
14.92234897613525
14.83745002746582
15.97804307937622
16.50390410423279
16.71384596824646
15.87900996208191
13.93347907066345
14.76885914802551
19.21528601646423
17.41872406005859
17.91151189804077
19.59074711799622
14.42367386817932
18.7065441608429
19.15420484542847
19.95543599128723
18.02371311187744
16.47226715087891
18.12466192245483
18.70499110221863
19.90572690963745
17.92945909500122
18.00611305236816
18.97298693656921
19.72804808616638
17.68866300582886
18.42099690437317
18.89760398864746
19.53804206848145
17.87409806251526
15.41966390609741
20.51862812042236
18.61529517173767
10.84330296516418
11.02104997634888
14.86503314971924
18.15788793563843
13.55380201339722
14.52962803840637
13.45101404190063
13.10329103469849
13.94140100479126
13.50520300865173
14.4528341293335
14.73973679542542
14.04413104057312
16.65669393539429
12.47456908226013
11.17524099349976
12.92343807220459
13.2921450138092
10.46510195732117
13.35732984542847
13.7922580242157
13.99173784255981
16.58807420730591
18.02831697463989
15.03207993507385
12.7494580745697
14.31917905807495
15.60034012794495
15.17691397666931
15.56754207611084
14.19066786766052
14.24111008644104
15.20779299736023
15.4270350933075
16.4706871509552
13.38987708091736
15.53049492835999
15.93505311012268
11.90448498725891
15.70126700401306
16.45169997215271
14.29111289978027
15.33377504348755
16.3106951713562
18.4453809261322
14.07616996765137
18.31226396560669
18.17870116233826
18.41640710830688
19.55573987960815
18.72735595703125
18.66790699958801
19.04142904281616
19.89979600906372
18.98016095161438
14.12656903266907
17.23468804359436
18.77864623069763
17.25077390670776
20.85078406333923
17.3880341053009
17.16633200645447
18.38955211639404
19.00957584381104
20.06269001960754
10.85931086540222
13.42792201042175
15.44385004043579
13.63883209228516
14.92743492126465
16.71806192398071
13.47263288497925
15.46041917800903
13.27271604537964
13.30103206634521
15.18650412559509
13.36111497879028
15.92859506607056
17.98699402809143
12.40868806838989
15.0704448223114
13.02705693244934
12.10827589035034
10.84793496131897
13.50366401672363
13.96853494644165
15.56881499290466
12.87554478645325
14.33083701133728
15.91261506080627
13.14536595344543
14.92132782936096
15.01877903938293
13.27843189239502
13.46322989463806
15.48050093650818
16.21019387245178
14.85262298583984
16.7585780620575
13.88121104240417
20.03394293785095
16.27646088600159
16.78293418884277
15.3959629535675
13.85105299949646
16.02468991279602
17.68618512153625
17.54548907279968
16.42457699775696
17.58331894874573
23.9109308719635
17.51534414291382
16.54508304595947
18.63599514961243
16.30455183982849
17.86848092079163
19.00971293449402
19.50878214836121
19.90389394760132
15.67114210128784
17.77258205413818
20.09534502029419
17.41982316970825
19.2575089931488
19.16365218162537
21.23835492134094
17.24781894683838
22.37539505958557
16.65812993049622
19.42745304107666
10.85336709022522
11.00748014450073
14.55770397186279
13.57773900032043
14.48140692710876
14.37359690666199
12.15025305747986
16.16684913635254
14.68148398399353
14.46770215034485
13.75469994544983
11.73965406417847
10.92712306976318
14.28502488136292
11.70036005973816
13.09365010261536
16.3077220916748
15.84865307807922
14.74013185501099
13.74552202224731
13.99560213088989
16.19261693954468
15.8357048034668
17.40728211402893
18.41266298294067
14.3696608543396
12.76206421852112
14.09610795974731
11.91144895553589
13.79901695251465
11.46409106254578
16.14349913597107
14.35591411590576
18.99347400665283
13.00020909309387
16.42027878761292
13.78889679908752
14.0488920211792
18.55090618133545
13.1237850189209
14.1812469959259
16.76691818237305
16.94362497329712
15.26983499526978
18.65905690193176
17.36209011077881
16.73704504966736
18.66186499595642
24.14081907272339
14.95596385002136
21.73317193984985
16.87603306770325
18.63645386695862
19.70280814170837
18.13897609710693
15.44792103767395
19.45263004302979
17.74592089653015
16.49769592285156
15.03153085708618
18.06464815139771
20.58680605888367
19.62976980209351
15.35236692428589
15.98079013824463
10.89747214317322
11.59627604484558
15.58408093452454
15.77357196807861
16.595951795578
15.40499997138977
13.14261984825134
12.26635694503784
14.74466919898987
14.48461222648621
15.2909619808197
13.61899399757385
12.5103600025177
13.34956789016724
12.44604682922363
16.0410737991333
15.38977098464966
14.6502161026001
13.0005190372467
14.35065603256226
14.61005711555481
12.61194801330566
15.31695699691772
13.64252185821533
16.48110103607178
14.17194318771362
14.71512985229492
16.76053309440613
17.08939909934998
16.17797517776489
14.18527603149414
11.44349098205566
14.08450293540955
11.83100414276123
13.44525194168091
15.19899201393127
17.6202449798584
15.34003591537476
17.15004801750183
14.75128698348999
18.95977401733398
16.63436388969421
18.77372598648071
18.24283313751221
18.72300696372986
17.17790102958679
18.24271488189697
18.79327893257141
18.90675711631775
18.35080814361572
18.5480329990387
17.18796992301941
17.30146098136902
17.16407585144043
18.38532114028931
19.45496678352356
19.74703192710876
17.974454164505
19.94104409217834
17.58405804634094
18.02077317237854
16.4276750087738
18.80208706855774
18.9612729549408
19.9070098400116
11.04406785964966
16.62106609344482
14.7298378944397
15.23580694198608
14.43051290512085
15.32036304473877
14.71299409866333
14.51425814628601
13.42392206192017
15.59362196922302
13.37200808525085
17.69976902008057
12.26716995239258
11.86607098579407
15.12328505516052
15.86789107322693
14.04218316078186
16.87974786758423
17.57975912094116
20.08882713317871
12.30827593803406
14.65899801254272
17.26555013656616
16.64471507072449
18.94858908653259
15.35365200042725
16.53167510032654
17.85376310348511
15.82975006103516
18.35302495956421
14.20212411880493
13.82148504257202
18.48442506790161
14.2650740146637
14.57137298583984
13.72278189659119
16.62308406829834
18.85337710380554
13.10309600830078
16.88995385169983
15.98610782623291
19.24303698539734
19.1620819568634
19.83790993690491
18.93005895614624
15.7619309425354
17.02077198028564
17.72603702545166
21.24658918380737
14.26756906509399
17.8890118598938
15.63675904273987
20.05537104606628
22.82486486434937
19.70665216445923
19.75770092010498
16.76540398597717
17.41967606544495
15.56861782073975
19.32562398910522
20.86180901527405
18.97642707824707
18.46534180641174
18.55600190162659
16.12024092674255
10.91214203834534
11.65341186523438
14.64372181892395
13.86195302009583
16.02310991287231
12.85356903076172
13.93012309074402
12.3462450504303
14.07116603851318
13.28502702713013
15.44781017303467
14.82177901268005
17.09967517852783
15.27154994010925
15.96859407424927
17.51141095161438
14.73835396766663
13.79490613937378
16.08393597602844
16.03210496902466
15.85006403923035
15.56305384635925
15.19041991233826
14.30309200286865
16.11221194267273
13.4728569984436
15.46398091316223
14.45145988464355
15.15653395652771
13.89300203323364
16.28142118453979
13.94868206977844
16.51400995254517
16.36746001243591
18.70012283325195
17.0634880065918
12.43431186676025
14.83439612388611
20.96089601516724
15.05550289154053
17.30719995498657
15.91436195373535
17.59574198722839
18.331463098526
16.65143918991089
22.87235713005066
18.08930897712708
17.884113073349
21.38983297348022
16.95347118377686
20.62326002120972
20.53723001480103
19.47840714454651
20.89194512367249
20.08900594711304
19.02356004714966
18.66609001159668
22.95532393455505
17.57497191429138
18.58194804191589
19.19012403488159
19.21212100982666
17.18873000144958
21.76737403869629
17.16126585006714
10.72477197647095
17.05698800086975
18.67150115966797
15.78025889396667
14.68035197257996
13.42253017425537
18.68567895889282
15.67085099220276
16.82180094718933
12.33875489234924
15.82650899887085
11.81376981735229
13.69983005523682
15.75423288345337
14.64789319038391
15.59857201576233
13.89069104194641
11.91222620010376
20.40934205055237
14.87837791442871
14.79141497612
15.01397109031677
18.28981304168701
14.2241108417511
14.15197396278381
17.58548808097839
17.00513410568237
15.46340298652649
16.13140106201172
17.24569606781006
15.762855052948
16.5234649181366
16.21999096870422
16.62693905830383
15.12023210525513
17.2472198009491
17.21533393859863
16.29556202888489
17.49025392532349
18.22698402404785
19.15584516525269
16.84555387496948
18.12524104118347
16.89217090606689
17.82123112678528
16.92091798782349
18.42154502868652
17.32049894332886
17.5211398601532
17.17489099502563
20.04573202133179
16.07504200935364
18.10473084449768
19.49652290344238
19.09616899490356
18.09750390052795
16.37762999534607
19.97903895378113
16.02645897865295
15.18614482879639
18.85195016860962
17.29885387420654
17.26409888267517
19.89747786521912
18.18329095840454
10.74214506149292
15.3079559803009
17.39032292366028
10.45261406898499
14.45317006111145
12.64825010299683
16.71113014221191
10.45602607727051
17.87518501281738
13.2216420173645
13.00924301147461
15.94172787666321
13.99856114387512
16.91238689422607
12.43692302703857
12.20920515060425
15.92656898498535
13.12056493759155
14.24947309494019
14.27601599693298
14.89419722557068
12.1027410030365
15.53539609909058
15.495285987854
17.92118716239929
12.99159598350525
14.42070889472961
14.28272104263306
14.80229902267456
17.98055505752563
14.92055988311768
18.64221096038818
13.36159992218018
12.68067002296448
17.87130188941956
16.93188905715942
16.80488181114197
16.61477303504944
19.43314290046692
14.90530014038086
18.51208019256592
15.44647598266602
16.77222800254822
18.43143796920776
19.23432588577271
18.39054083824158
24.64530897140503
18.42896103858948
17.74798798561096
18.67276000976562
20.57168817520142
20.29846501350403
20.91162204742432
19.69629311561584
18.15115189552307
18.7759120464325
16.39633297920227
20.73582005500793
18.40670490264893
17.11368703842163
17.79722690582275
21.96748113632202
20.5448169708252
19.77482891082764
15.71073293685913
10.87097001075745
13.24811005592346
18.98942399024963
15.98300981521606
14.98858308792114
15.06571197509766
16.51928687095642
13.20989799499512
13.09718799591064
13.74516606330872
15.56299996376038
13.80340480804443
11.72947216033936
17.84957885742188
11.06301188468933
15.45880103111267
16.00977301597595
14.68107104301453
13.39616894721985
15.5656681060791
11.34383988380432
15.57997107505798
11.8776581287384
18.61362314224243
14.10407996177673
15.45377206802368
13.67298412322998
20.91589903831482
13.61398005485535
14.48984289169312
15.83189296722412
17.51080012321472
15.1662769317627
19.33735394477844
17.83242702484131
13.93144798278809
12.75429487228394
19.33137392997742
19.42736506462097
18.50573396682739
18.60332608222961
17.61453890800476
16.16649198532104
18.78254294395447
21.00331807136536
17.95993518829346
17.3882520198822
17.55436515808105
20.16374802589417
17.5439989566803
17.29440402984619
22.18306708335876
18.6956639289856
20.06009888648987
20.3585638999939
18.1388418674469
16.75112199783325
15.45300197601318
20.36643290519714
17.62451004981995
18.12975692749023
17.11603713035583
18.91275501251221
21.12928795814514
14.08911609649658
10.91298604011536
19.31440711021423
13.99837207794189
11.30775594711304
14.49144506454468
14.68257117271423
10.42092204093933
16.43620491027832
15.94667887687683
15.54417204856873
14.32788109779358
14.02345204353333
15.51100301742554
13.46770215034485
14.09214687347412
13.39074397087097
14.076416015625
15.74267601966858
12.04173588752747
12.56306791305542
15.03362202644348
13.52306699752808
14.58826398849487
14.0168080329895
15.0273540019989
14.21700286865234
16.62624597549438
15.40863418579102
15.89692997932434
16.47491216659546
17.50898480415344
15.04246115684509
15.42701101303101
15.80019998550415
17.05964398384094
15.71976590156555
15.55498194694519
16.38156390190125
16.40769386291504
15.51757621765137
15.25785303115845
14.62488198280334
19.6010890007019
17.89962005615234
17.44974398612976
15.12335014343262
20.56635093688965
16.92388892173767
20.73790001869202
16.07266783714294
16.74552202224731
19.19183897972107
18.44513201713562
20.20704984664917
18.59855818748474
19.46651601791382
19.22610306739807
19.068284034729
18.32163691520691
20.26211404800415
18.09556603431702
19.18167090415955
18.10098218917847
17.79320812225342
18.6088330745697
10.85969090461731
15.11424207687378
12.60775804519653
14.07220602035522
13.31210088729858
12.92619204521179
16.62527513504028
14.52197194099426
15.34286904335022
14.54741501808167
13.06725907325745
14.9082670211792
16.14385485649109
16.26869511604309
14.08716177940369
15.55765199661255
14.73169898986816
13.23545694351196
15.32854294776917
17.56706213951111
14.25425004959106
13.87641787528992
16.46474289894104
14.67099189758301
16.78933501243591
15.91275906562805
19.08050298690796
18.09052395820618
12.54516291618347
13.39768314361572
16.28028512001038
15.22339606285095
15.02953219413757
15.30712103843689
16.52382302284241
17.96825313568115
14.42353916168213
16.83007407188416
15.54582691192627
15.00487279891968
16.75984287261963
19.63113880157471
18.9725170135498
20.11239099502563
19.76678586006165
16.58539700508118
20.51197290420532
19.55436396598816
20.26003909111023
18.93764495849609
18.22186303138733
20.20423698425293
18.31454396247864
17.81062793731689
18.83413505554199
17.95138788223267
17.22935509681702
20.04613304138184
19.00217390060425
20.43568396568298
19.6610848903656
19.70629596710205
18.33276605606079
19.07553005218506
18.06587100028992
10.73867583274841
14.6864709854126
13.75126695632935
16.22305798530579
13.44161009788513
16.45776200294495
13.09412789344788
18.81821703910828
12.78492403030396
13.00041604042053
16.67774701118469
13.36691188812256
14.04701399803162
15.65926384925842
13.77736115455627
15.12521886825562
16.14053010940552
14.85666990280151
12.66140103340149
16.20415282249451
13.83037996292114
14.14743900299072
19.84026718139648
16.01387310028076
15.9403932094574
14.03674483299255
16.38166117668152
13.81426119804382
14.36552095413208
17.42745113372803
14.88777899742126
14.86267304420471
19.21501994132996
15.79025197029114
14.74280405044556
17.71641898155212
16.97866582870483
19.68320488929749
15.37774300575256
17.79688501358032
17.08284401893616
16.21877908706665
16.63582992553711
20.15663909912109
14.99674296379089
17.71505188941956
16.93070483207703
18.92116785049438
17.08998489379883
15.90756893157959
17.14730882644653
18.90206789970398
19.34459280967712
17.94227910041809
18.93459510803223
19.09654116630554
20.90363788604736
19.44786810874939
19.70966005325317
17.75473308563232
18.5988450050354
21.08121514320374
19.31030488014221
19.74997305870056
17.50692701339722
10.87751603126526
15.60409808158875
19.00193786621094
11.19311690330505
18.24076509475708
14.29796886444092
13.49835085868835
15.37314414978027
12.80350303649902
11.8779718875885
13.56348896026611
13.0760281085968
13.64409184455872
13.7601420879364
14.59585285186768
14.1489360332489
13.59506893157959
12.10510206222534
14.51314401626587
18.24960899353027
17.57351088523865
17.11122298240662
13.51271104812622
15.55737400054932
15.52917695045471
15.80391693115234
14.74551701545715
13.80837297439575
14.18719506263733
13.63376784324646
16.78997206687927
17.28739285469055
16.69939589500427
17.96649384498596
17.28118300437927
15.32651305198669
15.02282905578613
16.64351892471313
18.61565017700195
16.27565312385559
15.68713402748108
14.10074615478516
21.10920310020447
17.32030487060547
17.2553071975708
19.12904286384583
18.90431904792786
18.12518191337585
18.03219485282898
21.80726790428162
19.31879901885986
16.56102108955383
18.75921607017517
17.54748702049255
19.92660093307495
20.05147194862366
19.03421998023987
22.32887601852417
16.44781804084778
19.93103194236755
16.87975382804871
21.88551616668701
16.39460396766663
21.01703190803528
18.76689910888672
10.86706805229187
16.16117000579834
14.42004299163818
17.70394897460938
13.79099583625793
15.11704683303833
16.19618606567383
14.84000110626221
10.98837399482727
17.32262802124023
18.85972189903259
14.5701470375061
14.10655498504639
14.64998292922974
12.75606298446655
17.08152794837952
17.11916303634644
14.42433714866638
14.14953899383545
14.55948901176453
14.15710592269897
18.91552400588989
16.00929999351501
17.8860068321228
17.29273295402527
13.8361349105835
17.33624815940857
14.89546608924866
18.45218110084534
13.47764205932617
17.43655705451965
14.06957077980042
16.63205003738403
18.92893695831299
18.33662796020508
16.49408602714539
18.21716904640198
13.81599116325378
16.6300368309021
15.88557291030884
19.66953802108765
17.04991102218628
19.00322413444519
15.56055307388306
16.12312602996826
19.06607103347778
20.10005879402161
18.35211205482483
17.50436520576477
19.55619502067566
16.03383994102478
19.24788594245911
15.05762195587158
19.73775696754456
19.31992292404175
17.02927899360657
18.14746689796448
14.46771693229675
16.62049007415771
19.68896889686584
17.69968891143799
18.79348802566528
15.04142713546753
18.37029504776001
17.38541722297668
10.88172316551208
14.14329504966736
15.28037786483765
11.60346508026123
13.31727409362793
15.66200017929077
14.58145523071289
15.55007314682007
15.19204115867615
17.11833310127258
13.76590609550476
14.13544607162476
15.80433893203735
18.73291397094727
14.64475393295288
11.85711193084717
12.95908713340759
14.99416303634644
15.37576913833618
12.68449592590332
14.26299595832825
13.49402904510498
15.00431895256042
16.41519808769226
16.58980703353882
12.22939300537109
15.08273410797119
14.73419499397278
13.66319012641907
13.6115870475769
15.00134015083313
16.34771609306335
15.45837998390198
14.96186208724976
14.42250084877014
22.16028499603271
16.49653792381287
14.70615100860596
18.90520000457764
14.2828049659729
14.79309391975403
16.37017107009888
17.82240891456604
15.1401629447937
18.23071217536926
18.37971091270447
19.47595596313477
18.67461490631104
18.28254008293152
18.75044918060303
16.85414910316467
19.30886602401733
21.15659785270691
18.71947813034058
15.62594199180603
19.09679889678955
18.14208292961121
17.25102591514587
17.96122598648071
19.43589115142822
15.92052888870239
18.55469393730164
17.24499797821045
18.7740330696106
18.83728504180908
10.90190982818604
16.70725297927856
16.10305404663086
15.4866738319397
14.2114679813385
17.54356408119202
15.34014987945557
15.08310794830322
13.38505792617798
13.78473305702209
14.79905891418457
15.10739302635193
14.13279008865356
15.51617908477783
15.29829692840576
13.2752468585968
12.73686194419861
17.47248506546021
14.65413093566895
17.6062798500061
13.70830202102661
14.64192509651184
14.53236699104309
14.14394688606262
17.21911001205444
14.40209698677063
21.0075318813324
13.31487202644348
13.54587197303772
15.65536117553711
14.11875605583191
13.75785303115845
13.22023797035217
17.53495383262634
16.73967814445496
17.85116004943848
17.07463908195496
17.97271800041199
17.760577917099
14.29686903953552
16.12725710868835
17.4073178768158
21.43381309509277
19.16452503204346
17.26421403884888
18.56581020355225
18.60540103912354
18.6914541721344
18.48292207717896
21.42924785614014
19.11789608001709
21.63703083992004
19.2475438117981
15.20974612236023
17.59023404121399
16.84217000007629
17.05334281921387
18.77959394454956
18.03175497055054
19.76366090774536
20.70581007003784
18.42522287368774
17.68376708030701
18.59198498725891
19.24942493438721
10.72830486297607
15.92245697975159
14.16960406303406
16.45771813392639
10.61654591560364
13.04999399185181
14.95730018615723
15.34960508346558
14.21288108825684
15.85478496551514
15.52425813674927
14.02272009849548
15.62650203704834
14.47791290283203
15.51937890052795
13.88836812973022
12.35989999771118
13.41504406929016
16.07922196388245
15.80441308021545
14.25859403610229
14.98731708526611
10.38502192497253
11.80247712135315
16.21857595443726
14.60302400588989
12.90306210517883
15.6001980304718
15.834547996521
15.31488990783691
14.16707396507263
12.74133682250977
14.33465218544006
11.83005499839783
15.76816201210022
18.24631309509277
16.1346070766449
18.77380394935608
15.5055820941925
17.59648895263672
15.93314814567566
17.5404999256134
15.91755795478821
19.90185594558716
15.38702607154846
18.75523591041565
22.39154815673828
18.14609694480896
17.83131217956543
19.42028498649597
17.81671500205994
19.04204702377319
20.29031205177307
17.34417390823364
21.67391300201416
15.53733205795288
21.01771092414856
20.69731092453003
19.04978704452515
19.24207711219788
19.01766705513
21.13869500160217
17.53732204437256
18.53283095359802
18.82113814353943
10.87367510795593
12.92316603660583
15.45937395095825
19.93009400367737
11.80228495597839
18.64544987678528
13.29854917526245
16.63924407958984
13.94631314277649
14.49572992324829
15.63036704063416
14.87333297729492
15.78033804893494
14.68252396583557
15.24774408340454
12.71037006378174
16.29389405250549
14.70805692672729
15.99523091316223
15.96729898452759
17.53248000144958
12.78995013237
16.09366488456726
13.27397584915161
14.18181014060974
16.96022796630859
11.93411183357239
15.52941703796387
17.27211999893188
15.16868209838867
15.82604503631592
15.04773998260498
18.40587687492371
17.05559301376343
12.17486906051636
16.09526395797729
13.55650496482849
17.21085000038147
15.53963613510132
20.21991491317749
15.76450896263123
16.13707304000854
18.37524604797363
15.81194996833801
17.30807709693909
17.82316207885742
16.68645596504211
18.65837407112122
21.65677690505981
17.04421901702881
19.26709604263306
19.01581192016602
18.67856597900391
19.69156002998352
19.0009868144989
20.01699709892273
19.64902877807617
18.47240591049194
22.22020101547241
18.95700287818909
17.17220902442932
21.12900710105896
18.27163600921631
20.77139592170715
18.92384195327759
10.85895395278931
16.1152081489563
15.58105993270874
15.04459810256958
10.39983916282654
15.8365159034729
16.53830599784851
12.85905289649963
18.48824381828308
15.27687692642212
14.07928800582886
18.31367301940918
16.53271698951721
16.49359798431396
17.08343005180359
15.34542298316956
13.84230184555054
14.51462316513062
15.0929160118103
13.80380606651306
10.889564037323
13.66937398910522
16.36244797706604
14.92575597763062
14.38382601737976
17.06607890129089
15.91326594352722
14.23325109481812
18.03938102722168
12.25763583183289
18.66384387016296
14.42833495140076
15.12616801261902
14.40957713127136
16.60305404663086
13.30974507331848
15.50821089744568
14.547523021698
15.88545608520508
15.66240096092224
16.57938599586487
16.41092801094055
16.38489007949829
18.25153088569641
18.7743079662323
19.32143402099609
18.63080310821533
20.36164999008179
17.66382694244385
20.25658011436462
18.49608612060547
18.63854789733887
18.07993292808533
18.0069408416748
19.52677702903748
17.72132110595703
18.48216986656189
17.86580681800842
18.86701703071594
18.69405913352966
22.032879114151
18.69339990615845
19.14355206489563
20.24745798110962
19.41843199729919
10.86562705039978
16.8259449005127
12.7058310508728
16.31376695632935
14.50215816497803
11.27831697463989
14.38633680343628
20.97012686729431
12.2260570526123
17.67277693748474
14.30939292907715
15.80702590942383
13.74153900146484
13.77879905700684
14.68468594551086
14.87620711326599
16.78707599639893
14.34315609931946
14.75835418701172
14.84594511985779
15.45877504348755
14.08286499977112
13.73321890830994
14.93430495262146
14.05274891853333
13.48730611801147
15.78418302536011
14.12716507911682
14.39253091812134
16.86489009857178
15.55362796783447
17.85184502601624
15.97771096229553
16.46672201156616
18.04417514801025
17.68291902542114
13.43986701965332
14.90061092376709
16.17467212677002
17.53955793380737
20.4909930229187
22.55292296409607
16.36470985412598
17.91948890686035
19.50341200828552
18.87663507461548
22.85536813735962
16.49281287193298
16.91927790641785
18.37566304206848
17.89389204978943
21.26711487770081
17.16068983078003
17.33092713356018
21.61091184616089
17.47389793395996
18.06819581985474
20.89493489265442
16.64644312858582
19.08037805557251
17.72944617271423
19.18220186233521
15.85516595840454
20.76377296447754
16.53133511543274
10.89219808578491
11.38157200813293
14.90297102928162
15.72521686553955
15.59795689582825
12.76384902000427
16.47635817527771
20.08729696273804
15.11684584617615
14.76562118530273
13.71135306358337
15.33465003967285
15.40406608581543
18.03456997871399
13.17015695571899
12.80377101898193
14.10249304771423
16.58241415023804
15.30569291114807
14.41244888305664
16.25527000427246
12.91836094856262
15.16658091545105
16.52431392669678
15.69132614135742
14.24790596961975
13.82692217826843
11.75709891319275
14.67170786857605
15.36795115470886
15.91365003585815
16.61899614334106
18.25144600868225
15.50418090820312
12.2210910320282
14.7052960395813
17.68548893928528
14.69025492668152
16.8281409740448
16.7193398475647
17.84289789199829
15.82664704322815
18.39429593086243
23.22569894790649
16.42523503303528
18.13719487190247
19.20045614242554
20.69766020774841
20.19587111473083
16.80797481536865
20.00185608863831
17.06571006774902
19.24090504646301
18.3940441608429
17.61317300796509
16.8146607875824
18.39517498016357
15.01343083381653
17.19894003868103
21.13896203041077
15.35439300537109
20.11943602561951
18.89095020294189
17.98745489120483
17.35697388648987
10.88788199424744
16.78245806694031
14.95162105560303
14.57255792617798
15.36052298545837
16.91296100616455
17.89342093467712
13.67700481414795
14.63329005241394
16.57164406776428
14.64412713050842
14.71750807762146
15.38074016571045
17.56528902053833
14.64875197410583
17.13942909240723
15.52350091934204
14.0986020565033
14.42691993713379
15.32782912254333
15.36921882629395
13.62749314308167
15.65952205657959
12.32512402534485
11.58192586898804
17.57820200920105
14.49630999565125
15.13678312301636
13.80732679367065
15.31950092315674
15.11902689933777
15.73149991035461
13.71366786956787
15.87527894973755
14.75541615486145
15.69628119468689
18.94880509376526
15.9016900062561
17.51953101158142
16.86358189582825
19.83139491081238
17.93211483955383
19.17675185203552
18.61962103843689
19.84664297103882
15.54398703575134
18.85212302207947
17.1911609172821
18.38871097564697
15.46031212806702
21.39169502258301
15.36794805526733
19.41994309425354
18.25293111801147
14.65491795539856
18.52568602561951
20.19516086578369
19.00008702278137
20.73190999031067
18.48154592514038
20.05887198448181
18.90382099151611
19.68349099159241
18.13171696662903
21.87261295318604
11.04404091835022
19.80077815055847
15.0067880153656
13.92186808586121
14.77083301544189
15.73161292076111
15.95362496376038
16.07565999031067
14.48552799224854
16.66222977638245
13.13197708129883
15.60029911994934
14.27922296524048
16.35027098655701
11.35799384117126
15.98354721069336
14.91765809059143
17.69840502738953
15.8239541053772
15.03525686264038
14.97469305992126
13.95585298538208
16.7711489200592
12.87395310401917
16.73507118225098
17.34690999984741
13.49405097961426
12.95880794525146
15.82342314720154
17.63379096984863
17.63654398918152
16.35676383972168
16.2359299659729
18.52438187599182
15.2439911365509
15.79071998596191
16.53224301338196
15.72507286071777
12.19864392280579
16.41554689407349
21.50880098342896
18.19424891471863
21.11099910736084
19.75838303565979
14.53059196472168
18.53507208824158
19.80410003662109
18.02439618110657
18.55612993240356
20.82247996330261
16.94733119010925
19.05852484703064
18.47144293785095
20.7392258644104
17.59421491622925
17.23876190185547
18.59683108329773
19.69775700569153
14.30009007453918
19.59972715377808
17.30164909362793
17.27755808830261
17.23014283180237
18.27645993232727
21.27952909469604
10.84782719612122
11.10694003105164
16.19335603713989
18.2815248966217
17.46201801300049
11.88171696662903
14.2878201007843
13.65126895904541
14.61431789398193
13.47811698913574
17.30209708213806
14.7195520401001
15.25240087509155
16.64208579063416
12.84204792976379
15.87185406684875
13.01301121711731
13.78963899612427
15.22562003135681
15.24757194519043
18.68076801300049
10.39119005203247
14.869961977005
14.82099318504333
14.58995795249939
16.18674397468567
16.26483011245728
14.67908000946045
15.27287292480469
15.4046471118927
15.09303689002991
14.35984182357788
15.48841595649719
16.36273288726807
17.80574297904968
14.913498878479
15.13656306266785
18.59216284751892
19.97876286506653
15.50525498390198
18.84229898452759
15.77529096603394
17.08424210548401
16.94990015029907
16.09476208686829
20.19387602806091
18.55140781402588
16.74870085716248
20.10972905158997
18.4222149848938
18.80122184753418
17.95798206329346
17.59569096565247
16.8724570274353
17.4808828830719
16.7451159954071
17.68808603286743
20.086993932724
19.53171110153198
19.6603307723999
25.76443290710449
17.81804800033569
18.95449018478394
17.90008401870728
18.80762791633606
10.81510400772095
14.19238209724426
13.57317113876343
15.539715051651
13.48061394691467
15.08031320571899
11.37204694747925
13.95754790306091
13.32778596878052
15.28265810012817
13.99698400497437
14.42695283889771
14.30193495750427
10.41009712219238
16.9449999332428
15.49839282035828
16.01366281509399
14.80008912086487
13.497887134552
13.50391912460327
12.95837807655334
12.51852512359619
14.81317281723022
15.02409291267395
16.01804494857788
15.76674699783325
14.26267218589783
15.95092701911926
16.53058910369873
14.8064877986908
16.85490083694458
13.81335997581482
17.10236096382141
14.80693793296814
13.17080783843994
16.65055084228516
13.05598902702332
17.90154194831848
13.69490694999695
18.75719499588013
17.91041111946106
16.56542587280273
15.86299514770508
18.12338304519653
22.68251800537109
15.84960389137268
20.22234892845154
18.24618101119995
22.04195499420166
18.50280094146729
18.62718987464905
19.09086799621582
17.64557790756226
20.03605198860168
16.38465595245361
18.70352387428284
18.47261691093445
18.80275392532349
15.51151084899902
20.47643208503723
22.49759197235107
19.35669803619385
18.47392296791077
20.92479395866394
18.11022400856018
10.88486289978027
13.65733599662781
15.07571792602539
15.57547497749329
16.01503992080688
17.40566611289978
13.51656007766724
15.17967510223389
14.84209799766541
14.02273917198181
15.13958096504211
14.92489194869995
15.95506119728088
14.46025800704956
17.6481020450592
18.15557098388672
15.20435690879822
10.42255806922913
13.69484996795654
15.98487901687622
14.21661305427551
15.26259899139404
14.3441789150238
16.49763703346252
20.95331478118896
19.24754190444946
17.04013085365295
16.67609405517578
15.49291682243347
14.31544089317322
13.33145713806152
11.41189098358154
18.04131817817688
17.39664387702942
17.24145102500916
16.02209496498108
14.99537086486816
14.75131702423096
16.38806986808777
18.91380906105042
19.24874806404114
18.17911696434021
16.39061403274536
15.38174891471863
17.29923295974731
21.46477913856506
19.88763499259949
17.5480580329895
21.98316097259521
17.74300003051758
17.05536413192749
17.5559618473053
19.00097584724426
19.49024796485901
16.80010604858398
18.47196912765503
17.0841269493103
18.76749110221863
20.00931191444397
16.5481219291687
21.33391284942627
19.53372311592102
18.81961107254028
20.44613122940063
18.99345111846924
10.92302107810974
14.77826976776123
15.23820519447327
15.88051390647888
16.34628796577454
13.92493081092834
15.60532593727112
14.31603288650513
14.82330513000488
12.30614709854126
16.14176988601685
15.41609811782837
17.97081184387207
14.80183601379395
16.78703880310059
13.77643799781799
16.41774702072144
13.49505996704102
12.34621000289917
15.64051294326782
17.49040198326111
14.09206604957581
15.07355713844299
16.0424919128418
12.14685297012329
18.0945827960968
15.06221580505371
17.07290005683899
15.83391690254211
16.92306804656982
17.24003195762634
18.79586601257324
19.18209004402161
13.25430798530579
18.34931397438049
20.46773290634155
17.99654316902161
18.229905128479
19.82009601593018
16.21653079986572
12.80751204490662
23.41454601287842
19.37102198600769
16.44711089134216
18.72354292869568
20.49000406265259
17.36942219734192
23.29196381568909
20.05620789527893
18.49371409416199
17.99054718017578
20.19870090484619
17.52149677276611
22.06185793876648
16.59527206420898
18.96205997467041
17.87542009353638
16.56803107261658
23.50027203559875
18.28483104705811
14.4908721446991
19.93195104598999
20.53889203071594
19.70386815071106
19.4712131023407
10.88334202766418
14.46691012382507
15.9294228553772
15.3448920249939
17.8963840007782
14.31551313400269
13.60544395446777
14.45704388618469
14.46578907966614
15.83898091316223
15.23496508598328
13.64685392379761
16.88459801673889
13.01763415336609
12.21090912818909
18.98566579818726
14.65091490745544
15.75769901275635
14.52774095535278
14.27128195762634
13.80944204330444
14.42397904396057
17.00885891914368
15.05274891853333
19.45245504379272
11.68533992767334
14.6768319606781
14.35976004600525
10.60251903533936
17.14267802238464
16.04528784751892
18.8339478969574
12.60069298744202
15.47275400161743
15.47709083557129
16.93737006187439
15.27984595298767
16.75579905509949
16.5673348903656
14.54121589660645
18.07242703437805
18.74708986282349
17.08488798141479
19.78400611877441
18.09848999977112
18.45881986618042
17.4128110408783
17.57849502563477
19.4616711139679
18.99779987335205
18.18970394134521
18.15495991706848
19.54337000846863
14.16247391700745
16.89572095870972
18.08084797859192
17.85701394081116
18.45156192779541
17.89307498931885
16.83618092536926
19.28721404075623
17.72366905212402
19.09490394592285
20.50368285179138
18.01899194717407
10.79343414306641
11.41275906562805
15.20827507972717
16.97857713699341
16.65222716331482
13.03433418273926
14.04594111442566
14.33160209655762
15.28427195549011
16.91041803359985
16.28271508216858
15.22413897514343
12.18884301185608
17.0698938369751
13.12119102478027
14.56083202362061
15.2111120223999
15.48884296417236
12.53107404708862
19.48542785644531
16.88185691833496
14.41369009017944
16.28671097755432
16.48306703567505
15.23782205581665
13.16212105751038
13.03883790969849
12.74796605110168
11.19430303573608
17.33304810523987
16.35063481330872
15.47998285293579
14.83607792854309
15.1867241859436
19.65011096000671
19.47175288200378
18.34392285346985
15.54658198356628
17.74607300758362
17.52093291282654
17.25024318695068
17.73903608322144
17.52525401115417
18.61953997612
18.70524907112122
18.52369999885559
20.94983601570129
18.35118579864502
15.81237316131592
17.46522498130798
21.95297193527222
16.53980803489685
21.098876953125
18.20008087158203
17.88229894638062
18.32269692420959
21.28005313873291
18.0895471572876
21.29918003082275
17.85641002655029
17.5897319316864
17.04085803031921
19.69808483123779
20.52262902259827
17.59152603149414
10.91384696960449
11.20129299163818
16.81471991539001
15.97358298301697
14.97307205200195
13.96085500717163
17.37169504165649
17.49836993217468
14.94994902610779
13.41496682167053
14.48137211799622
15.69961094856262
11.21525406837463
12.44760394096375
13.46691203117371
16.37211298942566
13.3618860244751
15.90031599998474
14.27743887901306
17.05534601211548
14.01788115501404
17.07859396934509
15.02797198295593
18.17563700675964
14.9838650226593
17.8268461227417
13.07380294799805
15.03778409957886
13.18088889122009
14.91420793533325
13.30566120147705
15.58883190155029
18.53946304321289
14.67461681365967
16.9967520236969
15.01739287376404
17.53461790084839
16.70000100135803
19.06781697273254
16.92200303077698
12.222904920578
16.65009999275208
17.62038683891296
15.21374297142029
20.43310379981995
19.05262207984924
19.09774398803711
20.85882806777954
14.55839800834656
20.55894303321838
17.16368794441223
20.3056960105896
19.01958990097046
17.64515805244446
21.61634588241577
17.95528888702393
17.97225499153137
16.67574191093445
16.34733414649963
17.01563405990601
22.24090194702148
17.46124291419983
17.51643300056458
17.51715302467346
16.20913910865784
10.936527967453
16.88288402557373
18.9622790813446
15.02216410636902
17.427738904953
15.60480809211731
15.21346807479858
15.99791502952576
16.11721086502075
18.97975897789001
16.88043093681335
14.9499819278717
14.63566398620605
11.46445488929749
13.62878704071045
13.62967300415039
13.32153296470642
12.92652416229248
16.46826696395874
13.27845692634583
16.76595115661621
13.96599006652832
16.32760000228882
14.34540915489197
15.74144196510315
15.0286238193512
13.4840087890625
14.46600484848022
17.68140482902527
14.70034623146057
17.43151998519897
16.81691813468933
14.53426289558411
17.18603610992432
16.5614287853241
17.33375787734985
17.79374480247498
13.38007497787476
20.11474585533142
18.07017588615417
16.62198877334595
17.13871312141418
17.06952118873596
20.21962213516235
22.77810716629028
23.52835583686829
19.33408808708191
19.95817279815674
15.03640794754028
25.68374300003052
18.26603007316589
18.37101697921753
17.69296312332153
24.1458420753479
17.4059751033783
19.89622211456299
16.94868111610413
16.7814610004425
18.95545721054077
18.9835479259491
18.70176696777344
21.89745378494263
17.56412601470947
18.89021611213684
19.73748302459717
