41.55083046356837
40.44763290882111
38.62171300997337
41.01663010567427
41.54875500996908
38.27706366280714
41.16961306581894
37.58353284249703
39.10326105604569
42.01903332024813
41.14383014539877
38.58314839998881
42.91630233575901
41.68779669950406
39.74800669650237
41.46283716211716
41.14387379338344
39.51672730346521
44.04280609140793
38.72750666737556
40.97602397203445
41.76810549447934
39.55175548543533
40.26632990688086
40.60821616649628
39.82041899114847
41.08372468501329
40.77975417673588
41.23491576562325
40.08357412368059
41.48854179680347
43.21580570439497
38.67839919527372
40.28367274999619
41.53413129597902
41.5734481861194
