0.0857391357421875
0.2102940082550049
0.3247799873352051
0.3865599632263184
0.3384621143341064
0.367609977722168
0.765153169631958
0.3154480457305908
0.2261738777160645
0.5519740581512451
0.2196228504180908
0.1712219715118408
0.3169729709625244
0.2915148735046387
0.2074170112609863
0.213346004486084
0.6455898284912109
0.317918062210083
0.2737998962402344
0.2962238788604736
0.5337529182434082
0.4262440204620361
0.6351139545440674
0.3075299263000488
0.3249359130859375
0.2990419864654541
0.3727309703826904
0.5034339427947998
0.4063239097595215
0.2757699489593506
0.5770411491394043
0.4396100044250488
0.26084303855896
0.3253951072692871
0.5819098949432373
0.2426650524139404
0.2361071109771729
0.6359570026397705
0.2427160739898682
0.4141879081726074
0.3328180313110352
0.6661839485168457
0.2532641887664795
0.4498200416564941
0.1677300930023193
0.2432210445404053
0.2611880302429199
0.4911959171295166
4.290802001953125
0.3921799659729004
0.3278141021728516
0.290585994720459
0.6574251651763916
0.7186479568481445
0.3351600170135498
0.2908658981323242
0.2917711734771729
0.2475590705871582
0.3287589550018311
0.8132238388061523
0.5896909236907959
0.4731740951538086
0.2182989120483398
0.6382699012756348
0.2729001045227051
0.08449006080627441
0.7989120483398438
0.3218479156494141
0.2379789352416992
0.2374269962310791
0.2332148551940918
0.9115369319915771
0.44734787940979
2.862455129623413
0.523989200592041
0.8437709808349609
0.3501429557800293
0.3032159805297852
0.54152512550354
0.6436588764190674
0.2484769821166992
0.3427979946136475
0.3985729217529297
0.2798919677734375
0.5487501621246338
0.7153360843658447
0.339853048324585
0.4198129177093506
0.2079689502716064
0.4039359092712402
1.64690113067627
0.4647300243377686
0.4790370464324951
0.3766019344329834
0.2691049575805664
0.2849647998809814
0.2977361679077148
0.2594671249389648
0.2409579753875732
0.9200329780578613
0.3597447872161865
0.4299781322479248
0.2183949947357178
0.8385109901428223
0.2324581146240234
0.7239151000976562
0.2922639846801758
0.4515030384063721
0.281994104385376
0.2301380634307861
0.3358569145202637
0.4320170879364014
0.9924590587615967
1.493538856506348
0.2510612010955811
0.6577320098876953
0.3029820919036865
0.5915589332580566
0.2733659744262695
0.6094419956207275
0.2417969703674316
0.245168924331665
0.2951319217681885
0.4439611434936523
0.2701210975646973
0.3893671035766602
0.3537108898162842
1.191353797912598
1.033344030380249
0.2463841438293457
0.08224391937255859
0.2487688064575195
0.4096579551696777
0.9568178653717041
0.5496060848236084
0.245697021484375
0.5142679214477539
0.3346309661865234
0.3543601036071777
0.2240629196166992
0.712090015411377
0.4611580371856689
0.5946719646453857
0.5980141162872314
0.3260500431060791
0.7560291290283203
0.4377090930938721
0.4198880195617676
0.3395919799804688
0.366178035736084
0.4326038360595703
0.200620174407959
0.6681549549102783
0.6111040115356445
0.2817690372467041
0.3553130626678467
0.2360410690307617
0.459306001663208
0.3801329135894775
0.2786118984222412
0.3775980472564697
0.2855360507965088
0.7714760303497314
0.8158490657806396
0.4080319404602051
0.3061099052429199
1.219703912734985
0.399832010269165
0.4506039619445801
0.3265590667724609
0.3871099948883057
0.2087979316711426
0.288686990737915
0.2255408763885498
0.7328188419342041
0.2897100448608398
0.4514949321746826
0.1863629817962646
0.2942869663238525
0.6032071113586426
0.2396490573883057
0.3067071437835693
0.4101638793945312
0.2631258964538574
0.2814669609069824
0.4585130214691162
0.664074182510376
0.5597760677337646
0.2345371246337891
0.3052680492401123
0.2764120101928711
0.2994229793548584
0.3507061004638672
0.5387768745422363
0.257857084274292
0.07512998580932617
5.786079168319702
0.2676830291748047
0.7047998905181885
0.2981181144714355
0.5589029788970947
0.376227855682373
0.2466719150543213
0.3896510601043701
0.2395870685577393
0.2193410396575928
0.7039699554443359
5.381410121917725
0.2181980609893799
0.4857840538024902
0.1926450729370117
0.2166380882263184
0.8764350414276123
0.3525378704071045
1.802290201187134
0.5729818344116211
0.5996639728546143
0.2844228744506836
0.3821768760681152
0.5802669525146484
0.2882490158081055
0.3979451656341553
0.869563102722168
0.2553501129150391
0.3182318210601807
0.2816591262817383
0.3818178176879883
0.179879903793335
0.405372142791748
0.2652778625488281
2.157902956008911
0.2151989936828613
0.4293961524963379
0.3327329158782959
0.4098708629608154
0.3906610012054443
0.1957449913024902
0.5072238445281982
0.2071609497070312
0.2428138256072998
0.2153120040893555
0.2213430404663086
0.639415979385376
0.3229169845581055
0.2953829765319824
0.5113170146942139
0.6112990379333496
0.349937915802002
0.2307710647583008
0.4525370597839355
0.4501368999481201
0.2954349517822266
0.3967969417572021
0.2339639663696289
0.51869797706604
0.3559908866882324
0.3916480541229248
0.9762370586395264
0.2497508525848389
1.010506153106689
0.0751190185546875
1.758026123046875
2.956660032272339
0.2697949409484863
0.9152178764343262
0.2965371608734131
0.4241411685943604
0.4073078632354736
0.3336858749389648
0.4795060157775879
0.3189458847045898
1.020172119140625
0.3799610137939453
0.3089978694915771
0.7706711292266846
0.2080931663513184
0.2723090648651123
0.322274923324585
0.6067609786987305
0.338892936706543
0.1237552165985107
0.3555710315704346
0.2925879955291748
0.9360501766204834
0.2863140106201172
0.2127599716186523
0.2603390216827393
0.3321769237518311
0.6823370456695557
0.3709750175476074
0.562614917755127
0.3989458084106445
0.3168611526489258
0.7640459537506104
0.4152109622955322
0.8010311126708984
0.2667319774627686
1.280126094818115
0.487191915512085
1.802774906158447
0.2698979377746582
0.3781278133392334
0.2794020175933838
0.4633309841156006
0.3900749683380127
0.2925808429718018
0.3731660842895508
0.3371689319610596
0.2951560020446777
6.305734872817993
0.2853610515594482
0.4060850143432617
0.2873439788818359
0.6151208877563477
0.4282078742980957
0.6923160552978516
0.6771750450134277
0.4838070869445801
0.3286120891571045
0.2961931228637695
0.5893881320953369
0.2251241207122803
0.177882194519043
0.2587168216705322
0.4203338623046875
0.3559978008270264
0.3281040191650391
0.2365109920501709
0.354712963104248
0.4484701156616211
0.5830049514770508
0.280472993850708
0.2392690181732178
0.2397630214691162
0.2615909576416016
0.3505909442901611
0.2643771171569824
0.2589371204376221
0.9749619960784912
0.1702280044555664
0.4851701259613037
1.161547183990479
4.874214887619019
0.5209579467773438
0.4724991321563721
0.3753998279571533
0.1903400421142578
0.3610239028930664
0.284369945526123
0.4145748615264893
0.1831648349761963
0.4396650791168213
0.3312008380889893
0.4700210094451904
0.3449199199676514
0.1905198097229004
0.8624119758605957
0.5644071102142334
0.6262819766998291
0.5724029541015625
0.6243050098419189
0.2817330360412598
2.880182027816772
1.557168006896973
0.2564339637756348
2.001171827316284
0.562283992767334
0.3051362037658691
0.3249669075012207
4.622693061828613
0.3437569141387939
0.2849490642547607
0.344182014465332
1.256830930709839
0.3997149467468262
0.3750529289245605
0.627532958984375
0.2665250301361084
0.2281551361083984
5.263790130615234
0.3318710327148438
0.6183788776397705
0.5555429458618164
0.2474308013916016
0.2616519927978516
0.8084588050842285
0.2899928092956543
0.5558550357818604
0.4519450664520264
0.28444504737854
0.09657812118530273
0.2963850498199463
0.5585970878601074
0.4212629795074463
0.2150530815124512
0.2290890216827393
0.6641690731048584
0.3366029262542725
0.4898409843444824
0.234807014465332
1.674868106842041
0.3876039981842041
0.4051129817962646
0.5827369689941406
0.2319798469543457
0.3784618377685547
0.3011491298675537
0.3254318237304688
0.2530961036682129
0.4851539134979248
0.5329179763793945
3.274464130401611
0.2580068111419678
0.2204310894012451
3.213556051254272
0.2944660186767578
0.4074878692626953
0.4402999877929688
0.4720621109008789
0.8231520652770996
0.1987590789794922
0.3842840194702148
0.2687580585479736
0.7110500335693359
0.1876201629638672
0.3671028614044189
0.6775879859924316
0.2695109844207764
2.422253847122192
0.3456101417541504
0.2645010948181152
0.8121969699859619
0.3294930458068848
0.3310830593109131
0.3270471096038818
0.3464610576629639
1.238744020462036
0.2567322254180908
0.2296910285949707
0.4809770584106445
0.64469313621521
0.3093569278717041
0.2647168636322021
0.3284919261932373
0.376741886138916
0.1861448287963867
0.2420718669891357
0.2244799137115479
0.3475837707519531
0.3028378486633301
0.2164380550384521
0.8765490055084229
0.6499481201171875
0.2899608612060547
0.6538939476013184
0.09301590919494629
0.3007991313934326
0.4980528354644775
0.248960018157959
0.2660951614379883
1.25283408164978
0.3532431125640869
0.5375509262084961
0.2255611419677734
0.564734935760498
0.4644110202789307
1.353118896484375
0.5512728691101074
0.3717291355133057
0.8611268997192383
0.2285351753234863
0.382580041885376
0.5096180438995361
0.4295871257781982
0.7962160110473633
0.4186079502105713
0.6165308952331543
0.2310948371887207
0.3143329620361328
0.3248469829559326
0.4023392200469971
0.3050270080566406
0.4174079895019531
0.693120002746582
0.4252820014953613
0.6045868396759033
0.6333539485931396
0.384713888168335
0.2968039512634277
0.1990301609039307
0.3791899681091309
0.4217071533203125
0.5698919296264648
0.3762710094451904
0.4767270088195801
0.301563024520874
0.3159470558166504
0.3066790103912354
0.2883639335632324
0.692357063293457
0.6040041446685791
0.3444252014160156
0.226384162902832
0.2681889533996582
0.4557070732116699
0.3859319686889648
0.6287209987640381
0.4272887706756592
0.3375668525695801
0.6251730918884277
0.1203439235687256
0.73819899559021
0.4415290355682373
0.4519200325012207
0.3766269683837891
0.4785499572753906
0.2469561100006104
4.22977089881897
0.5732910633087158
0.4857380390167236
0.509289026260376
0.7127110958099365
0.6845049858093262
0.4452369213104248
0.3541607856750488
0.3236699104309082
0.6257600784301758
0.3955440521240234
2.442955017089844
0.2162508964538574
0.5515279769897461
0.625762939453125
0.6478550434112549
0.5234780311584473
0.3537168502807617
0.914315938949585
0.8785171508789062
0.4101510047912598
0.5645878314971924
0.6363461017608643
0.3176710605621338
0.3430979251861572
0.9576759338378906
0.5522329807281494
0.3387491703033447
0.6186008453369141
0.3568370342254639
0.5405409336090088
0.2851760387420654
0.5302178859710693
2.460628986358643
0.2734379768371582
2.567178010940552
0.5275759696960449
0.2412350177764893
0.3681321144104004
0.5403189659118652
0.2111539840698242
1.029488801956177
0.3012659549713135
0.2641642093658447
0.4153280258178711
0.2453429698944092
0.2319529056549072
2.263867139816284
0.3460359573364258
0.7969901561737061
0.4590721130371094
0.3546431064605713
0.55253005027771
0.2771148681640625
2.649183988571167
0.5205769538879395
0.2500808238983154
0.3815689086914062
0.2754769325256348
0.2198119163513184
0.4912998676300049
3.525353908538818
0.4759209156036377
2.217979907989502
0.4531929492950439
0.2180938720703125
0.3495619297027588
0.2976808547973633
0.09791898727416992
0.3880319595336914
0.3423111438751221
0.2773118019104004
0.2719259262084961
0.247384786605835
1.227354049682617
0.4541499614715576
0.5200331211090088
0.3988900184631348
0.7758169174194336
0.8183748722076416
0.6734399795532227
0.3729097843170166
0.4613840579986572
0.2416470050811768
0.4429500102996826
0.5275299549102783
0.5903620719909668
3.39143705368042
0.2414660453796387
0.4603478908538818
0.2322309017181396
0.3408310413360596
0.3781321048736572
0.5912959575653076
0.3204870223999023
0.2667050361633301
0.5151689052581787
0.5209219455718994
0.4846611022949219
0.2495348453521729
0.2577788829803467
0.3684999942779541
0.4466769695281982
0.3430001735687256
0.2693541049957275
0.6441049575805664
0.5217039585113525
0.2207319736480713
0.260930061340332
0.1868410110473633
0.3597800731658936
0.3299350738525391
6.945353984832764
0.3811788558959961
0.2628500461578369
0.470750093460083
4.355637073516846
0.2807159423828125
0.5235469341278076
0.2736639976501465
0.3324160575866699
1.254922151565552
0.4279839992523193
0.4330649375915527
0.7329609394073486
0.4043400287628174
0.2941470146179199
0.4914939403533936
0.2348010540008545
0.4115560054779053
0.4030699729919434
0.3057658672332764
0.5074830055236816
0.09703493118286133
0.2848761081695557
0.3200581073760986
0.4853401184082031
0.2790977954864502
0.2995939254760742
0.3027210235595703
0.5371110439300537
0.8290021419525146
0.7021520137786865
0.3348360061645508
0.2779760360717773
0.278648853302002
0.1721389293670654
0.4412789344787598
0.6721649169921875
0.6118679046630859
0.5359749794006348
0.6785998344421387
0.5325779914855957
0.6544671058654785
0.1950938701629639
0.3093008995056152
0.2646248340606689
0.4213600158691406
0.2595939636230469
0.2531540393829346
0.2804079055786133
0.2889699935913086
0.3590049743652344
0.5533878803253174
0.2849419116973877
0.3226618766784668
0.4720778465270996
0.2559020519256592
3.898312091827393
0.4278161525726318
0.1697521209716797
0.3307580947875977
0.2338910102844238
0.3157858848571777
0.3151590824127197
0.2913248538970947
0.2898950576782227
0.5209770202636719
0.3481869697570801
0.2284650802612305
0.2763969898223877
0.1734437942504883
0.506572961807251
0.2724511623382568
0.5639269351959229
0.4987380504608154
0.3680300712585449
0.6525650024414062
0.4756889343261719
0.3348870277404785
0.2990701198577881
0.3908810615539551
0.6561570167541504
0.269629955291748
0.2878730297088623
0.4020800590515137
0.4754769802093506
0.365070104598999
0.08801102638244629
0.2287890911102295
0.3614299297332764
0.3824770450592041
0.4999608993530273
0.6428589820861816
0.3245198726654053
0.2308211326599121
0.2564389705657959
0.2327580451965332
0.8577368259429932
0.358712911605835
0.4098060131072998
0.3115079402923584
0.2485480308532715
0.5882399082183838
3.130727052688599
0.2718980312347412
0.2703020572662354
0.3206090927124023
0.3530349731445312
0.3707451820373535
0.3407180309295654
0.5430011749267578
0.3069379329681396
0.3261840343475342
0.344264030456543
0.1940839290618896
0.2714278697967529
0.5514609813690186
0.295788049697876
0.3129920959472656
0.4386579990386963
0.1934361457824707
0.5092949867248535
1.03873610496521
0.3623931407928467
0.7950911521911621
0.5055820941925049
0.5303378105163574
0.442335844039917
0.992225170135498
0.4830610752105713
0.673051118850708
1.578182935714722
0.5780749320983887
0.3788309097290039
0.3070859909057617
0.9052879810333252
0.2461991310119629
0.3360950946807861
0.2947571277618408
0.4257559776306152
0.4005041122436523
0.3114049434661865
0.2996740341186523
0.2818059921264648
0.5021770000457764
0.3840000629425049
0.3020639419555664
0.40281081199646
0.2688841819763184
0.453826904296875
0.2748229503631592
2.597623109817505
0.8283720016479492
0.2759671211242676
3.880007028579712
0.4246950149536133
0.6571719646453857
0.3847482204437256
7.457776069641113
0.7064259052276611
0.3929839134216309
0.2642579078674316
0.4824340343475342
0.6985480785369873
0.8506710529327393
0.3626580238342285
0.2953619956970215
0.564640998840332
0.2428457736968994
1.14842700958252
0.6046569347381592
0.712785005569458
0.44415283203125
0.4333319664001465
1.095201015472412
0.3751399517059326
0.3828737735748291
0.638171911239624
0.2406880855560303
0.7936909198760986
0.4317591190338135
0.2229089736938477
0.2916860580444336
0.8996551036834717
6.924151182174683
0.8008260726928711
0.1638190746307373
0.3916668891906738
0.3687911033630371
0.2791810035705566
0.2749309539794922
0.3475430011749268
0.3164451122283936
0.2554490566253662
0.3384940624237061
0.3716640472412109
0.2124741077423096
0.4537880420684814
0.3703148365020752
0.3041810989379883
0.2818558216094971
0.2968947887420654
0.7902200222015381
0.3276700973510742
0.1855168342590332
0.3298749923706055
0.1701791286468506
0.6329631805419922
0.4308149814605713
0.9217560291290283
0.256505012512207
1.004801988601685
0.227898120880127
0.3839380741119385
0.2352888584136963
0.3421850204467773
0.2185041904449463
0.2238078117370605
0.2555699348449707
0.3853468894958496
0.2378780841827393
0.6789810657501221
0.5471909046173096
1.038026094436646
2.900965929031372
0.558250904083252
0.5711960792541504
0.63173508644104
1.838235855102539
0.325098991394043
0.2067101001739502
0.2584240436553955
0.2401010990142822
0.3070259094238281
0.3578908443450928
0.2204499244689941
0.3333640098571777
0.9398288726806641
3.434902906417847
0.4779958724975586
0.2950069904327393
1.408511161804199
0.491502046585083
0.3423988819122314
0.4296669960021973
0.2464711666107178
0.3649320602416992
0.6360270977020264
0.309514045715332
0.3967010974884033
0.6414880752563477
4.414592981338501
0.5566811561584473
0.2808799743652344
0.5309598445892334
0.2935590744018555
0.3680939674377441
0.4950730800628662
0.3510868549346924
0.5527279376983643
0.3677911758422852
0.3836197853088379
0.635329008102417
0.3525898456573486
0.1872549057006836
0.2429869174957275
0.2958300113677979
0.2207839488983154
0.4718279838562012
0.3109080791473389
0.305595874786377
0.314877986907959
0.4932231903076172
0.5638489723205566
0.2279560565948486
0.3439109325408936
0.2237541675567627
1.906272172927856
0.3696310520172119
1.096254110336304
7.83969783782959
0.411870002746582
0.08986592292785645
0.3455770015716553
4.132678985595703
0.2597908973693848
0.5000600814819336
6.055008888244629
0.385577917098999
0.3791489601135254
0.7162621021270752
0.4720721244812012
0.231342077255249
0.2494540214538574
0.2441098690032959
0.4560658931732178
0.2318952083587646
0.2607789039611816
0.5347280502319336
5.876667022705078
0.6342318058013916
0.3185009956359863
0.2016830444335938
0.560711145401001
0.3259289264678955
0.3356161117553711
0.3735339641571045
0.3825149536132812
0.3509211540222168
0.5336802005767822
0.5456030368804932
0.2531630992889404
0.2789080142974854
0.518867015838623
0.2105400562286377
0.3585448265075684
0.469728946685791
0.3563849925994873
0.4117581844329834
0.2103128433227539
1.219791173934937
2.184026002883911
0.3353838920593262
0.3407859802246094
0.4852797985076904
0.3603959083557129
0.1678130626678467
0.21706223487854
0.4166631698608398
0.4128241539001465
0.4911210536956787
0.3655240535736084
0.2800009250640869
0.4258160591125488
0.2845311164855957
0.2731301784515381
0.2156720161437988
0.4162168502807617
0.3027489185333252
0.4842760562896729
0.3486008644104004
0.3049800395965576
0.3868238925933838
0.2217609882354736
0.253065824508667
0.3865809440612793
7.055907964706421
0.09204602241516113
0.4478299617767334
0.3468639850616455
0.4822859764099121
0.8290801048278809
1.297840118408203
0.5532629489898682
0.2603209018707275
0.5443639755249023
0.4704899787902832
0.177603006362915
0.677274227142334
0.8212621212005615
0.518589973449707
0.5471057891845703
0.5245130062103271
0.4787471294403076
0.2552850246429443
0.3129901885986328
0.3986830711364746
0.2734920978546143
0.4629979133605957
0.6258091926574707
0.5636730194091797
0.3796169757843018
0.3419821262359619
0.5449550151824951
0.2536530494689941
0.206840991973877
1.0001220703125
0.4567000865936279
0.2723238468170166
0.4307348728179932
0.2282299995422363
0.284804105758667
0.2697858810424805
0.4156358242034912
0.3938288688659668
0.2731549739837646
0.6933941841125488
0.1906321048736572
0.7323369979858398
0.2620148658752441
0.2601590156555176
0.466533899307251
0.3544750213623047
0.407289981842041
0.217339038848877
0.4711260795593262
0.9306020736694336
0.1907570362091064
0.4812040328979492
0.2249329090118408
0.651425838470459
0.4041140079498291
0.7240099906921387
0.5795998573303223
0.2225790023803711
0.2851171493530273
0.3316550254821777
0.3902368545532227
0.2464840412139893
0.243474006652832
0.4902770519256592
0.3376638889312744
0.08085799217224121
0.3219470977783203
0.2762820720672607
0.8583221435546875
0.3606069087982178
0.4720289707183838
0.6674909591674805
1.102458953857422
3.666316986083984
0.2451679706573486
0.4496958255767822
0.4206638336181641
1.036799907684326
0.685081958770752
0.2599828243255615
0.2359590530395508
0.5612239837646484
0.3693201541900635
0.3327620029449463
0.3230099678039551
0.2411520481109619
0.2194411754608154
0.2918970584869385
0.2280750274658203
0.6120450496673584
0.3632831573486328
0.5402328968048096
0.2867999076843262
0.201085090637207
0.2436227798461914
3.110638856887817
0.2098829746246338
0.3037848472595215
0.4404759407043457
0.7181830406188965
0.2979588508605957
0.4670660495758057
0.4085781574249268
0.245635986328125
0.2822220325469971
0.3505730628967285
0.5412869453430176
0.4246361255645752
0.4067199230194092
0.3689570426940918
1.764811992645264
0.6067140102386475
0.2542188167572021
0.6089210510253906
0.591008186340332
0.314622163772583
0.4635419845581055
0.3728988170623779
0.5739691257476807
0.4544808864593506
0.2412490844726562
0.5906929969787598
0.5267648696899414
1.115051984786987
0.2794029712677002
0.5930759906768799
0.3037459850311279
0.3028290271759033
0.5210981369018555
0.8772311210632324
0.0921628475189209
0.3457520008087158
0.3636579513549805
0.551522970199585
0.3267428874969482
0.4143130779266357
0.2104198932647705
2.323268175125122
0.260012149810791
0.363116979598999
0.5378158092498779
0.1600468158721924
0.3365931510925293
0.6805682182312012
0.3721370697021484
0.6835520267486572
0.2197821140289307
0.2408580780029297
0.3522419929504395
0.2711009979248047
0.5593512058258057
2.244798898696899
0.5941541194915771
0.2508149147033691
0.1709969043731689
0.3231351375579834
0.4883968830108643
0.2433171272277832
0.3624889850616455
0.377547025680542
0.4175140857696533
0.5415568351745605
0.3372340202331543
0.2270050048828125
0.2659220695495605
0.405768871307373
0.3746399879455566
1.786738157272339
0.5794100761413574
0.6520559787750244
2.776279926300049
0.2371859550476074
0.27065110206604
1.459465980529785
0.3370180130004883
0.3454010486602783
0.2890689373016357
0.410315990447998
0.231367826461792
0.3939740657806396
0.7724349498748779
0.3070180416107178
0.7515828609466553
0.4686291217803955
0.2517220973968506
0.3565709590911865
0.1705529689788818
0.2593138217926025
0.2463309764862061
2.651700973510742
0.439241886138916
0.3283498287200928
0.2644112110137939
0.3039820194244385
0.2566208839416504
0.08448696136474609
2.287920951843262
0.5318150520324707
0.4501829147338867
0.3578369617462158
0.3160250186920166
0.2454280853271484
1.158064842224121
0.8656659126281738
0.2358551025390625
0.3026230335235596
0.2818279266357422
0.4647130966186523
2.215023994445801
0.6154870986938477
0.2865629196166992
0.3964869976043701
0.1954498291015625
1.355761051177979
0.4433209896087646
0.406296968460083
0.3308138847351074
0.2428309917449951
0.6426088809967041
0.2275881767272949
0.4256348609924316
0.5522608757019043
0.5735759735107422
0.5361270904541016
1.098006963729858
0.2452499866485596
0.4050009250640869
0.2319061756134033
0.4498889446258545
0.2510149478912354
0.3853111267089844
0.5285170078277588
0.215662956237793
0.4844419956207275
0.4225912094116211
0.3692259788513184
0.178001880645752
0.3094768524169922
0.5824940204620361
0.2155029773712158
0.2504348754882812
0.3444588184356689
0.771172046661377
0.9906938076019287
1.73527717590332
0.4277729988098145
3.480007886886597
0.2130420207977295
0.217534065246582
0.2540850639343262
0.2373998165130615
5.673434972763062
0.3362569808959961
0.6756200790405273
0.2917108535766602
0.3968920707702637
1.486142158508301
0.6681368350982666
0.2864069938659668
0.3459298610687256
0.83555006980896
0.4482178688049316
1.487762928009033
0.4722061157226562
0.4137060642242432
0.3328039646148682
0.321026086807251
0.4858760833740234
0.2300949096679688
0.2520859241485596
0.7776589393615723
0.8080739974975586
0.2391860485076904
0.4203760623931885
0.5038070678710938
0.2962610721588135
0.5809330940246582
1.06653094291687
2.858902931213379
0.3631961345672607
0.2422559261322021
0.1784160137176514
0.2035441398620605
0.3053438663482666
1.390872001647949
0.4664270877838135
0.3376140594482422
0.7444288730621338
0.3006529808044434
0.2088119983673096
0.2851569652557373
0.3508548736572266
0.5141201019287109
0.5642449855804443
0.2511081695556641
0.5503280162811279
0.4253649711608887
0.2630398273468018
0.4065580368041992
1.161522150039673
0.251276969909668
1.922605991363525
0.4584670066833496
0.1849820613861084
0.3764879703521729
0.372589111328125
0.3357939720153809
0.4096400737762451
0.3021810054779053
0.3700020313262939
0.2632219791412354
0.775562047958374
0.4353280067443848
0.7731139659881592
0.1646468639373779
0.33750319480896
0.4169769287109375
0.6938087940216064
0.4051530361175537
0.44753098487854
0.6431231498718262
0.3692188262939453
0.3492889404296875
0.3678979873657227
0.4569900035858154
0.0892181396484375
0.5076138973236084
0.2989790439605713
0.5284810066223145
0.2241060733795166
0.2286889553070068
0.3623008728027344
0.4665179252624512
0.3201510906219482
0.338716983795166
0.2544710636138916
0.2493100166320801
0.5155529975891113
0.393671989440918
0.5888450145721436
0.7515180110931396
0.3372821807861328
0.2359127998352051
0.4362421035766602
0.2838771343231201
2.637097120285034
0.2732400894165039
0.4890739917755127
0.5105700492858887
0.4803628921508789
0.2649459838867188
1.000018835067749
0.265949010848999
0.2259769439697266
0.8881759643554688
1.743661165237427
0.2344980239868164
0.3624000549316406
0.4031178951263428
0.274547815322876
0.21561598777771
0.4235310554504395
0.2333321571350098
0.2486941814422607
0.8818140029907227
0.3835029602050781
0.6289761066436768
0.2333710193634033
0.3789410591125488
0.3183209896087646
0.5680289268493652
0.3867790699005127
0.373945951461792
0.2863750457763672
0.6198830604553223
0.2131109237670898
0.2962219715118408
1.423734188079834
0.7874720096588135
0.5570299625396729
0.2740118503570557
0.864454984664917
0.324537992477417
0.3107080459594727
0.2888500690460205
0.5922079086303711
1.142230987548828
0.3822429180145264
0.4578640460968018
0.3421540260314941
0.08892703056335449
0.3639571666717529
0.2199180126190186
5.078141927719116
1.30852198600769
2.549628019332886
0.1848349571228027
0.3077471256256104
0.2099761962890625
0.3363761901855469
0.2720780372619629
0.3272180557250977
0.6251718997955322
0.6409029960632324
0.3440771102905273
0.2493870258331299
0.2700569629669189
0.5201079845428467
0.771712064743042
0.7428939342498779
0.2598879337310791
4.169441938400269
0.6543881893157959
0.3808999061584473
0.5398788452148438
2.056960105895996
0.2785601615905762
0.3719639778137207
0.3466930389404297
0.1728250980377197
2.105593919754028
0.275479793548584
4.173226833343506
0.3408980369567871
0.4393019676208496
1.29488205909729
0.2178289890289307
0.5386447906494141
0.3883991241455078
0.4638698101043701
0.4093019962310791
0.5021400451660156
0.4934918880462646
0.3635299205780029
0.4247469902038574
0.3528351783752441
0.3604958057403564
0.1920850276947021
0.5776498317718506
0.3478331565856934
0.3369379043579102
0.4785618782043457
0.3756120204925537
0.3985099792480469
0.2248249053955078
0.4319000244140625
0.4545490741729736
0.2365069389343262
0.3500180244445801
0.301598072052002
0.3067009449005127
0.9617669582366943
0.4220750331878662
0.530426025390625
0.2971830368041992
0.08844304084777832
0.3174469470977783
0.5933160781860352
0.6523327827453613
0.4605920314788818
0.2429451942443848
0.2216010093688965
0.3154990673065186
0.2434048652648926
0.404120922088623
0.3265810012817383
0.579632043838501
0.979968786239624
0.3500540256500244
4.141840934753418
0.3086678981781006
0.2267739772796631
0.6737849712371826
0.5313529968261719
0.514491081237793
0.4155960083007812
0.2572879791259766
0.2583298683166504
0.3350439071655273
0.2289810180664062
1.40543794631958
0.2125649452209473
0.9354701042175293
0.404904842376709
0.6054589748382568
1.053357124328613
0.634692907333374
0.3030171394348145
4.584264039993286
0.9025301933288574
2.254786968231201
0.7617690563201904
0.2202291488647461
0.4007878303527832
0.5414750576019287
0.3076870441436768
0.2491168975830078
0.4497458934783936
0.3490109443664551
0.3571162223815918
0.4589588642120361
0.3872499465942383
0.6536829471588135
0.2688908576965332
0.6024060249328613
0.4229531288146973
0.3311550617218018
0.2673540115356445
0.445418119430542
0.7570278644561768
0.2477450370788574
0.2195298671722412
0.2877659797668457
0.3066389560699463
0.9975540637969971
0.2472879886627197
0.3108818531036377
0.3429539203643799
0.2778010368347168
3.131779193878174
0.527918815612793
0.4010329246520996
2.696950912475586
5.55461597442627
0.26224684715271
0.3223001956939697
2.690315961837769
0.4318850040435791
0.480532169342041
0.3127150535583496
0.5133750438690186
0.3572020530700684
0.5129101276397705
0.3925449848175049
0.2644250392913818
0.3947110176086426
0.3522870540618896
0.9001498222351074
0.5795438289642334
5.290467977523804
0.8782939910888672
0.3644130229949951
0.6019890308380127
0.2032179832458496
0.5706000328063965
0.301292896270752
0.4444241523742676
0.2475318908691406
0.3918259143829346
0.4828741550445557
0.7092599868774414
0.3763449192047119
0.5095341205596924
0.3487739562988281
0.3890001773834229
0.2922530174255371
0.2433829307556152
0.3002290725708008
1.955118894577026
0.8527770042419434
0.3483779430389404
0.4241540431976318
0.459907054901123
0.6088011264801025
0.2377998828887939
0.4785499572753906
0.2219178676605225
0.3256399631500244
0.3037230968475342
0.3862349987030029
0.2494480609893799
0.4331979751586914
0.2725150585174561
0.2717080116271973
0.2221260070800781
0.4223418235778809
0.2068860530853271
0.3107099533081055
0.3670430183410645
0.3573770523071289
0.1850919723510742
0.9366779327392578
0.5750489234924316
0.3523061275482178
0.56992506980896
0.07840585708618164
0.2113490104675293
1.960078954696655
0.9334280490875244
5.299726963043213
0.5221860408782959
0.3263330459594727
2.730895042419434
0.2131319046020508
0.2867090702056885
0.3216791152954102
0.3234219551086426
2.453210115432739
0.4251978397369385
0.7667078971862793
0.2752459049224854
0.2981941699981689
0.3516099452972412
0.3536529541015625
0.7100169658660889
0.476283073425293
1.032716035842896
0.2545561790466309
1.000265121459961
0.2589690685272217
0.2470448017120361
0.5569868087768555
1.133514881134033
0.2848730087280273
0.5224599838256836
0.244675874710083
0.3748528957366943
0.540499210357666
0.8165280818939209
0.287794828414917
3.822249889373779
0.4704480171203613
0.3166821002960205
0.5859270095825195
0.5537509918212891
0.4549639225006104
0.359421968460083
0.3180310726165771
0.5104169845581055
0.4670579433441162
0.3949229717254639
0.2925989627838135
0.6387619972229004
0.2186529636383057
0.2146790027618408
0.2820250988006592
0.3086647987365723
1.370735883712769
0.2330429553985596
0.3892829418182373
0.273212194442749
0.332481861114502
0.3030200004577637
0.3645250797271729
0.3043529987335205
0.2086188793182373
0.5608251094818115
0.7295670509338379
0.4740829467773438
0.2065150737762451
0.08419680595397949
0.3216550350189209
0.3734278678894043
0.3462131023406982
0.3315980434417725
0.5165379047393799
0.4714529514312744
0.6176230907440186
0.494271993637085
0.5791881084442139
0.2728660106658936
0.3840029239654541
0.2338740825653076
0.3267800807952881
4.334184169769287
0.2895519733428955
0.3828229904174805
0.4938499927520752
0.4769289493560791
0.1991708278656006
1.057271003723145
0.2324728965759277
0.51580810546875
0.2907118797302246
0.3498260974884033
0.2565281391143799
0.4854748249053955
0.2507209777832031
0.4310641288757324
0.2276818752288818
0.4461319446563721
0.7252559661865234
0.5538160800933838
4.102148056030273
0.4240791797637939
0.667992115020752
0.435014009475708
0.2555642127990723
0.3092808723449707
0.7327470779418945
0.2463071346282959
0.1953959465026855
0.2291440963745117
0.5415730476379395
0.187406063079834
0.3451850414276123
0.2321658134460449
0.3819859027862549
0.2287240028381348
0.3613030910491943
0.2198519706726074
0.3001890182495117
0.2934939861297607
1.372612953186035
0.543018102645874
0.5036280155181885
0.6948440074920654
0.3716838359832764
0.2968668937683105
3.361765146255493
1.428261041641235
0.2862029075622559
0.5403890609741211
0.331151008605957
1.680572032928467
0.1410160064697266
0.6432919502258301
0.2211000919342041
0.2643680572509766
0.4942779541015625
0.3070809841156006
0.2774109840393066
0.2200100421905518
0.3267631530761719
0.4514119625091553
0.6229679584503174
0.5399379730224609
0.2540500164031982
0.3782680034637451
0.4045629501342773
0.4775090217590332
0.2052369117736816
0.2360069751739502
0.3408870697021484
0.17311692237854
0.3215389251708984
0.2306249141693115
0.491858959197998
0.5814850330352783
0.3943989276885986
0.396665096282959
0.246251106262207
0.6600019931793213
0.422523021697998
0.4419560432434082
0.3638210296630859
0.6161599159240723
0.2015819549560547
0.454556941986084
0.3864068984985352
0.332366943359375
0.3664741516113281
0.2954740524291992
0.2967391014099121
0.2479298114776611
0.2860939502716064
0.5184800624847412
0.509382963180542
0.356201171875
4.585531949996948
0.3782050609588623
0.3947420120239258
0.39634108543396
0.3183250427246094
0.502208948135376
0.2189528942108154
0.333186149597168
0.2460250854492188
0.8549129962921143
0.2266099452972412
0.2496860027313232
0.3467690944671631
0.3704860210418701
0.1678130626678467
0.3432991504669189
0.3997900485992432
0.484393835067749
0.2405710220336914
0.3686490058898926
0.3562979698181152
0.0930030345916748
0.2493879795074463
0.5914011001586914
0.3261849880218506
0.3870830535888672
0.2402689456939697
0.37381911277771
0.2225689888000488
0.4782478809356689
0.4977841377258301
0.5124340057373047
0.291841983795166
0.3035221099853516
0.4659860134124756
0.470656156539917
0.4537620544433594
0.3539779186248779
0.5456018447875977
0.2087008953094482
1.023630142211914
0.332643985748291
0.3369250297546387
0.3578438758850098
0.3915309906005859
0.3235318660736084
0.2913901805877686
2.436701059341431
0.4124648571014404
1.544281005859375
1.512116193771362
0.5431618690490723
0.2844991683959961
0.2691249847412109
0.429495096206665
0.5181469917297363
0.5203580856323242
0.4837360382080078
6.07016921043396
0.7293059825897217
0.2739801406860352
0.3304750919342041
0.3060610294342041
0.2939460277557373
0.5366549491882324
0.5600991249084473
0.4358899593353271
0.4999408721923828
0.450969934463501
0.2446019649505615
0.3145458698272705
0.4325020313262939
0.3464841842651367
0.5197460651397705
3.415106058120728
0.3062939643859863
0.4171628952026367
0.6835370063781738
6.233232975006104
0.8340990543365479
0.5174570083618164
1.946669101715088
0.6214139461517334
0.598844051361084
0.2501449584960938
0.3916609287261963
0.09094500541687012
0.6786539554595947
0.6334519386291504
0.6045119762420654
0.5791351795196533
0.7180359363555908
0.3497838973999023
0.4520318508148193
0.5789949893951416
0.5724220275878906
0.250493049621582
0.2368490695953369
0.4753701686859131
0.4531488418579102
0.4699571132659912
1.221248149871826
0.3329310417175293
0.7609670162200928
0.2730329036712646
0.2339727878570557
5.531201839447021
0.3319530487060547
0.3383700847625732
2.802706003189087
0.1897211074829102
0.6839570999145508
0.5977249145507812
0.1958189010620117
0.5662620067596436
0.4732129573822021
0.3746490478515625
0.308168888092041
0.7943489551544189
0.7944240570068359
0.2527220249176025
0.2505600452423096
0.2262580394744873
0.4880120754241943
0.675900936126709
0.3164851665496826
0.4356579780578613
0.427872896194458
0.3594419956207275
1.845314979553223
0.2433738708496094
0.3764290809631348
0.5823009014129639
0.2582309246063232
0.526616096496582
0.6844758987426758
0.6914379596710205
2.514240980148315
0.5809040069580078
0.5043890476226807
0.3776028156280518
0.5763599872589111
0.6666340827941895
0.2995510101318359
0.3415670394897461
0.368182897567749
0.1828711032867432
0.2947258949279785
1.481515884399414
0.4502990245819092
2.148874998092651
0.1030440330505371
0.3098461627960205
0.4058628082275391
0.351862907409668
0.2884678840637207
0.4624528884887695
0.624053955078125
0.5878920555114746
0.6813747882843018
0.2864058017730713
0.6827950477600098
0.2537450790405273
6.931641101837158
0.2532229423522949
0.3378019332885742
0.2954058647155762
0.4225080013275146
0.607478141784668
0.3652329444885254
3.207097053527832
0.2221369743347168
0.6354348659515381
0.5216901302337646
0.3808460235595703
0.2824149131774902
1.626626014709473
0.785754919052124
0.5745339393615723
0.2899429798126221
0.4654929637908936
0.7966678142547607
1.274181127548218
0.2163419723510742
0.2367758750915527
0.2250740528106689
1.07988715171814
0.3299658298492432
2.995841979980469
0.4198520183563232
0.2883529663085938
0.3041708469390869
0.3914518356323242
0.2973618507385254
0.2716920375823975
2.110533952713013
0.2595310211181641
0.2068660259246826
0.2632620334625244
0.3760740756988525
0.5489110946655273
0.2858431339263916
0.259674072265625
0.321645975112915
0.3241260051727295
0.2750298976898193
0.2079758644104004
0.7047851085662842
0.2678148746490479
0.6907219886779785
0.471980094909668
0.2004501819610596
0.2937030792236328
0.2254989147186279
0.3883159160614014
0.790283203125
0.3938741683959961
0.439568042755127
0.2866411209106445
0.7204921245574951
0.4826540946960449
0.2961499691009521
0.3365778923034668
0.3034360408782959
0.2692520618438721
0.3081150054931641
0.2608649730682373
0.3249359130859375
1.184837102890015
0.2223429679870605
0.2593188285827637
0.3006560802459717
2.701802968978882
0.3079140186309814
0.2303659915924072
0.2374758720397949
0.2347688674926758
0.2747268676757812
0.2397599220275879
0.3253629207611084
0.2692339420318604
0.4309170246124268
0.2822561264038086
0.6789150238037109
0.4814481735229492
0.2126641273498535
4.591196060180664
0.2791030406951904
0.2135179042816162
0.297652006149292
0.2859411239624023
0.5493369102478027
0.3510651588439941
0.2782621383666992
0.4244070053100586
0.2617850303649902
0.2333278656005859
0.4086370468139648
0.2037310600280762
0.2963440418243408
0.2768559455871582
0.4843189716339111
0.7500820159912109
0.4000539779663086
0.384005069732666
0.2678639888763428
0.1998748779296875
1.367818117141724
0.1866998672485352
0.4918091297149658
0.4609248638153076
1.206532955169678
0.5213100910186768
0.2797420024871826
0.3114387989044189
0.5453920364379883
0.2473008632659912
0.6005110740661621
0.533984899520874
0.6156611442565918
0.5861518383026123
0.08807492256164551
0.9345719814300537
1.258208990097046
0.2513720989227295
0.3918700218200684
0.3831620216369629
0.2263400554656982
0.2435410022735596
0.294327974319458
0.2639188766479492
0.2367630004882812
0.3511819839477539
0.2600510120391846
1.864573955535889
0.2828969955444336
0.5477039813995361
0.5753381252288818
2.47374415397644
0.4076550006866455
0.2870569229125977
0.5294280052185059
1.001489162445068
0.4875659942626953
2.83004903793335
0.224113941192627
0.3898777961730957
0.2891809940338135
0.5290489196777344
0.331273078918457
0.3894999027252197
0.3065540790557861
0.5446820259094238
2.740730047225952
0.2153639793395996
0.352759838104248
0.2479989528656006
1.343219995498657
0.5612449645996094
0.2408709526062012
0.716681957244873
0.4776291847229004
0.2903199195861816
0.2976799011230469
0.6407201290130615
0.4832370281219482
1.519041061401367
0.3160889148712158
0.7094700336456299
0.5725061893463135
0.612368106842041
0.2793338298797607
0.5603299140930176
0.5599880218505859
0.7053849697113037
0.3958110809326172
0.5430130958557129
0.4265940189361572
0.2424399852752686
0.2234530448913574
3.437911033630371
0.2562499046325684
0.39217209815979
0.4939098358154297
0.2270200252532959
0.5416409969329834
0.2370378971099854
0.2443280220031738
0.267503023147583
0.669856071472168
1.458345174789429
0.3823878765106201
0.3927140235900879
0.2699520587921143
0.6911377906799316
0.6602230072021484
0.2568240165710449
0.3700540065765381
4.359282970428467
0.2134838104248047
0.3423030376434326
0.250521183013916
0.3356180191040039
0.2524709701538086
0.29398512840271
0.3148300647735596
0.2610070705413818
0.3095729351043701
0.9553539752960205
0.2614841461181641
0.2229499816894531
0.2356820106506348
0.3035941123962402
4.200139045715332
0.3484289646148682
0.3402259349822998
0.7547769546508789
0.2123250961303711
0.3970799446105957
0.2387759685516357
0.2567698955535889
0.3308570384979248
0.3990809917449951
0.3514180183410645
0.947613000869751
0.2628188133239746
0.3505771160125732
0.4578089714050293
0.4661509990692139
0.5445778369903564
0.6076858043670654
0.5401010513305664
0.2322449684143066
0.7628121376037598
0.3225059509277344
0.4046821594238281
0.2174320220947266
0.2190361022949219
5.484476089477539
2.493590831756592
2.128345012664795
0.3822920322418213
0.2939040660858154
0.381688117980957
0.3238470554351807
0.2705569267272949
0.2638051509857178
1.978847026824951
0.4760279655456543
0.4235389232635498
1.317107915878296
0.09024405479431152
0.2410190105438232
0.5491769313812256
0.5345489978790283
0.253572940826416
0.4329369068145752
0.6272830963134766
0.3079659938812256
0.512286901473999
1.035810947418213
0.3154211044311523
3.517491102218628
0.1697571277618408
0.6257050037384033
0.5557370185852051
0.3853940963745117
0.4466679096221924
0.2731730937957764
0.2430031299591064
0.7637650966644287
0.3527579307556152
0.3906769752502441
0.2520468235015869
0.2855758666992188
0.2850711345672607
1.005472183227539
0.3149161338806152
0.2406189441680908
0.8480558395385742
0.3340680599212646
0.216886043548584
0.9544482231140137
2.722615957260132
0.2763829231262207
0.3595221042633057
0.9968469142913818
0.3992021083831787
0.257753849029541
0.761232852935791
0.2413201332092285
0.6249470710754395
0.491926908493042
2.123378992080688
0.4842979907989502
0.2341241836547852
0.1969189643859863
0.488743782043457
0.6184389591217041
0.231144905090332
0.2383530139923096
2.649789094924927
0.4004380702972412
0.5268340110778809
0.4132170677185059
1.230380058288574
0.5067050457000732
0.2274188995361328
0.2433779239654541
0.5535449981689453
0.2787699699401855
1.328534126281738
0.2405149936676025
0.2987210750579834
0.272381067276001
0.2421700954437256
0.159188985824585
0.6451289653778076
1.180419921875
0.7753000259399414
0.4559428691864014
0.3769791126251221
0.5674941539764404
0.2336330413818359
0.6656999588012695
0.4080169200897217
0.262113094329834
3.186206817626953
0.4425489902496338
0.3228569030761719
0.2900521755218506
0.657534122467041
0.2790939807891846
0.3418111801147461
0.2311949729919434
0.4354221820831299
4.692363023757935
0.3200919628143311
0.2042989730834961
0.2777478694915771
0.5237500667572021
0.3753499984741211
0.3533940315246582
0.2357709407806396
0.3182950019836426
0.4055020809173584
0.3888590335845947
0.3414828777313232
0.7738289833068848
0.3485748767852783
0.9278340339660645
0.2193758487701416
0.7145287990570068
0.2323110103607178
0.2630741596221924
5.268985986709595
0.2339661121368408
0.2227098941802979
0.2428231239318848
0.1666200160980225
0.2705409526824951
0.6812529563903809
0.9874279499053955
3.357776880264282
0.3413791656494141
0.4991910457611084
0.5027670860290527
0.5770840644836426
0.6771450042724609
0.3984260559082031
2.40637993812561
0.2487418651580811
0.9234488010406494
0.5815300941467285
2.347722053527832
0.4540050029754639
0.3193130493164062
0.2824461460113525
0.9328479766845703
0.2828750610351562
0.3384389877319336
0.07887697219848633
0.5321559906005859
0.2371530532836914
1.318310022354126
0.2391631603240967
0.3645439147949219
0.3525631427764893
0.3450078964233398
0.1715219020843506
0.402169942855835
0.6284828186035156
0.330308198928833
2.612486839294434
0.272968053817749
0.4073209762573242
0.4407589435577393
0.2168059349060059
0.7195589542388916
0.6645710468292236
0.6029250621795654
0.267348051071167
0.4974920749664307
0.2454829216003418
0.3666350841522217
0.6176550388336182
0.4021310806274414
0.3113079071044922
0.2365889549255371
0.3522140979766846
0.3829529285430908
0.2756359577178955
1.438355922698975
0.7592010498046875
0.3576838970184326
0.3616220951080322
0.4892549514770508
0.4404678344726562
0.3286099433898926
0.2585859298706055
1.220414161682129
0.3096249103546143
0.4608469009399414
0.3117680549621582
0.2356998920440674
0.4549350738525391
0.8073821067810059
0.4050459861755371
0.3248279094696045
0.6785318851470947
3.764050960540771
1.597010135650635
6.034234046936035
0.3314719200134277
0.3838460445404053
0.4713850021362305
0.6245908737182617
0.5631229877471924
0.5280280113220215
0.3089070320129395
0.3119862079620361
0.2928080558776855
0.799055814743042
0.4759130477905273
0.3372409343719482
0.2779960632324219
