2.118109627999999
2.385120745
2.229732187999995
2.470847489999997
5.220278978999993
4.981207163999997
3.394375106999966
3.162857998000021
3.379708658999988
2.202527817000004
4.513989125000009
2.713265997000008
1.519350512999978
3.22141810200003
2.314256260999969
3.776400741999964
3.05067133700004
2.298631523999916
2.463156835999996
2.821210676999954
2.807420297999982
2.822974842000008
9.582404631000088
1.555411473000021
3.259071180999968
3.253412626999932
1.989725544999999
1.875664012000016
3.778857926000001
3.952678522999975
4.525400729999944
5.528512656999965
5.411633284000004
5.211837617999947
4.274981785999955
4.035028457999999
6.23945953599997
3.792228435000141
3.985249052000086
4.316829652000138
2.492627041999924
4.092382525999994
4.693775286999994
4.410059651999859
3.741682381000203
5.057105381000042
4.999406750000162
4.60168997500034
4.36049721600034
4.485738288999983
2.699481684000148
5.138660432999927
6.136327314999903
7.893919989999858
3.591136120999977
4.714290989999995
5.090319314000112
5.174122176000083
4.204162761999896
3.837998778000042
5.55203741999992
4.363583710999933
4.482930363000037
4.806593204000251
3.022868028999937
4.41676932300004
1.589814609999735
3.104917108999871
5.305816173000153
4.768191666999996
3.913859047999949
4.529900562999842
4.999270726000191
3.53494014499995
4.490217131999884
3.758611334000193
4.410903997999981
3.001881351999941
3.927534118999915
7.02827263000006
4.196246357999826
8.325979647000281
2.92601946100001
3.698259519000317
7.230016066999724
4.486204768000107
3.110752776999789
4.939412780999874
3.333831890000056
4.047492828000486
4.048428811999884
3.828028606000089
3.725195618000271
3.434925565000412
3.561841098000059
4.996669645000111
3.508788886000048
4.139782576999778
3.758816670000442
1.374672491000001
6.283109422999999
3.531133790000003
5.352385502000011
9.379950979000014
6.901522396000004
7.619344825999988
6.633783066999996
4.964945584999995
7.451634227
8.127895512999999
6.663945549000005
8.570220367000019
9.111329499999982
6.544313077999959
8.949136659000004
6.632076124000065
8.53210610299999
6.753294899000025
5.370907425999974
6.907198726000047
7.043466606000038
7.113797491000071
4.117910842000072
8.927159768999843
7.124130456999978
3.706454843000017
7.245234842000002
7.640747880999982
5.471839584999884
6.010122011000078
7.991998161999959
8.308359088000032
7.69042812999993
8.397742166000114
8.255599427000107
5.728558130999886
6.982654437999798
6.074577826999985
4.516476295000075
5.640476666999689
5.235980320000067
5.996570423000094
5.97312154899987
6.676683283999978
8.60367509300022
5.594768969999905
6.032642815999907
6.747985944999982
9.207590321999987
6.893594704000066
6.988996563000228
7.244112773999859
6.949899211000229
5.585343805000093
9.914327188999891
7.5680694240001
5.692697734000035
7.301087499999653
7.445821158000058
6.180026346000318
5.473251295999944
5.942907978000108
7.631220743000199
7.48543109000002
5.877611049000052
7.912521694999782
9.383402570000044
4.826445479999848
6.233288640999945
6.514408637999964
8.58620215000019
7.358615110000073
7.000466041999516
7.390272245999995
7.012595502000067
7.489748472999963
5.945845639000026
5.767090537000286
6.468136296000011
7.56935756599978
5.656155301000354
5.159883314000126
5.644154859000082
5.417946205000362
7.011049770999989
7.923874548000185
7.075661410000066
7.935355345999824
7.837469253000791
4.98503289300038
7.450393318999886
6.876761946000215
6.535890912000013
5.53281281199952
6.473099792000312
6.676566675999766
7.73694290200001
6.855244123000148
4.707110295000001
7.172130922
5.538607457000005
7.896177759000011
5.343572995999999
8.193087919999982
6.967978760999983
6.688374449000008
6.801020066999996
7.988971676000006
4.647256632000023
6.677758577000048
6.285881662999969
6.107593631000015
6.904999173000022
5.495192317000004
6.153735874999995
6.298118301999978
5.497733621000094
7.231133621000055
4.426095032000092
4.634301118999929
5.803545260999897
6.146871126000121
8.276113356000053
6.304995243000008
1.912147392000065
3.452638196999885
6.723733008999886
6.389870834999897
8.624636062999969
6.256927971000096
8.639117869000131
7.873624738000046
7.117149107000103
8.213810212999988
5.364936256000078
8.485786780000012
8.321567317000358
7.138638088000022
4.787115900999765
10.28585829899987
6.147264040000096
7.605391274000226
4.990190451000103
4.868144389999884
5.889361884000209
5.681630492000181
7.710752417999743
5.58792015500012
6.247514010000145
8.53965843900005
7.494656592999945
5.159354853000195
8.198504249999814
5.118668181999851
7.036348821000047
5.948877347999769
5.637473992000196
6.630175109999982
6.474028219999809
7.803878350999867
5.182764139000028
8.729943717000083
6.600095333999889
4.316589186999977
6.176188834999948
6.118013965000046
5.809755305999715
3.634601658999941
4.303166622999697
5.844783772000028
5.035908241000016
4.595052815999566
7.797796529999914
5.108453487999896
8.084920402999842
5.196306485000378
5.528108299999985
7.928174922000153
5.741138311999748
5.509482144000003
6.456091599000047
5.498469622999892
6.041779547999795
4.909734828999717
7.545775133000006
6.242877234999696
5.89905049299955
5.027292609000142
6.897986359000015
7.601240862999703
7.248347477999687
5.359582820999549
7.232328257000063
6.159391473999904
5.606800834999603
6.596107483000196
6.999132811999971
5.815289317
11.554262118
10.119710601
11.142103815
9.363074706999996
32.38895503799998
12.28621360299998
11.93320375300007
10.75066804799997
10.75431594900004
11.40964816100002
10.14814966199998
12.42113010900005
10.9059311449999
10.94809790700003
8.307709841000076
7.975726043000009
14.11228689700005
11.58225954699998
13.33564452799993
9.237450765999995
10.48184441000004
11.96779945500003
10.18620477699977
10.56076985099998
12.61765302499998
13.45080826899999
8.594553511000072
11.76582825900005
12.10010401
10.49527860299986
14.95056538599988
9.43460385000003
11.01724304100014
11.60910730200021
9.225334403999909
11.32817023499979
11.99009164800009
12.15266224400011
10.47026856599996
11.37650706500017
10.65011897599993
10.56343094599981
12.58530748699968
9.166949335000027
11.77042943200013
13.307646009
10.69375732200001
13.63720568899998
10.24682039699996
14.5166950580001
12.29702916799977
11.13705713399986
10.07170178600018
10.62227301999997
10.60385228400037
10.00312523300022
14.7269061429995
9.888058206999858
9.406649440000592
11.64396432800027
9.641399720999516
9.898026877999655
9.076830390000396
8.748125588000221
8.400643993000131
8.52760194499956
8.94749738600035
10.59969841299949
10.10243780900009
9.410255855999822
12.22756926200009
11.06553569400012
8.509268030000158
11.66709049100018
12.56616267300024
12.08031096799959
8.962965130000157
8.818154165999658
12.17397123199953
7.785488424999812
9.163925344000518
8.608946636999917
9.069189806000168
11.15047735500025
9.749367140999766
9.844744871999865
14.41923030599992
8.130957703999456
10.15222673099993
10.83710149700119
10.14136763900046
11.73509352099995
11.06079454399958
9.096941131999984
14.97521887300059
7.805568008999671
8.462436566999486
7.692450138999902
12.743889244
16.368063288
12.33362608100001
16.40333820499997
12.46021781799999
12.69252995400004
14.28295114699998
12.15330264600001
14.84676596000003
18.93681137900002
13.36150560599992
14.52350146700002
14.52720112399999
13.32530855899995
13.35323198900005
13.54904854099999
60.38579689899996
61.88263255099992
45.84706960800008
53.02765773700037
58.13732737399994
52.10362200900022
54.16983405199949
54.02342646300008
52.68758883999953
47.61281354400012
43.74568653300003
51.37737848200004
47.12262349500043
54.6755504500004
45.23989556399988
57.94895419200043
58.53840528899946
61.8180197039992
65.85445645300115
49.62974287100042
54.7246059619988
48.60713292499895
43.30749636099972
45.39129301399998
58.8006910210006
41.29500589300096
53.0074602149989
40.82068952100008
36.67726606500037
32.68345383599899
60.81778446199996
41.39969485100119
44.75426947300048
64.7142416559991
63.04778667899973
45.88701215799915
57.29494939899951
56.07487622400004
51.43937103099779
56.84521982800106
61.31032440500167
47.72420223400059
45.06772025600003
45.44220912100172
63.75399211099921
60.17345601699981
55.61336632599978
45.13564593099818
71.16115976900164
54.99158486500073
53.7994894429994
41.86468125999909
64.87840917199992
48.73500325000077
57.41648909100059
56.38008203700156
59.48173589699945
50.49467825400097
48.08737167600066
62.29889361800178
62.434144750001
43.84905014699962
43.26856934099942
40.57808086199839
47.20160439500069
46.8810914200003
58.87580252299995
53.2393506999997
54.85229197900026
57.20468960500057
56.88119234199985
53.81900615799987
52.85814051100078
52.13367034199973
46.78569892900032
62.60265916399931
55.17005688699828
64.3547657679992
59.68542147199514
48.59283972399862
43.36087063899504
57.41610923200278
43.04782350700407
20.9798664
19.41811050199998
54.98077642399998
80.60249445199999
52.94403341599997
60.94155312499993
45.11429983099981
68.76285919800023
81.79467531099999
80.24630779500023
69.38532583799974
42.61927456500007
67.8353344850002
53.89742946299975
79.18430706200024
90.61079453799994
58.90792310700022
61.71821479299979
64.84081975499953
44.13171757899954
68.14480398799969
68.48904076399958
70.53225675699969
58.39717448200099
60.13331295499893
54.20268641199982
66.42847319799966
71.07105858900013
71.78744910600062
59.15714037600037
69.38150948100019
55.43473538399985
54.62567175100094
71.14618414400024
66.09310047100007
64.04368341999998
72.80133612899954
49.92293777200121
50.90032664099817
60.06447081300121
72.66127019500163
66.04503742300039
52.57060087000082
77.8623237820002
66.36507534100292
69.61782911000046
68.7683969539994
62.70127994799896
47.48518935999982
44.90745959000105
61.44280635699852
63.6985608920013
76.83287267499963
88.64908687899697
68.53134847399997
85.28236817699963
73.41485082000054
65.49104132399771
76.30901895400075
57.00873110500106
59.78476587000023
51.77769001300021
55.59755162000056
77.7134422980007
71.1180986810009
82.69191707100072
69.28514504299983
75.2437793070012
73.91808702400067
73.90336219399978
61.7828249940012
64.07010925800114
72.59344868400149
76.47865205699964
59.20844744399983
69.01533040699906
71.54952326600142
73.03576438900018
56.98356079500263
79.24057049699877
59.21957630499855
66.0485349669998
71.2516571879969
73.94523408400164
66.9828283229981
78.86815322899747
70.97842139500062
71.88385042799928
73.92145074700056
68.00734497000303
68.66359212499992
81.18945840599918
73.25305013000252
73.11587522300215
81.06767270599994
