2.890222553
2.966827756999999
3.166553612000001
2.857749852000001
4.301987318999998
5.952358402000002
8.463902087000001
3.411010806999997
13.562957017
12.95573940999999
6.670165411000013
6.960673443000005
8.014032743000001
3.264897192000006
6.409128885000001
5.257266602000016
9.780674515000015
3.172648235999986
3.82409264399999
3.640397519999993
3.309012711000008
4.193538001999997
6.245607777999993
4.437410127000021
5.260832300000004
6.112371316000008
5.07436881000001
4.817692145000024
3.893509718000018
3.10573593099997
3.017506149000042
5.583492405000015
98.105704371
3.229960896000023
4.270736013999965
7.212191527000016
8.412851498000009
8.967283272999964
7.322433361000037
4.405030540999974
10.69828422800003
4.245399297999938
5.760619195000004
8.501575322999997
7.135831854999992
5.916935050000006
5.222266218999948
4.530656492000048
8.412439632999963
4.412135214999921
5.763896210999974
4.102809614999956
8.889398650999965
13.200528889
13.34637915999997
7.693200324000031
4.461618880999936
7.110882929000013
10.45375772299997
3.729097854999964
3.588631862000057
4.523820801999932
6.214245986000037
4.923546353999996
7.153051424000068
4.146971452999992
9.14983100500001
20.99238778200004
14.75631053300003
5.855216943000073
6.970479142000045
4.803470287999971
6.776616266000019
5.028333827000097
5.342831294000007
5.641173555000023
3.974935998999854
9.1382658240002
7.986208970000007
6.175307987999986
4.067312291999997
4.516292602000021
4.578201072000184
5.287589711999999
4.7862661019999
5.13882687499995
5.590893626000025
7.626421043000164
5.311888325999917
5.822911947999955
5.905776816000071
5.461010049999913
4.179470709000043
13.78827160700007
10.396569365
13.22076653199997
18.71497775800003
5.645973930000082
7.074379442999998
2.898336813
2.925910802000001
3.213225989000001
4.006119322000004
4.112477479999995
4.186206595000002
3.787759436000002
4.891443487000004
6.937804077999999
7.256454744000024
5.643971842000013
3.214845870000005
4.927573893000016
3.517032908000033
3.049610076000022
3.081493954999985
2.928452996999965
3.970574193999994
3.199726254999973
11.08884965100003
3.282459008999979
3.482351783000013
7.488071880999996
5.603559700000005
2.888928195000005
3.756904679000002
3.088777568000012
3.820307216000003
3.999750166000013
3.346623599000054
3.219208931999901
3.827311259999988
3.35209592199999
5.389670313000011
3.499375385999997
3.88610875300003
5.965504919000068
5.951780397999983
14.55510788200002
14.389624895
3.638661821000028
3.624276797999983
4.778108798000062
19.7086907370001
6.567633002999969
25.42858410399992
8.915265460000001
3.950952149000045
3.932474016000015
12.84322338300001
35.01669573400011
15.02559735399996
5.192718614000114
4.381853370000044
4.138017971999943
3.747332436000079
4.020218962000172
4.633749143999921
3.835251957000082
4.713254989000006
4.032855914000038
4.185216042000093
4.086118980000037
4.350742401999923
5.53771302500013
4.436713810000128
5.154672647000098
6.667963681999936
4.622544840999808
9.787722397000152
15.07239467199997
6.800495892000072
3.984976338000024
6.564478495999992
5.360889773000054
4.295592444000022
4.10131301499996
5.292408102000081
4.317599772999984
4.456493273999968
4.283671273999971
8.608705026000052
4.257229176999999
3.904818016000036
4.521411392000118
5.941532886000005
5.227733748999981
4.06930913400015
3.626965311000049
4.131152400000019
5.217796861999886
4.087702950999983
4.854640059999838
4.34386604700012
4.146546953000097
8.125892559000022
10.26038057999995
3.92866234100029
3.759519364000425
2.897889955
5.062097258000001
4.939364197000003
7.19025729900001
5.384142803000003
5.114972286999986
5.698388956999992
2.877378176999997
8.554337798999995
3.242535215999993
8.314163700999984
7.370274181000013
2.990333095999972
3.704653773000018
6.196532203000004
5.654109414999994
3.318073292999998
4.172771347000037
4.951464564999981
4.511726955999961
7.774086453999985
2.997442172999968
5.87906931200007
5.467392172999894
4.331468246999975
4.940754298000002
3.858091085000069
3.732616264000058
3.075686310000037
6.293425243000002
5.172089851999999
5.20767062699997
4.438779394999983
4.818741927000019
5.255146900999989
4.69714890399996
3.657183580000037
4.10911041199995
3.112333669000009
3.484524576000013
6.020243859000061
4.631935762000012
6.395893892999993
5.740854804000037
13.53149798799996
8.275486110999964
5.342454733000068
5.431753100999913
5.066475336000167
5.216998560000093
6.694338031000143
7.457876749999969
4.733529881000095
5.53123769900003
6.678706218999878
5.530667663000031
8.752032278000115
9.977329140999927
7.68365892199995
9.138508090999949
3.600453895999863
12.23492609799996
6.540330006999966
8.753117539999948
6.519043139000132
8.476719226000114
8.500488509999968
4.249207755000043
7.54609713800005
10.81255058700003
4.962355288000026
12.3445201269999
7.207957937000174
11.93078205500024
5.974878125000032
4.71392622500025
3.984595223000269
5.505513661999885
10.44089271400026
6.450768689000142
8.910327289999714
8.53049668299991
11.56096615300021
9.155861513000218
7.40042492800012
10.98670967900034
6.392281302999891
9.859825255000032
7.453957312000057
18.26704216100006
9.813341455999762
8.885696630999973
4.375279337999928
10.10335985999973
4.91439301499986
8.817596370000047
9.199161942000046
5.007643816999916
6.994828294999934
2.893283575
9.620567262000002
7.373900147000001
7.667803610999997
10.56840309200001
4.755877894000008
8.080066659000011
6.278082898999969
3.359080472000016
4.874124101000007
3.947712066999998
3.694867381999984
9.857660331999966
4.112210697000023
8.431344452000076
3.229948057999991
3.938510800999893
4.672627576000082
4.179355573999942
6.23732268699996
10.18416456499995
3.31750608699997
9.581023028000004
10.96828542999992
6.935062673999937
7.261447085999976
3.699720574000025
7.781296742999984
5.642880743999967
4.050107841999989
4.152490129999933
10.90655565299994
6.886635286000001
8.224205261999941
5.222263201000032
5.205871748999925
8.488513791000059
3.268771237999999
6.452817761000006
10.0954230079999
12.42279806900001
5.753156666999985
8.412554530000079
7.724043788000017
5.431140762999803
7.355315577000056
8.388992271000006
7.358235809999996
8.040599956000051
5.329029963000039
9.768073727000001
6.919294992000005
6.125404169999911
8.704010241000105
7.378232456000205
5.505507582000064
5.117706268999882
4.552983138999934
7.388489844000105
8.471630800999719
7.824052350000329
4.776135922000321
8.263178395000068
5.766272542000024
4.319653670000207
10.82461741999987
12.35318687800009
9.011650105000172
9.514788636000048
6.502607993999845
6.470720368999991
5.424054020999847
8.633595542999956
6.827706284000215
8.884727122000186
5.101438888999837
5.196608253999784
11.48032063399978
10.44520123300026
6.673881434000123
4.314883393999935
8.834917313999995
7.603791834000276
5.614172876000339
6.607980579000014
14.69225959800042
11.78169944400042
9.845515256999988
5.734087103999627
7.271833300999788
10.12282847200004
5.273166942999978
18.24840546599989
11.73362453499976
7.703326304999791
12.80417401599971
8.782557260999965
5.35646509199978
10.90868538400036
2.896598966
8.985946216999999
3.476351582999996
10.961147138
5.160904443999982
7.963841932000008
35.84304919100009
64.40583969999989
43.6868039799997
5.412937193999824
4.758303431000058
9.986542807999285
21.41393804200015
15.41909458500049
15.05196814899955
14.28055524000047
5.425213560999509
14.18051294499946
11.20224629700078
3.799014485999578
9.078182977000324
3.473372894999557
10.82871574799992
4.121423460999722
13.36125699100012
5.567187184999966
4.960461904999647
14.21514681899953
4.203588630000013
6.876659037000536
4.627062125000521
8.318773590000092
5.308697989999928
7.799142556999868
9.074524743999973
12.99402435499996
12.99338812899987
4.989209959000618
6.400946554000257
8.318806274000053
8.753121977999399
8.332041335000213
6.765729453000858
9.339026394999564
12.15080870599922
14.28283062199989
11.68380531899948
6.146803147000355
6.761321326000143
15.42729682499976
11.33766206600012
8.939140288999624
13.08046117999947
4.7157144720004
20.65820721199998
13.22243935999995
10.89262519099975
10.1027835799996
5.958446786000422
10.29037684800005
11.4622728129998
18.60739496099995
10.35294984099983
6.644928621999497
12.11828912100009
8.397710617000484
10.96751408099954
11.21822293100013
6.716855515999669
19.11304722800014
6.651640097999916
5.348640032000731
7.75399084899982
8.318842658999529
10.00658685500002
7.098320165000587
3.591628287000276
10.17123589999937
8.33439763899969
7.432621353000286
8.550972512000044
12.03107343800002
11.55165313100042
12.8707663260011
9.107479152000451
6.744885523999983
12.29606051200062
6.39096014200004
12.73464973299997
12.86784191600054
5.359994804999587
9.208353070000157
16.71162070300124
4.914925070999743
11.71500181499869
5.400612597999498
8.740892275998704
4.810395959000743
10.58445053099967
2.90069829
7.688881969999997
11.241300775
12.11940308200002
8.902070766999998
4.09734067399998
6.068795435000027
13.97915523300003
9.728625512999997
11.699186188
11.53056524100003
5.592562921999956
4.307686656999977
6.188820044000067
11.87446868999996
9.933525344000032
7.64800874499997
4.030902560999948
5.292732977000014
5.316151717999901
10.91309980899996
9.476790758999982
3.98125909800001
6.055904201999965
8.47322601399992
8.123077761999866
10.66778222499988
5.811217167999985
10.40662835099988
7.347823655000184
6.196507260999851
5.090027032999842
13.75338211799999
14.05085505599982
6.765130307999925
10.67547891599997
9.650450471999875
6.553869419999955
5.12595437899995
5.894421921999992
10.00831724199998
5.123828049999929
11.64885541199988
13.24529286799998
16.00537527999995
5.294558038999639
6.536456727999848
14.91122731599989
17.3807815199998
10.2925110430001
5.765162927999882
11.61630899300008
6.186013725999601
7.20238832799987
5.049276428000212
11.78310300200019
6.287114629999905
7.266200278000269
9.397061055999984
12.84027611300007
5.947661398000037
10.24784751800007
4.226322540000183
5.551171531999898
6.93723699200018
5.754008978999991
7.525399259999631
5.073995584999921
12.14201266300006
15.47738649299981
7.208862423000028
13.01279780200002
8.299130587000036
4.101457281999956
6.23447674099998
5.596458926000196
15.56980907599973
6.721417237999958
3.701403712999763
6.545977569000115
11.66609538099965
12.8365250830002
5.04065171000002
11.87875849000011
6.125353444000211
13.06533876199956
12.03275034200033
19.17962452400025
11.39352169699941
9.196151280000777
7.051093017999847
5.05392615799974
8.740060709000318
12.69183826400058
6.010635810000167
9.975597767000181
9.495344097999805
6.491090401999827
3.582480004999525
2.899252921
12.33223835
9.406686058000005
11.94138952500001
7.937843873999981
4.774656085999993
5.176197678999984
8.085211586000014
16.30472599400002
12.58602053100003
11.37249562300008
10.41429783800004
11.58996031799995
5.81412509800009
13.28072085600002
3.992124994000051
7.339997418999928
4.264649111999915
13.5190195749999
4.79702218400007
8.066225249000126
8.665253785999994
6.025141752000081
6.813904501000025
8.436301273999788
11.47163569099985
5.278254094999966
13.01403280399995
7.553293867000093
12.25724476100004
3.566423614999849
11.89092669899992
5.132443775000183
11.27181023499998
5.630167555000071
8.880181522999919
3.676210816999856
6.552794963999986
7.246116019000056
4.685244326999964
7.900732382000115
8.217203917999996
14.57385543100008
5.804973102000076
5.526985164000052
3.510827496999809
12.37105050299988
3.66873311099971
12.36860503000025
5.702666645000136
9.699734070999966
12.75099130900026
13.1494841650001
11.00038611699983
9.579807943000105
7.31154197900014
5.071310173000256
9.952963874000034
4.590456027000073
11.0622877589999
7.251164995999716
10.50774119900007
6.535972538999886
11.09428228900015
9.661917548000019
11.70924232900006
10.69163993200027
5.332225417000245
6.208093093000116
15.37351120600033
13.49782035399994
8.482951235000201
9.575982065000062
10.63376143899995
5.322993823000161
5.685442271999818
14.83688175599991
5.158441501999732
9.543840130999797
10.73369031899983
6.829296279999653
6.946606982999583
13.28893480399984
6.503643017000286
10.65644100000009
4.93881661999967
19.07361802500054
12.544566906
11.28299588400023
6.056895339000221
8.41170884300027
14.61963692799964
6.209856813999977
14.63488357900042
15.50700055200014
11.01649546599947
8.07885645999977
4.490734328000144
5.203648067999893
2.906142026
5.720167072000002
10.98629733200001
8.947649073999997
5.926566234000006
12.31436345100002
7.627724321000017
8.834553258000028
4.643479001000003
10.33490071400001
8.016759212000011
3.377159653000035
12.50415182799998
8.423492499999952
9.343676512000002
6.108896714000025
10.33313527100006
11.39190356200004
6.847939559999986
14.85310681600004
11.41069946400012
12.88762825200001
7.094998399000133
9.991458088999934
5.83356942599994
90.18122085300001
12.92101744199999
10.14969098999995
8.810652610000034
10.98814904799997
4.850353970000015
3.839463684000066
4.359823253000059
13.33272171199997
10.61198612099997
6.048374797000179
7.645191547999957
6.682483374000185
6.191460114000165
8.274502495999968
9.187836764000167
5.017198916000325
5.781319267000072
8.190964022999651
11.89770238300025
12.88275643199995
12.7240611430002
15.90564689800021
7.386653751999802
13.16815330200006
11.80533225399995
14.62030440200033
4.557020905000172
9.901339673000166
6.909113537999929
5.350041223000062
6.525863290999951
6.327044574999945
3.737793782999688
13.16059589199995
11.07360914399987
8.702853653000147
12.49467928499962
11.74157731800005
14.79497515999992
5.005847398999776
12.862967475
11.59013103300003
6.626760101999935
14.73926784600008
12.23988059899966
7.556179050000082
6.092750400000114
9.712079611000263
12.46756292200007
10.91261649399985
7.922996555000282
12.96081339699958
8.78424758500023
7.520765533000485
6.633490316999996
5.090269076000368
12.48207469499994
12.24122015600005
5.510131287000149
4.536056865000319
6.546961976000603
6.400569030000042
7.099952747000316
10.37834338599987
12.409060985
7.006873535000523
9.755385079000007
4.692996278000464
12.38819994400001
7.168052277999777
3.813595347000046
7.489835275999212
64.03201395500037
2.907225388
5.752980950000001
10.92620065600001
11.30559410199999
12.32874172200002
8.475895921999978
6.390247179000028
4.64555791600003
6.048138976000018
9.509919456000034
5.040191727999968
10.17751529300006
9.464943378999919
3.835741101999929
11.65931438600001
10.283617359
4.630981659999975
6.755527793000056
6.455882456999916
12.50631095299991
15.66325595500007
3.116203021000047
5.836064437999994
14.33074449900005
7.959794683000155
4.634916513999997
9.30106248900006
10.38981879900007
6.780971812999951
7.531433241999821
5.04972690999989
4.275376169000083
6.599317974000087
9.779809636999971
3.296570475999943
7.540127362000021
24.11740053800008
6.485926078000148
5.95907880599998
7.354661518000285
7.812941473999672
6.435490338999898
5.863081303999934
6.663748399999804
14.01782123000021
4.109541427999829
7.042717452999568
4.362378196000009
9.642223187999662
8.148943433000113
8.947590620000028
7.673235390999707
9.988297139000224
3.695024702999945
14.99257161500009
9.430897779000134
3.853081258999737
5.394342004999999
5.002536071000122
5.231571270000131
13.43014915100002
6.226424879000206
3.56949852300022
15.23515369999996
8.451531456000339
9.551874330999908
11.7685830700002
8.446947076000015
10.13323176199992
7.043877974000225
10.60710766900002
6.191215528000157
5.713387359999615
6.190320597000209
3.895145530999798
13.92150838199996
8.547406341000169
5.798593722000078
7.053638941000372
6.367831707000278
4.56027347700001
10.92104066699994
10.36802153299959
3.684045424000033
6.678043193999656
6.385016440000072
9.575679773000047
2.876224663
3.138075983999999
4.25523403
3.436146295
3.325905792
5.141758119999999
2.978613407000012
3.974250722999997
3.822462009000006
5.814260930000003
3.440401815000001
8.636847396000007
5.026836631000009
11.05715778000001
18.53648839800002
8.77299533499999
5.545694164999986
10.950649427
9.206286007999978
3.886409189000005
3.08979184399999
3.204760013999987
3.368248229000017
4.359650450000004
3.578139266999983
3.140953729000046
5.864122224000027
6.948448776000021
3.136140699999999
3.556172581999988
4.009292948999985
6.84444130899999
7.006343141000002
3.415229724999961
3.12848225700003
3.109508056999971
3.346428967999998
3.338222965999989
3.673808854000015
3.200601249999977
3.720784150999975
5.105506573999946
3.477699367000014
3.410928217999981
4.130663443000003
6.390323126999988
5.452985610000042
4.499550431999978
4.132577689999948
3.873728224000047
5.74555417900001
5.223244621000049
5.898765851000007
4.158858603999988
4.013949701999991
4.02169628799993
5.518720991000009
6.716005093000035
3.696258397000065
10.73530376500003
5.044642855999996
16.20304050600009
3.849129872999924
11.49103067999999
11.83251570899995
4.500882501999968
8.522919789999946
4.122829704000083
5.732444638000061
6.450385494999978
3.814685079000014
5.570800667000071
3.928335746000016
3.836150902999975
4.832082103999937
4.298185690999958
3.717096477000041
3.845972748000008
4.428261237000015
3.626322716000004
4.879826254000022
5.874306621000073
4.444659445999832
9.699800505999974
3.81847215300013
3.930670904999943
3.627334417999919
3.53721970499987
4.066026918000034
3.650840907999964
3.46199638600001
3.802604296000027
4.506069577000062
3.886627303000068
3.832576904000007
3.646384142999977
3.569576289999986
4.886284855999975
4.671106271000099
2.891559781
3.314753226000001
4.816267967000002
3.046548641000001
3.655895753000003
4.085879633999994
3.028689441000012
3.353631911999997
3.083206758000003
3.690856182000005
3.728030639999986
3.857786664000002
3.104828973999986
4.100866902000007
5.258060355999987
5.483221382000011
3.867524679000013
3.827893517999996
4.046211383000013
3.218462261000013
3.042201215000034
3.002540659999966
3.421251907999988
4.427597160000005
3.708750968000004
3.067567587999974
3.186713181000016
3.015628790999983
3.233179502999974
6.425280631000021
6.737634260999982
11.58607195400003
6.583478621999973
4.090006520000031
3.886840568000025
6.044119503000047
3.565251009000008
4.219418756999971
4.404043592999983
3.324352287000011
9.515510788000029
10.923328266
4.989034144000016
3.596655554999984
3.775107263999985
3.740672459999928
3.798283923999975
5.507922077999979
4.112243574000104
4.260787719000064
4.837095605000059
21.66877592500009
3.808592357999942
4.557045851999987
3.912976737000008
4.568636675999983
5.024740341999973
4.162392979999936
3.670565375000024
3.62354872200001
4.547560713000053
3.738994911999953
3.948516155000107
4.408756562999997
3.743969491999906
7.195477462000099
4.221687171999974
3.595240342999887
5.584864573999994
5.054677457000025
3.608554512999945
6.614384674000121
3.865538965000042
4.932873557999983
4.01756482199994
4.323925251999981
3.739550090999956
3.650925011000027
4.496323027000017
5.02266310899995
4.049041097999861
4.02560537699992
5.016625839999961
4.01153001900002
3.52679127600004
3.915127469000026
3.712320720999969
4.060071003000076
3.622474029000159
23.90096963399992
5.406037914999843
4.567288337000036
4.005126194000013
3.801809172000048
4.1815514110001
7.175983316999918
3.967836933000171
4.322038437999936
4.779349445999969
2.89643667
3.250703578999998
2.915932829000003
3.155082331000003
3.375630045000001
3.607358937000001
22.30438184500001
3.35406794299999
3.179874740000002
2.864281508999994
3.384043097999978
4.197029657999991
3.431371947999992
5.729070387999997
3.475615604999973
3.000928251999994
3.251628645000011
3.360925981999998
3.128423173999977
4.485434728999962
3.432230429000015
4.443224160999989
2.840259999000011
4.026590261999957
8.19471353900002
4.636156928999981
3.950774178000017
8.299169274999997
3.304298070000016
3.993982001999996
5.879465406999998
3.74484707900001
3.078133981000008
3.125701262000007
3.710315796000032
3.092105505999996
4.022763256999951
4.875393486999997
3.132152984000072
4.49151067899993
4.711163632999956
3.783268900000053
6.676632414999972
3.444870774000037
4.847859774999961
4.078011779999997
4.500337403000003
4.067431091000003
4.220498205000013
18.65244181700007
3.824690192999924
3.647014759999934
4.935900103999984
4.029036585999961
3.692247047999899
4.804762889000017
3.942389204000051
3.646006293999903
4.424885771999925
3.635774814000001
5.13459143099999
3.841029646000038
3.648283845000037
3.946724592999999
4.412283566999918
4.716183586999932
3.637830332000021
3.645447827999988
3.795019174000004
3.714300716000025
3.627729123000108
4.220232634000013
3.672359358999984
4.503120154000044
5.797845368000026
3.853671836000103
3.676602965000029
4.0712933169998
3.857462897999994
7.524131908000072
4.517464634000135
3.946910491999915
3.983910358000003
3.512365736999982
3.680577112000037
4.303920227999924
4.263982546000079
4.061223843000107
4.30950714100004
4.482160959999874
3.581566814000098
3.640976280000132
3.666009278999809
4.240257173000145
20.97064504700006
3.59539110500009
3.756941723999944
3.975413263000064
4.688324655000088
2.889068136
3.156699940000003
3.421988139
3.231689689999996
3.608760086999993
3.786501775999994
4.340831707000007
3.585253842999975
3.316394928999983
4.169761797999996
3.472486545999999
3.267230891999986
2.936693265000002
2.901058027000033
3.001648277000015
4.604075681999973
4.116346356000008
3.538997869000013
3.514031727000031
3.292091302000017
3.492238991000022
3.252235455000005
3.444929435999995
4.105146923000007
3.401762565000013
3.156418009999982
3.243302448999998
3.057296719999954
4.594784039000047
3.610409495999988
5.113749242999916
9.830100521000077
4.466996934999997
3.767727326999989
7.116656103999958
3.504977827999937
3.345442731000048
3.887886649999928
5.533127167999965
5.875196863000042
3.218054197000015
5.914893366999991
5.804309991999958
3.655271719999973
4.184835258000021
8.66500870699997
6.226416071000017
6.57944572200006
6.073615394999933
3.858309331999862
5.698313866000035
5.864740043999973
8.939305243000035
3.97663112500004
15.2432596189999
5.291390977999981
3.952318267999999
3.609424878000027
6.831979610999952
4.311268356000028
5.620545769000046
6.554495888000019
4.411920705000057
4.705941964999965
4.750534417000154
6.060798126000009
5.601461750999988
4.663308600999926
3.682021311999961
5.663564640000004
4.965760240000009
6.857593576999989
5.657359914000153
3.650990780000029
3.594402685999967
8.648208991999809
14.89312597599996
6.052774986000031
4.673163436000095
6.010316296999918
6.811845317000007
8.515881971999988
7.285977739999907
8.755608160999827
8.128560395000022
3.705600644999777
4.691999242999827
7.002751120000084
9.061325955000029
7.124656732000403
5.903779045999727
4.629152827000325
8.948487681000188
7.648021016000257
3.790338113999951
8.307522894000158
6.808620297999823
3.717666476999966
5.518588757000089
2.895643884
14.098297855
7.450474913000022
4.446172988000001
15.55665974199997
15.41709577
14.15552370099999
6.748230259000024
16.43209250000007
21.83448983900007
19.32608907099996
9.3271226600001
14.35240744299995
11.79781080899988
6.961661598000092
15.66193877299997
4.153812161999895
54.57394962500007
14.08696580700007
14.76166908000005
16.84073637899996
8.304594420000058
16.27156297800002
12.11282546100006
17.07276207899986
14.2256031310003
12.52300137300017
10.69830152199984
13.82657407099987
9.208251098999881
15.86960781800008
11.47532411900011
13.64226208699984
7.51234922399999
12.21403008300013
11.63462965100007
6.677235547999771
4.983024606000072
5.72615998800029
3.165398985000138
11.67947267900036
8.235706135999862
9.908102718999999
30.22811265199971
22.54771095999968
14.26408800599984
25.25725776299987
7.771338676000141
7.524700644999939
38.21153392699989
21.76776027699998
22.08568607899997
22.76582473899998
20.43276238700037
10.90789979999954
16.62805026499973
25.13575328200022
11.21010089300034
14.49024352400011
7.273840394000217
19.96254346899968
30.51892332700027
11.37493558200003
5.591837951000343
16.10962021999967
17.8328023109998
7.699526804000016
73.47229386799972
10.19432277499982
18.09307971700036
15.06546236600025
20.13597560200014
16.49159524000061
7.101415219999581
6.694994035000491
18.45378166800037
16.56643010000062
7.356831718000649
12.63508780300072
5.842635783000333
10.51791309300006
15.84052934099964
19.95236927599944
22.56515992000004
20.83023012099966
8.536994867999965
7.152777684999819
18.85035253200022
23.03979204899952
7.734773997000048
13.09034855999926
18.50582547200065
7.776209810001092
12.56553526899916
16.84688890399957
10.57213351799874
12.88909137700102
18.15829054599999
20.62596009800109
