2.648120664
3.825828824
5.520613490000001
3.406397021
4.045032546999998
6.337094847000003
12.975989941
4.048720617000001
4.542582605999996
6.280190872000006
3.770293015999997
3.614633343000008
5.253505754000003
1.997508687999982
4.128440162000004
1.80466398599998
4.724505935000025
5.315166617999978
4.593882137000008
4.25761146100001
5.590691934000006
2.849449647
4.757249102999992
2.365969325999998
4.564769385999995
3.980299129999992
4.398699257999965
3.520529115999977
4.090630030999989
6.762516084000026
3.25899562699999
7.634764737000012
6.673583291999989
8.034430384000018
3.479882978999967
4.240878989000009
9.072362708000014
7.438906712000005
7.330734627000027
3.54531745700001
6.830304073999969
4.359446313999911
6.000401456999953
6.458456621999972
7.149104181999974
12.38875572400002
7.551091821
3.62899341800005
8.752344745999949
8.794686862999924
8.767280927000002
8.841577007999945
5.894610804999957
6.639018306000025
4.683236622999971
11.70325616499997
8.024862152999958
6.216141612999991
12.93975840600001
9.672869006000042
7.194785323000019
4.341291803999979
10.91143979399999
8.458280385999956
11.98613152200005
5.723354054000083
2.380012308000005
4.864598618000059
6.712708281000005
4.560044336999908
7.77909756400004
6.182323830999962
6.488849960999914
6.543503797999847
5.860351462999915
9.909225605000074
6.944680826999956
5.298924737000107
7.614610102999904
5.237234909000108
12.57807185999991
10.56849419599985
4.224445368000033
8.113452792000089
11.80434471800004
9.268854866999845
7.419119507000005
6.387999390000004
7.671478395999884
8.089281322000033
9.40843893799979
9.567202267999846
6.484351958999923
8.128421911000032
5.202628075000121
6.495541181000135
8.555462648999992
7.019382267000083
7.47259093599996
16.217724693
17.550405423
13.365806073
12.940711299
15.963745155
13.194423191
11.40102511200001
13.42498361599999
16.31162061200001
11.00309246
13.10922102500001
15.773937249
12.58265558899998
12.84397197300001
12.599141944
13.23365342199997
13.77328107099999
12.48799463099999
11.14234008900002
14.04957572899997
12.61038283799996
11.09087337200003
17.737770248
15.61388997200004
10.694231092
12.731187095
10.79716523299999
12.829498091
10.79771226499997
11.76562977499998
16.38985268600004
11.91540652699996
11.71828936300005
17.229833117
12.57588900799999
12.38066049999998
13.777828709
7.79698766599995
11.88001415899998
16.011599864
10.98398231099998
21.9936168480001
9.180860070999984
13.67576143400004
8.074699689999989
19.77166663900005
15.18560267600003
15.00790724799992
11.84113155900002
12.441179831
18.0456974440001
15.75299163099999
16.07029718399986
13.35692256100015
18.25225927500014
15.94264013999987
17.75278264199983
18.12413032900008
17.04104718600001
17.55180232099997
16.12542896699983
17.72456219299988
16.58042466400002
11.64618024700007
14.24007877500003
18.77752520600006
12.97380027500003
15.04357097299999
11.43589925799984
18.37222405600005
12.12130239299995
17.19130461500004
17.93370477100007
17.33675243800008
15.82060981799987
16.33202515799985
12.00077451399989
17.12784577699995
15.306924514
15.16269751899995
13.69900304199996
21.93542634799996
13.4732329630001
12.87595846199997
16.4860986619999
16.33000532400001
15.05598160499994
16.05192830800002
15.58913646800011
18.56734161500003
13.4090580489999
13.19644493700002
13.80313828700014
14.23743394300004
13.92587959900015
12.05907268200008
12.845518524
18.05933112899993
31.58606798500023
16.515932388
14.947470518
17.44536584799999
16.390812818
15.48175083
18.796598145
18.68828402099999
17.43950189200001
21.58060053
16.593514623
16.81848604200002
11.43916195899999
15.61499065300001
17.35898737299999
18.39232477600001
19.12228346400002
19.37987119100001
19.40513339
24.581426013
20.34225824399999
19.85135577400001
18.43322488299998
17.04385843899991
16.40479666900001
13.51398029699999
14.22726263899995
11.880498676
15.43972130500003
18.78751572299996
22.11372249199997
16.76979557699997
16.6609203459999
17.38913631299999
14.58423203199993
16.13662907700007
22.93477558899997
21.18548948500006
20.38031859399996
22.21687477499995
16.09229329599998
21.27585758999987
18.219889642
17.74660010499997
17.27181178499995
17.8825750850001
15.40239108000014
15.93215933600004
13.2278012820002
23.286064205
17.29480331499985
14.87539086200013
17.38287149799999
15.38368158000003
27.15509108200013
27.42898897200007
29.66794228800018
28.94456691999994
25.60577238900009
25.38459873400006
28.08423282300009
24.58702900699996
24.79774830199995
28.92864405199998
28.82453811000005
33.91155507200006
32.96445752399995
28.16423255599989
27.81225402099994
28.47562911299997
28.47279547399989
19.00878764799995
23.20532245499999
24.786730756
22.63187299399988
27.23426916500011
28.35349017199997
28.70447995199993
31.27608589200008
31.55868677600029
30.10268469799985
30.84242175000009
30.54676979399983
25.21664037699975
26.48204578800005
24.308317257
24.7756839650001
28.0576829470001
29.49535719400001
27.88276717899998
23.19528597899989
20.97067396700004
23.89078836999988
26.85993014300038
23.90228734199991
25.07528367800023
28.27880138699993
26.49280973100031
26.02531319400032
27.15717627100003
21.38157252
30.25035295
30.80760234600001
25.13376609700001
25.648936951
26.16730056099999
26.882829762
35.05325199700002
33.07302112600001
28.02915880300003
33.24032312700001
24.97380665700001
32.990009149
28.17338277700003
25.22546875199998
29.87291668099999
32.55442220099997
19.83871950899993
30.09932670500007
28.786984125
28.52190586999996
33.09372088299995
25.90368547700007
31.382435418
29.261003974
27.63426513700006
28.52396914700012
27.16036385899997
24.6075353629999
26.76634147899995
26.59262184699992
24.11066978199983
54.37553195400005
27.67339420200005
32.83220981199997
29.96039874999997
29.89104516900011
24.53592624900011
27.30863951300012
28.57437363899999
32.78056189400013
35.85210419999999
27.53529271499997
31.02197024600014
24.28984817900005
30.76130603699994
27.77570537800011
28.968231264
26.842271278
30.20944336599996
30.26216442299983
28.74108549900006
25.353641143
27.83761479699979
27.81018294500018
21.15607562099967
26.60341238000001
25.76765192999983
25.97671991100015
28.74333227999978
24.09441276999996
17.65144284799999
27.74812272600002
26.94882522399985
26.40700597400019
30.30700230699995
27.69660862799992
32.00589992900041
27.54318859700015
29.2918884149999
18.14243446399996
30.75844679299962
27.79481969700009
33.80890315100032
30.18399169400027
33.10220169100012
29.300510863
26.98629762900009
25.60300049199986
27.36233701599986
22.25354983099987
28.31895072299994
33.23562200499964
26.95741047699994
39.95939821000002
39.06428144500023
38.15308620699989
41.14641732200016
39.61868653700003
49.75973379800007
43.65570874900004
37.93504050699994
41.91954817299984
41.37612773500041
42.7690665680002
34.03996448199996
38.47514547699984
35.20884847000025
40.04213669399996
39.70062888
39.516328676
38.303565744
35.14289787199999
42.50203684799999
1061.11622337
1081.100010592
1131.667578199
41.55601261300035
41.4871447569999
31.91451907400005
53.8747490959995
60.48696339199978
64.99869839100029
62.67512745399927
55.37116504999995
60.39220230200044
51.95555631699972
62.32664122400001
59.538745672
43.1084145750001
52.97733555900049
51.98879989699981
47.22917015800067
45.56734793699979
50.77884825599995
49.88075022400062
37.53186106799967
38.48007585899995
41.76577122700019
52.35718868799995
42.09579453099923
38.00047077500039
51.15037908899922
35.0195546949999
33.00045740699989
32.98939096600043
50.55093824300002
51.33505576900006
34.20844523400046
37.74773644299967
47.14087573399956
47.04499844800011
42.67392565099999
35.79254669399961
39.68622402399978
46.97193756599972
40.4003175959997
40.13354708600036
32.73781534699992
47.44115337399944
35.12892787299916
32.19137038499957
32.60067200499998
39.11695073800001
40.37074403500083
46.90916240200022
43.16324613000052
43.04742707900004
36.82732460500029
38.47609667200049
40.14036870900054
50.68854934399951
56.99627245099964
41.15357408399996
40.07249395400049
44.16630016500039
36.44206354899961
38.02464337400033
35.01506203999998
37.54719282800033
42.58530441600033
39.11154246499973
39.46010833799937
42.28067414500038
35.07328960799987
38.12443849800002
38.38983133700003
42.4780013189993
37.00984951700048
35.81044519899933
38.50404018500012
37.77670755100007
40.35409640800026
38.92421692100106
37.52438925100068
35.1665619180003
28.41814853399956
36.14790379699843
34.6427937669996
27.86072207399957
33.35627150000073
37.4720842429997
37.0812153220013
36.33089339199978
36.14714309800002
36.77988722199916
29.7149719450008
38.92393646399978
29.968440239
29.182919265
40.83919201599998
23.64597816600002
22.07811899200001
37.867095382
34.95336662699998
36.32831546100005
35.83673532099999
32.91181326700001
36.78679518600001
30.73681644100003
41.07470555000009
30.93365080199999
28.87805225700004
31.86096743300004
24.78223954400005
28.72133232800002
31.75694819399996
33.29627423799991
34.35812326300004
32.44504483200001
35.62371592199997
35.19321467399982
39.97127472600005
38.16829223600007
41.33390321700017
33.65909932099999
35.888862711
35.77222536099998
31.94219706800004
36.18714556300006
35.30731173100003
37.71947057400007
50.11488796599997
32.06394288499996
33.50520674099994
41.6099804989999
44.79123823499981
34.36560433399995
39.73369331100002
43.68015668699991
44.49956354799997
36.25045196999963
36.9476167859998
36.55168240999956
34.29182822999974
32.78658109299977
38.28131689500015
35.80522405300007
43.46089413900017
35.62243374500031
44.57144709900012
46.02096408399984
40.60507192299974
41.18099770399976
39.16228667199994
41.81658866399994
40.05300615099986
39.65674488800005
43.58781473299996
36.27508091500022
38.66731433199993
39.57944695500009
44.49647616500033
43.19178110800021
35.92555105100018
42.21921900799998
37.07509726299986
44.85391664200006
42.81601321700009
38.42699831100026
41.94812620499988
38.85263740100027
38.48918171500009
35.42833810699995
39.65550650900013
36.94591480100007
38.55914003499993
42.53068052899971
38.62757187899979
39.7789570799996
44.54454622200046
40.11084402199958
34.6776738110002
42.34823095499996
45.17675063499973
39.18036343800031
40.02062446999935
30.27302421100012
47.81865183100035
40.05149696700028
41.87106602099993
37.86124809699959
45.66879139299999
39.96539684900017
40.79222615799972
40.46912230599992
46.55073920699942
36.651218793
41.94701548300001
42.169469112
42.736637747
36.13438541000002
32.61019036700003
42.27163531499997
44.99354230899996
37.78672688099999
34.05675270800003
34.16717681200009
45.2782234
44.50863418100005
35.14943584399998
37.52811172000008
36.86736012000006
41.56331660499995
34.92964681599994
37.95123579200003
39.46991274200013
36.80825571000014
39.80019465600003
42.15426630300021
33.44294662900006
36.4967420370001
36.74846308699989
36.0017464099999
39.43062169300015
33.60448784200003
36.17623463099994
33.54961797300007
43.92421884000009
39.04969277200007
34.96527992000006
39.8747012729998
39.60726942000019
40.38701932000004
38.24359057399988
35.31601453899998
29.65700903300012
36.43142662200034
36.06868867699995
36.60148937599979
39.92053103500029
31.438580688
28.1584095369999
45.9994253750001
33.68008996900016
36.728797837
40.18792750700004
37.79779875999975
32.26655114200003
34.59100766000029
36.98823402800008
41.64488326500032
33.47998516400003
35.07014835300015
34.23414289999982
39.51142579199995
37.48581502099978
32.5251387379999
41.18727152000019
36.8723456419998
42.81041051600005
41.91069272499999
38.5003758580001
35.65279218700016
32.84375239400015
34.5916802480001
32.57850422299998
38.34731660999978
30.02134226599992
27.93173810500002
35.8368505909998
39.16335540299997
38.51270250799962
40.4909797119999
39.7223996849998
38.99389728200003
32.76212699300004
35.14031005400011
36.53186255600031
39.94268907100013
43.15134128200043
41.34829876999993
38.58488258700072
41.64126145499995
34.71986110999933
39.85114367099959
44.13389971000015
43.8142782470004
46.31863102300031
43.44831146599972
34.48550605400033
32.27561375699952
41.09002410499943
41.50578384099936
37.94277685999987
43.00974674200006
44.29534945899999
37.109061046
35.44030550799999
40.95672944899999
39.98513845099998
37.70339415799998
45.12344325800001
42.07086786100001
49.78366874400001
42.93319989000003
45.71974372900002
37.46518804000004
35.72288010900002
39.77206889699994
36.66325984100001
32.04222549600001
37.94358279799997
36.20777255499991
44.18121090600005
39.25653548600008
37.15751638000006
43.32643007000001
37.10456996200014
39.04132247400003
39.70908735199987
38.4918579560001
39.49934574099984
42.07221334899987
40.02203873400003
42.79027001100008
37.11737432599989
52.68619948200012
37.90877182700001
38.75755177099995
38.16164651200006
43.85247709500004
35.14088615000014
40.4206687259998
34.20749750599998
50.22993653599997
43.69714365399977
39.04449971899976
48.18876909999972
38.47616134600003
39.47407422000015
39.29499448000024
37.20891037499996
37.20066941699997
42.45112580000023
41.03710022600035
37.64342701600026
39.08902714299984
42.12452942899972
45.45773921299997
39.3125212330001
43.9487385299999
43.44067028400013
35.76582076500017
36.91233469400004
34.95124388699969
37.85356798199973
39.16000091600017
40.059751667
35.22279076399991
39.38135954400013
29.70976094900016
36.65368300899991
43.76227524900014
40.46392150199972
37.52194232000011
37.4530233559999
36.24824537799987
41.87074523999991
36.20944628199959
41.50494564099972
35.12263678999989
36.61322758700044
42.71654118200058
42.01900869000019
40.43228782200003
46.04207574200063
45.40632133199961
41.59615931699955
40.91442242599987
37.29915263000021
38.28172953000012
29.32008915700044
20.77597431499998
29.20202915299978
45.10660142899997
45.10555175500031
42.20801124300033
41.67852234299971
30.20929834500021
33.7773797280006
39.29231376600001
33.20694418400035
66.73439717699966
34.6954832270003
42.21841921
38.344014513
38.77810193000001
37.209281162
39.45468342700002
40.67200012699999
39.69814675800001
35.56729765099999
35.26138178399998
37.51886055599999
37.52507970800002
40.92863060700006
40.44313279699998
44.06196933500007
45.96217811199995
43.287100474
45.23411809200002
42.58118758000001
42.68802343599998
32.25477820499987
37.06274433399994
37.43511756899989
34.26822699099989
32.76279836000003
26.96598972699985
32.49174703499989
42.48253099699991
42.56107084299992
40.48664150900004
42.72778523400007
42.33486538500006
36.50446418000001
39.85147577099997
39.76171692599996
41.86952931600013
34.52261702800001
40.55141227100012
38.6091213929999
38.27991624700007
34.64468583600001
39.19600001900017
40.07593029200007
35.47893735600019
26.23548812799982
30.901961476
31.14756863399998
33.99620258899995
28.81706507800027
29.57175217500026
35.02372814899991
29.15090774800001
29.71301782099999
29.37093469599995
29.28232872299986
31.07351102799976
35.4861586789998
23.10820733800028
33.0714447270002
40.05334686200013
32.80309294000017
26.95221442799993
30.47864845100003
24.63480792099972
32.17032455200024
29.63195513599976
31.38405432099989
28.89984883099987
27.80716401900008
36.90687131899995
30.60175205399992
25.80147446800038
36.37602918799985
33.79041531999974
37.39252401499971
33.51468918299997
27.43004165000002
36.741181719
33.4353789490001
23.00616385000012
16.99423730699982
19.86889265599984
32.54931827699966
27.6772471610002
30.11111377899988
39.04756175399962
36.9599847479999
31.17475433500022
7.309696829
7.754019073
6.630700179999998
7.162506260999997
4.844615726000001
7.504948971000005
6.242414640000007
5.582931607000006
5.61425483699999
6.983698037000011
7.556934097999999
9.293121945999985
2.822295275000016
5.142962989000011
16.783397595
7.839210342000001
2.215600651999978
7.59835554899999
7.556422477000012
9.777790802000027
5.798209670999995
7.716894083999989
6.212472697999999
7.438344531999974
6.103562349000015
3.995880157999977
4.772072065999964
5.50088649700001
5.820339034000028
6.368224985999973
2.401686420999965
5.865920414000016
8.107020440999975
5.930986336999979
9.034242831000029
6.932248138000034
7.747417202000008
9.253755608999995
6.806528083999979
7.14285914300001
7.307359627000039
7.173651946999939
6.507430643999896
6.067958045000069
5.27262973400002
5.272509639000077
5.868389745000059
8.54196604699996
3.790164244999914
5.348513906999983
6.003691142999969
4.936368465999976
7.897678979000034
6.628538469999967
6.891039747000036
5.584848081000018
3.840549962000068
7.007758472999967
7.019894912000041
5.149042508999969
5.540030477999949
17.46791704600003
5.627206092000051
6.061278679999987
6.138375378999967
6.588064422999992
7.636129313000083
6.004957054999977
5.422224002999997
7.404910682000036
4.779544665000003
7.028335548999962
6.668182881999996
5.814412259999926
6.704666526999972
6.638199708999991
8.080393361999995
6.930742247000012
10.85123223799997
7.707382252999992
6.581731949999948
9.453155873000128
3.422008662000053
10.28956863799999
9.344493091000004
6.929978325999855
8.988966580999886
11.65894551899987
7.748275885000112
6.917656989999841
11.98436919000005
6.961704571999917
7.175907415999973
10.72092018900003
13.23212824200004
13.84569871500003
11.324652904
11.74339656100005
10.66357245800009
10.636515434
9.994601871
9.142018303999997
10.479450178
11.125830585
9.927371828000005
9.714922751000003
12.40074659699999
11.53269970599999
12.65126725399998
9.735279782999982
11.225386026
12.703225213
10.599682505
13.111101644
11.39333778899999
9.423293217000037
10.317406119
7.654511274000015
12.647639669
10.93290790799995
8.425225169999976
7.622489794000046
9.556908850000013
14.516329805
12.38336796099998
12.61851388999997
11.66663045899998
10.67965268900002
8.923651602999996
6.183157631000029
9.381711125000038
7.454479223000021
9.302192956999988
9.486990554000045
9.297211253
9.881800935999991
12.41108887099995
9.17060780199995
5.676709759999994
5.690041799000028
8.286462386999915
11.69830040399995
9.883741207999947
10.63083046400004
9.903508827999985
10.71200109100005
8.674370627999906
12.35413064900001
8.843269211999996
6.068760100999953
10.145257345
10.66806778099999
13.62457606299995
11.81828565800004
8.110087600999918
9.596110629999998
11.0926255679999
10.73744607399999
13.52165616999991
12.13362504399993
9.974955501000068
11.38947900300002
7.943041531999938
10.21821766899996
7.241075591000026
10.51556787100003
8.357855091000147
8.199988651000012
9.426207930999908
8.894474782999851
9.722284161000061
6.841890539999895
10.9802650470001
12.97231765499987
11.07122085700007
11.98738606300003
10.078125387
9.25831932899996
10.35372330900009
8.532327364000139
8.581321366000111
10.36312200099997
9.648034412000015
10.31015607600011
10.98000806100004
9.599299458999894
12.18169957999999
4.935393946999966
13.01193057499995
10.56765570699986
11.83399001299995
10.09015242999999
7.965687234999905
5.23521159400002
8.540142006999986
10.291498993
11.94423741299988
7.813696716000095
9.387528812999999
9.495570017000002
10.526211459
10.58802369
7.632206918000008
6.777497115999992
7.554518154999997
8.717842769000001
10.93444156099999
10.36526754600001
7.501817363000015
9.192297569000004
6.474723582999985
7.896001264000006
10.18706729100001
10.35228405699999
8.674469458000004
11.91750569899997
9.106394887000022
10.14435227599995
11.90956732700005
8.580189865000023
8.882435404999967
3.397001766000017
5.89267496399998
7.792139214000031
7.059821876000001
10.82514931599997
8.712823242000013
7.021359879999977
7.135582519000025
11.69670787299998
8.63620543799999
10.01099410800003
10.26127425800001
7.428605590000018
10.98742618300003
9.15103276100001
12.09201134500006
10.56736224999997
9.371233895000046
9.831326556000022
6.975177986000062
9.263327914000001
7.166594638999982
11.89369078900006
10.48935721399994
10.61781959400003
14.08354321200011
10.68015272000002
12.73330964699994
8.826942364000047
16.49004131300001
10.85913011800005
9.667896049000092
9.962153306000005
10.35810160300002
8.408339753000064
8.862550704
9.854845693000016
13.81077954700004
11.33002539199992
9.77591672199992
14.16586457400001
7.369239059000051
8.892308305000029
10.87354060400003
9.947020787999918
10.92233009199992
14.34373625600006
12.77920259899997
14.03634488700004
10.24314119400015
9.802482903999817
13.97406927299994
11.69092734500009
9.77176267699997
10.01996616199995
5.877604410000004
8.775873435999983
10.34070417299995
11.8133272120001
12.91687406599999
10.19643450099989
10.58392557599996
7.507840086999977
8.422479401999908
9.145488912000019
14.35843083500004
11.8434459749999
12.92635649199997
10.04676921800001
9.220745730999852
5.614000336999879
18.11445016999983
18.83169803400006
16.93739977699988
16.44967008499998
17.34816660399997
12.982252929
28.150512784
13.05827866199999
17.147299687
14.929983405
14.87443795200001
12.00774117399999
8.77571610199999
20.13143874800002
15.17608282200001
15.20433966499999
14.13103947100001
14.952131845
13.77194863999995
13.77377968600001
12.62449139099999
14.31708339799997
13.396369634
14.32654042399997
13.751491676
15.27557049799998
15.42230899499998
17.488664798
11.41464329399997
14.052968045
19.40154451399997
13.21742783800005
13.47622736900007
14.69592710000006
13.30662078499995
19.16826481200007
13.56255186699991
20.95961219399999
15.81861914399997
16.71187092900004
21.63425100899997
18.81953005100002
18.24853103199996
15.34736068200004
18.47665112700008
14.36330147599995
19.56059216400001
15.72149841099997
22.65929363800001
17.82460842499995
14.72848147399998
18.36499157799994
16.51064937800004
20.57150423799999
17.16862677199993
16.09271459999991
12.67415684700018
17.80416899900001
16.79029929700005
14.90644589300018
19.54034034099982
16.13853829200002
21.81181934200004
19.71226918799994
18.69194611900002
22.84471930400014
17.85133682699984
15.7223182140001
16.18485117399996
13.94794196099997
16.53365782300011
16.24436059499999
23.14844552
14.36722213000007
19.12737404999984
16.71854876600014
16.70620075800002
17.127101606
14.12892686400005
6.832693283000026
23.52174946799983
19.292616619
16.77422394799987
15.6282886250001
26.12053128100001
28.59398723699996
27.32685471800005
28.81073037800002
28.63719970399984
26.09782127500011
29.49079211199978
28.76814983700024
30.33342433100006
28.46968058499988
28.61948593199986
28.06876634499986
30.42761304100031
27.32361944200011
31.14970771900016
27.82344690300033
24.60133048999978
19.52238468099995
40.98669314000017
28.65968447599971
64.06962843700001
87.05801437599999
62.803006514
59.321756682
67.06078236799999
75.03207424300007
69.23502505700003
65.94294080700001
64.82044559799999
64.55667503399991
62.30155883600003
57.789347518
51.34860253699981
54.70970076599997
56.21052140099982
62.15265451400001
72.57797133400004
65.62887644200009
65.05164130000003
64.45304325699999
65.56620862999989
62.69446134999998
63.36069828900008
72.77822734500023
59.05096116799996
50.08671681199985
55.84039853900003
52.25571986799969
50.94999500499989
40.66219052400038
42.41975399900002
45.4912119820001
69.41072995600007
60.38963554899965
52.84364672299989
57.01020705499968
57.33854411100037
49.91645595099999
50.09409802900018
47.45307243999969
57.28535672900034
123.4066977300004
60.35315124899989
72.92317955999988
79.82141467800011
78.38888453300024
73.56190850100029
74.15077176400018
68.34601337499998
75.49294537099968
88.72205774900067
76.24244032000024
75.60239701099999
74.55120900199927
75.46578455400049
70.86735273700015
69.41861608599993
72.8245504510005
69.9310805770001
77.72655085000042
78.35454758100059
76.88322938700003
91.34057635099998
72.42754411300029
93.57615128199996
81.40477373300018
72.21047519999956
71.51974157600034
73.02654108099978
76.323188802
81.18648209999992
70.33674009100014
80.74299078999957
78.57503601899953
68.60502679999991
84.03855162599939
67.80876430399985
68.25926075299958
79.18514706799942
66.46703302700007
67.05045683800017
64.42650089000017
63.17798121899978
64.55053018400031
69.28687060899938
69.42806699100038
63.61223555099969
54.06573271199977
59.37977036699976
82.41826118799963
71.7413314509995
76.60432585200033
78.77604426400103
74.20244040000034
84.29784180600109
74.416356361
78.70161397099946
70.66642473499996
69.09712409299937
