8.980708232000001
9.493069602
8.909797485999999
8.688006385999998
8.794105417000004
7.817208232000006
8.522287001000009
11.14330737899999
9.637612762999993
11.220204803
11.495160723
9.002324651999999
9.831122112999992
13.08145094299999
11.16917452500002
10.20297302099999
12.838774852
14.771934483
10.94682508299999
14.77260801599999
9.904781538999998
10.45964843399997
11.32943182600002
17.10030172299997
8.291180745999952
9.897162772000001
11.08249548200001
14.08127426599998
12.10069569299998
10.084382973
17.74050252000001
13.13941526299999
12.41943115100003
22.28044462700001
10.58214567099998
16.13288698300005
13.10347941800001
12.40007810100008
14.30722735899997
15.570404908
12.93722888000002
13.09246286099994
18.61873453099997
13.12417707700001
15.21003561299995
22.01221894499997
12.29604762899999
16.75676844999998
26.72317432400007
14.58765179099998
12.05075677599996
21.80586316300003
13.57299137999996
12.60398625599998
10.11628055300002
14.51381728000001
16.60486602399999
11.57189717400001
12.11947188499994
18.38578726599997
25.06797470100003
10.38665727499995
14.20349923200001
15.758051712
18.50832504300001
12.48937910099994
17.15724334700008
20.75217277299998
15.61209316200006
13.29749560599998
15.01951412100016
17.62731612900006
10.46429312800001
13.41015076500003
15.76068963700004
20.18926805399997
23.55686893799998
14.0511897240001
13.32214197499979
18.59899805999999
16.39261138899997
11.04241149300015
15.58798127299997
19.05415813500008
11.74580252999999
16.68566166599999
17.86121574100002
15.77718997700003
10.23557570999992
16.9429552900001
20.88995164199991
13.21753399500017
13.03356518700002
14.07815477400004
15.20068330800018
11.418187816
13.17070252400003
19.56229424399999
17.17803108399994
13.596296055
13.01615435
15.202154888
19.002057765
18.89454344100001
15.13514646900001
12.92312203
16.939846977
19.59260570800001
16.24985811499999
16.631512762
20.09511981499998
19.51947177599999
20.88393534099998
22.18984602500001
19.63627344499997
22.29262110600001
18.13971115800001
21.00162790400003
20.15060395
16.682229699
24.73426342200003
22.63707354100006
27.940544295
19.71148385099991
20.44349673700003
18.97421369300002
19.513480931
27.74195257400004
19.73009137299994
28.78132894800001
17.82279042000005
25.94156876199997
20.07866912200006
21.19831273700004
22.48851708400002
18.91895687900001
27.02107710700011
23.6745314609999
20.84637769599999
23.4472437710001
18.85024306300011
24.0305594670001
18.89999910500001
22.26968748099989
20.14363560299989
20.65548205699997
21.90983147700013
35.70725713499996
32.81648918199994
31.40693811000006
30.15332249499988
28.30292385500002
28.52083998500007
21.20003218299985
24.31783770199991
25.14680920000001
20.565773992
23.32627546100002
23.07134325700008
18.94051169299996
25.68836699000008
18.38293140799988
23.55231395600003
24.58048625499987
20.61788259100013
28.0147352890001
22.98356532700018
12.7638300189999
18.9793866519999
17.14367644399999
26.70916121999994
19.21728743099993
20.27066544600029
19.19682626400026
17.76849076600001
22.51421502599987
21.8643165819999
22.32563059600034
21.99588376699967
22.91473909499973
23.41115932899993
18.48160038000015
31.06326128299997
19.91425162999985
23.56391121500019
18.36678798499997
25.64183206999996
20.56063469199989
16.80428520900023
22.17245167300007
18.85809638399996
21.15914468399978
19.53177939299985
24.25982227699978
20.97358569000016
25.24377224
20.63717751800004
19.29311046199973
32.482088015
29.519768276
27.440847077
30.50095555200001
27.07382211800001
29.96058977599998
38.51836630800003
25.804767674
29.58939434799998
34.67348331600004
25.565383833
29.15564735300001
25.457518816
33.21861693199992
29.87052289200005
26.50632637500007
32.90077552900004
30.26743333700006
30.040544985
28.82307373399999
32.49514322200002
29.47228326499999
29.49105341900008
34.48209490000011
32.6089633580001
34.67502825499992
33.7318224149999
28.12859104300014
38.27592555399997
29.05410738899991
34.67685251700004
35.89895527900012
28.98693655099987
36.61348315100008
25.61194505499998
35.62404619200015
25.10821531900001
29.89184284699991
31.02244250700005
30.01350892699998
28.09445537499982
30.08241434500019
36.16611333800006
24.10191461599993
32.72229058300013
27.62961720699991
34.23957946099995
30.03145670499998
27.16887088299995
36.14501034499995
30.50701514000002
31.34429523600011
35.59954175400026
27.304123678
34.88943374900009
30.89030842800003
25.32391933300005
25.50954090999994
35.05321850199971
34.47871858799999
35.45383151500027
32.64746156299998
29.40422603900015
28.60217604599984
34.19231843699981
26.99183655499974
35.69518470399998
32.57565786900022
30.79122925000001
27.94016944799978
28.620175346
31.00207521799985
27.26538534699966
32.61839980900004
25.91999193999982
31.79499940900041
33.5992105360001
27.95260207599995
31.22913628000015
33.22305209499973
29.52017599200008
24.94291394999982
34.56070618100011
30.03892552200023
28.92181279100032
27.66034650199981
32.35428230299976
49.86319525599993
31.17386429399994
30.24556008699983
30.6388755060002
28.64870275299972
28.34510770499992
28.87953965299994
30.88762972399991
31.40412018000006
33.40594073000011
28.68579855100006
29.68579565499977
34.709795447
43.53854516400001
42.324791538
38.58261046199999
46.0170373
46.19039777199998
43.576015412
41.29022759599997
39.81927826200001
37.32947251200005
42.56587866199993
38.59384924400001
40.49965651100001
33.843437849
33.14411448700002
38.16807925099999
39.11212706799995
34.267999379
37.97125407600004
43.35543774699988
34.74814347799997
41.51507864199993
39.40296001499996
39.64797534199988
41.87294512099993
38.63565797299998
38.86815075799996
83.10209928000017
1116.642418389
1177.163102588
954.0710911999995
38.00033407799947
48.20231602300009
52.74833452199982
71.32218557299984
74.34564413299995
47.58217933200012
52.19058485200003
59.84826392800005
54.88460688800023
53.12938135700006
58.06135222899957
52.30478577000031
47.59123906600053
57.33434898999985
42.03656724800021
48.1989721810005
44.10145912999997
40.98570961499991
44.05531802600035
37.83211763599957
40.5776490140006
42.59225506100029
39.45311232499989
41.32552815800045
50.13831644400034
41.89110088899997
36.92281033000017
33.25960610099992
39.49143987800016
47.902855757
36.67463339599999
38.05308678399979
41.69380305200048
42.01590223399944
39.18948863500009
39.50483300399992
41.01158842699988
36.27095433200066
40.84555639700011
40.34205760799978
36.60861017699972
47.7406128520006
42.40573762499935
34.19384900600016
42.97617164699932
45.67030118099956
49.3701250740005
47.21598549700047
44.07585118299994
37.06650600800003
38.29193144400051
40.20685281700025
45.68265407800027
49.19057502200121
47.95781084000009
32.50935143300012
39.10351912700025
45.45126021500073
31.75754272199993
36.43705934599893
47.7319408860003
40.27871919200152
49.32006878200082
45.72473714999978
33.09139078699991
45.41122740699939
42.42819723799948
34.7050651720001
32.666986634
38.73878660600001
34.227659175
30.79344784099999
41.07066930400001
34.47538481399999
34.67694474000001
35.14786982099997
38.94325734199998
31.338726544
31.16693413199999
32.63057706299992
39.43072606300007
37.39015862799999
34.45702537600005
58.82979684500003
24.87182541799996
32.05990773300005
38.14020375699999
45.02361629900008
40.46572392100006
36.96355357800007
35.922619338
39.46634162000009
37.25088290500003
33.91975777999983
38.94298167500006
36.89147248300014
39.60265900500008
37.17043187900003
40.92932368800007
38.68713297499994
40.53054219199998
40.68976181400012
38.74087658100007
42.64612013199985
34.83451693699999
38.68645094399994
41.50866359700012
36.73428463699997
38.60563691599987
43.82995921199972
41.50648281999975
36.22271707600021
38.56216599899972
38.46078329800002
39.20152668800029
43.87521461100005
37.42940571999998
48.27531981899983
37.87580322099984
43.5608157810002
44.26202387099966
39.27328367000018
40.95837962399992
38.10827107299974
34.35769458999994
39.49460654899985
34.81889300900002
33.21372391199975
40.4756081710002
45.75303541099993
37.0917262009998
39.9314774000004
38.79870534199972
44.52479389099972
36.51027217199999
47.78725363500007
43.18547954199994
41.62946167700011
42.5740113009997
39.73215709199985
42.12088135999966
38.95683101199984
40.30227719799996
41.20606090399997
44.34250123300035
39.96255659200006
37.05810010799996
37.18601975000001
36.41059561699967
44.05239324200011
35.16496196899971
34.27166503900025
43.8433810839997
39.46241930700035
38.95382175800023
37.67187674199977
41.9708067850006
40.99920599199959
41.4188026490001
35.82529221200002
37.65052628699959
39.74387305999971
35.49217367899928
39.38778696900044
31.47988500799966
42.48559141500027
35.94709404900004
37.200659958
32.472895278
42.878922436
34.99197725900001
38.60094249399998
39.46663349600001
40.68716841200001
45.19044865800004
34.63159055899996
37.59196537600002
35.531260288
38.58296337500008
34.80946345400002
35.12046841100005
35.16351721699994
35.20398372600005
34.80338300999995
38.01746838500003
39.76629536399992
30.75537992900001
41.10042016999989
35.673657241
31.91199545099994
38.19258139899989
45.28557076599986
35.81868463299998
38.47887842100022
41.774403936
34.92577890999996
43.94884748599998
41.41809811300004
40.16074406500002
38.3061424
39.57188721099988
32.04807669399997
40.68783761200007
40.40482008500021
42.751400203
38.94011812500003
37.03477740800008
41.48168532799991
41.2127408690003
38.3254021140001
34.75787587900004
31.88819894000017
30.93320890099994
31.83608767499982
40.47196252200001
39.07600165000031
30.19690424800001
40.76596856800006
38.99806900399972
46.66937824300021
35.75028144299995
43.81059383000002
38.98583921499994
34.38366041099971
39.92346668099981
35.99771400999998
33.53513114099997
40.47987957000032
34.58743897999966
34.20699180800011
34.80018408000024
37.17157299200016
35.03152825200004
39.33494098799974
38.11451100900013
41.2756805869999
42.32006987300019
31.3863534080001
36.88103454300017
43.43447043100014
35.15323602099988
35.73521101300003
40.82630010599996
43.88550120699983
36.94919410600005
31.62443492199964
45.00045632899946
39.44280659000015
37.13092330099971
35.9938139449996
34.50714553500075
33.78199228599988
33.08759391000058
32.97831963299996
36.04259294599979
34.45118116999947
41.33312358900002
33.62300352900002
33.38993114599998
39.53817525499926
37.00348065900016
36.08815444700031
35.97793088100025
35.88750419700045
39.62520423000024
39.20142561699959
30.117009467
38.986551377
38.27643509800001
41.33245986200001
34.524314062
48.29791459500001
41.89855098700002
33.82148405100003
34.34197770600002
36.81050029799997
36.29504115499992
40.610772505
43.40612167300003
34.22595647399999
32.89414029099999
40.74955229
42.22968721400002
35.03974196399997
36.13640225899996
41.55906649999997
38.80400445600003
34.55380319799997
34.7179821310001
40.32235074200003
33.39612780200014
37.69937260999995
43.7522346400001
37.60949532299992
42.68288883899982
42.39226152499987
39.14629492699987
38.48376677200008
41.35328343899982
38.07176517400012
41.79287615399994
39.1308291270002
38.90751299899989
39.16545664800014
33.35743310699991
42.05726445699975
41.08462547399995
38.84656254100037
38.04577079199998
39.4572116420004
39.49935584400009
43.82492510300017
41.78262838599994
42.08057826800041
36.53432739899972
46.70452559900014
43.17825746800008
39.71712977200013
36.28957858800004
39.17086842900017
38.22945147600012
38.14465579499984
40.98960654800021
41.14790770099989
35.53464078100023
35.11003099400023
34.27434535900011
36.40182281099987
43.25389416300004
42.50194674900013
40.70905945499999
33.97567476500035
44.94610910499978
36.92021632900014
31.747574601
36.39610057099981
40.40711760300019
35.82260465199988
42.02845899600015
41.59362869000006
43.98920492700017
41.11479889600014
30.01850153400028
42.8416622740001
36.05360276299962
41.47103994999998
44.69949954499953
36.60979258799944
37.45165998899938
42.91985820599984
39.88184129999991
36.77537126399966
41.28816785500021
35.86593894199996
43.8562363459996
44.23129413600054
39.34854563699992
42.22108753199973
39.63523170799999
39.52626944799977
39.15690727200035
42.27668860099948
38.10132342199995
40.61900407999929
36.73405795099916
