0.453691497
1.045604926999999
1.287814855000001
1.360484479
1.200421017000004
1.600115733000003
2.922338315000005
2.686069916999998
3.115663373000004
1.490164090999997
1.386483136999999
1.942763451000019
2.04019171600001
1.558062729
4.574569260999994
0.6686383809999938
1.924453894999999
3.351313279999999
0.7825249730000223
2.679101677000006
4.728672183000015
2.881543622000038
1.451696890999983
3.893388455999968
2.449359995000009
2.023853889999998
1.056605297999965
3.241200657000036
4.73628350499996
0.746414623000021
5.260764667999979
0.8628989729999716
0.8315285730000141
1.683709857999986
0.9345001180000168
4.593112200000007
4.438522735999982
1.976598830999933
1.430201957000008
4.298722705999921
1.644723728000031
1.273592861999987
3.812985513000058
1.366865723000046
1.015086574000065
2.431221799000014
1.433052333000091
0.8678813179999452
1.532798837999962
0.6976783100000148
3.252737164999985
4.61571659599997
8.530744952000077
1.760242925000057
1.272211551000055
3.21187735500007
4.673585947999982
1.004827839999962
0.566013847000022
2.064125582999964
3.868676692000008
0.9125541099999737
2.417201144000046
4.003289124000048
4.513655680000056
2.687232734999952
2.760776433000046
0.8568239849998918
9.593841453000095
1.679241676999936
1.236091622999993
4.545608489000188
3.854561828999977
3.491407068999933
1.153627870000037
3.109897997000189
4.550089674999981
2.61632256300004
0.9325602540000091
1.543018891000202
3.753805892999935
1.566762358999995
3.21632730400006
1.112563622999915
3.349552797999877
2.336931832000118
0.8978310080001393
2.765517423999881
2.464927531000058
2.30657680399986
1.408864516999984
1.034904555000139
0.5937011890000576
1.827068154000017
2.863512471999911
1.992541695
1.354285032999996
3.282243521000055
5.742017340999837
0.453240062
2.599395780000002
2.562805813000004
2.451349077000003
1.570508930000003
2.248697222000004
9.479541333
10.05300079599999
3.857307759000008
1.382915128000008
1.921757103999994
4.663846301999996
5.833493380999982
4.08555722899996
2.119162929000026
2.924047838999968
3.220843018999972
4.263489915999969
3.891479595000021
2.549180161000038
4.238639207000006
4.423585798000033
2.732677552000041
4.228011401999993
3.206059999999979
7.631831985000076
7.974902218000011
3.904319607000048
0.8708039499999813
5.757451056000036
3.70227287199998
2.539694441000051
2.181701511000028
3.875875385999962
2.02331880600002
0.8818855649999477
3.283756710000034
4.364618592000056
2.578926384000056
7.866534126000033
2.865366688999984
3.748350708999851
2.476891489000081
2.999879471999975
4.04916944799993
5.032943226000043
4.44654597900012
6.051588704000096
7.573777193000069
5.577009367000073
11.73388054099996
8.087892060000058
3.938584098999854
5.834173772999975
1.105872766999937
9.918191346999947
5.909516724000014
4.061537482999938
5.244696277000003
6.381590304999918
8.162073516999953
3.517232005999858
3.250180238999974
7.08961409099993
3.679104356000153
8.170423359999859
4.079533561999824
3.110215177999862
12.54529299299998
6.384392943999956
3.860902844000066
1.772604027999932
3.357230238999819
7.905654056000003
2.429020550999667
9.894229695999911
3.396712387000207
4.269237291000081
5.035033188999932
4.242982117000338
3.865431961000013
1.706345800000236
1.468919435000316
1.182534900000064
2.555997743999797
5.442378244000338
6.227068188999965
5.042911311999887
1.996264157000041
6.372602186000222
4.229866029999812
4.871763908000048
4.25281645899986
2.656426904999989
2.020603130999916
2.917538143999991
1.258997800000088
1.069112399000005
3.358223794999958
0.454893569
8.645417891999998
1.960195650000003
2.814647015999995
5.113893766999979
2.10354747400001
2.414719638999998
4.110197534999998
9.706587511999999
8.106730137
4.129418328000042
3.394929873000024
7.052155219000042
1.370027209
5.261157003999983
1.98439992200008
7.433788689000039
6.556408669999996
2.830785165999941
4.651899587999992
2.665457253
7.680291924000016
8.015536386999997
6.23558812400006
8.51773198300009
11.44233126999995
1.644360859000017
2.396969762999788
6.765870704999998
8.250643073999981
5.442337507000047
9.179305106000129
2.433966173000044
3.551036113999999
1.814975329999925
8.234021018000021
8.343614702999957
9.584597877000078
11.60588344300004
10.3259054529999
11.28163352000001
5.024638004000053
1.704850385999862
5.017328240000097
3.376671632999887
8.66858966399991
7.100923866999892
9.959197410000115
15.50507445500011
4.792960738999909
4.138970919999792
2.89623040000015
6.805217020999862
1.657437859999845
10.24128323200011
10.49593979499969
5.057420695000019
3.204245318000176
3.399329288999979
2.945333133999611
7.795881371000178
5.962401973000397
9.023184894000224
2.419641101999787
13.46135364099973
5.632742963000055
6.395155305000117
8.738079952000135
11.08573090800019
2.159392402999856
13.81488647300012
8.974184417999822
8.07586739899989
11.02697072300043
10.84374753800012
9.124221423000108
3.795330006999848
8.48833562200025
7.616241316000014
5.811764180999944
7.214385658999618
9.988082106999627
6.119702059000247
5.487707980000323
9.30669965099969
7.981185049000032
5.277593426999829
11.51267695900015
4.711407153999971
4.580989472000056
3.81150494800022
3.328421013000025
0.9796340570001121
7.505023155999879
8.23489010000003
8.365918521000367
6.378103020999788
2.807686622999881
5.392255885000395
0.448622694
16.067804146
10.77759782
10.38983347799999
9.551023369000006
6.54961205699999
10.80124773700004
7.961577560000023
7.035010266000029
12.95363379500003
5.516067614999997
4.849151988000017
8.57258023899999
5.31153287199993
5.294129034000093
5.985486601000048
6.319319203999953
8.043088195999985
7.100833160000093
4.193743919000099
11.49472969299995
8.216123389999893
5.109418130999984
8.773581480999837
3.904818866999904
13.82939093599998
7.851653482000074
11.89762682799983
138.628971204
52.08133335699995
19.58614990200022
18.21143940399998
11.38939880499947
3.028196369000398
10.01604029600003
13.55303499999991
14.07676332399933
23.67026123899996
11.12351740699978
10.45972554800028
6.135222581000562
12.12482320599975
11.48874178300048
5.97775948799972
12.99788087800061
10.44365462099995
15.65356310799962
10.25902686399968
5.014705357999446
17.83605718499985
4.631831962000433
9.512516517999757
1.900517279000269
11.34199499999977
14.27167891499994
6.896052418999716
7.776144254999963
10.33987386400077
14.92836731500029
11.66587209499994
8.540589019000436
9.136343645000125
10.94020420099969
9.202316214999883
15.32339290800064
9.266432297000392
10.94104491399958
8.369573582000157
4.803675488000408
6.436861633999797
5.369760593000137
4.257040674000564
10.82644483700005
4.423545879999438
5.559833233000063
9.051908157000071
3.305414886999642
12.53750450500047
12.41556501499963
5.54597137699966
16.79264753400003
17.44445410299886
3.670489337000618
11.31656329399993
5.882239032000143
13.69922288099951
12.43475970500003
10.90089326299858
5.134605717999875
7.095389735999561
12.89583802699963
7.938495787999273
2.679271793000225
3.547074747999432
10.87934222399963
8.711154767001062
11.57367838000027
7.915950636001071
4.000820924000436
0.45513474
7.490026045999997
6.858400004999993
12.44239910499999
9.360048029000012
1.798941299000006
7.338695206000011
10.88742343400003
8.958409628000027
11.63997216500002
10.464451489
17.538325708
13.337786865
10.443538246
13.49774235300004
4.884195071000022
8.744070885000042
12.213624256
7.470756686000072
14.02432350399999
11.12077445299997
5.900151348000009
10.52434544099992
4.14108847600005
2.192852578999918
15.02319272199998
12.61390147199995
10.99554563800007
13.60586863499998
4.543485016999966
5.880956967999964
5.061325033000003
3.192751543999975
4.534599803999981
10.22488053400002
9.621472340999844
6.490361786999983
12.9011413579999
8.890678521000154
5.389687740999989
6.813394119000122
7.280925177999961
7.535264530999939
8.406927363999785
10.65936280899996
4.474826251000195
8.202999421999721
9.080871718999788
19.09184119699967
2.753081381999891
7.020947409999735
12.06103201699989
4.228507097000147
10.13888964500029
11.10860890399999
7.683561599999848
12.20328837999978
12.02342150100003
11.23893893500008
12.05801400599967
13.3948548999997
5.157842229999915
11.60244289699995
1.690093150999928
6.741953664999983
17.45253373700007
10.39202443699969
14.63076123200017
9.814741346000119
8.088969970000107
3.024216752000029
6.672487736999756
7.849552532999951
6.160542112000257
4.35388415899979
8.765651245999834
4.243146784999681
2.736701959999664
5.656914725999741
10.88418683899999
6.323058658999798
14.01846485999977
12.37892365399966
15.20679236900014
6.267783407000024
8.196537896999871
6.28816482000002
10.10301112100024
3.733589399000266
13.84621801600042
7.216608312000062
4.446960833999583
10.76885991500058
12.03085139500035
2.753299321999293
11.45095528399997
10.5904499039998
15.53102303300057
11.08205639399966
0.453027897
3.966583659000001
8.817873442000007
10.620704733
13.052405945
5.53245892000001
3.892422291000003
9.581677274000015
8.847245067000017
7.925641460999998
11.78537786699997
6.637311296000007
1.822149166000031
3.303056544000015
15.95435641899996
14.71253799599992
10.46997380599998
5.149939917999973
13.71235903199999
5.039083399999981
7.655157316999976
4.759395231999861
14.22302800999978
5.260143600999982
6.193898755999953
8.170294444999854
7.665727865999997
2.840170972999886
8.613707017000024
9.645448054000099
1.770371996999984
9.261030712000093
9.084644321000042
8.011272300000201
17.03173141599996
14.55101091400002
3.930356519000043
11.13541039500001
12.0060970049999
13.2380672270001
10.88298848399995
12.85432286200012
13.93350898799963
19.47601461500017
10.2295561789997
4.503885972999797
15.42550376899999
14.42430421099971
6.030230348000259
14.05753243100025
16.41241955399983
6.016340917999969
4.783328943000015
10.07298032800009
11.96066040400001
4.690513524999915
13.43161129999999
14.91841551200014
6.076939992999996
9.04897601499988
7.318174138000359
9.488115841999843
12.99673134099976
9.570115418999649
4.472888902999784
11.32578054299984
16.44113853999988
2.405725852999694
10.50064332700003
10.92562970900008
3.849835331000122
9.414476771999944
5.795081077000305
3.251593066000169
8.826980314000139
11.53800436899974
3.271161493000363
2.796451074999823
9.408895122000104
10.54205160999982
11.78802240599998
12.21687851299976
7.251499600999523
13.79877142299938
19.82410392999918
11.03345091999927
4.226156699000057
16.36552668599961
6.552345764000165
7.346147805999863
5.026825764000023
17.78352332799932
15.51590454399957
4.474704263999229
7.892353448000904
5.265982617000191
10.11823675899996
16.81841670100039
6.968388689000676
0.452530678
12.083842724
4.582275530999993
12.28583847199999
7.441035185000004
8.79140077400001
10.08571891399998
1.723499174999972
10.24624604100001
4.145127983999998
2.125710483999967
7.757416854999974
22.63136925100002
2.723392456000056
14.40841736899995
6.860257531999991
6.20999003999998
9.210168764000059
14.06082330499999
6.916775277999932
5.81732113399994
10.25598841299984
21.18451766699991
8.495462958999951
5.72419436500013
6.594784075999996
9.925294762000021
5.026165767999828
7.63081972100008
1.062268965000158
4.68281741099986
11.6575444990001
14.48839799699999
4.86260503099993
12.33779584500007
4.592454618999909
8.51151810600004
5.456173236000041
17.44609734300002
10.01912303999984
11.03375732599989
6.219016019999799
2.926967006999803
5.471854378999979
14.04316758999994
12.06224240699976
3.548250116000418
10.28566699699968
10.50766661800026
6.404238079000152
5.344354053000188
4.936369285000183
9.276330504000271
14.75713466699972
8.327146783999979
4.497799948999727
5.74353808800015
13.31097538199992
4.270472210000207
10.97353713300026
13.3380382119999
14.92732465300014
11.70908345499993
3.939038033000088
5.25679037000009
4.668196713999805
14.10398133299987
10.81693293800026
3.518774912000026
8.64384606700014
8.768564469000012
11.83846488600011
13.74627422100002
5.54683431300009
7.941490694000095
6.196284809999725
10.45514419300025
7.889687905999835
1.860300532999645
2.869775672999822
9.233001909999984
1.923373813999206
12.16050014800021
7.770512043000053
3.586056335000649
9.761751019000258
10.43977030099995
10.87791545599976
13.09345319299973
5.268540361000305
7.748712616000375
2.898978700999578
7.813843728999927
4.389803371999733
6.802932198000235
13.57282123000005
13.11407007399976
13.52283199299927
13.21124930900078
