0.03234100341796875
0.008965969085693359
0.009172916412353516
0.01333999633789062
0.01859188079833984
0.2297701835632324
0.01183891296386719
0.02824521064758301
0.02685689926147461
0.002584695816040039
0.03272795677185059
4.466890811920166
0.05636191368103027
0.01475191116333008
0.1431725025177002
0.4186406135559082
0.5337450504302979
0.002831697463989258
0.1105389595031738
0.03277921676635742
0.1032800674438477
0.01147294044494629
0.1181647777557373
0.01337003707885742
0.008582830429077148
0.01541924476623535
0.5875921249389648
0.07104086875915527
0.00861811637878418
0.263270378112793
0.1707353591918945
0.004330158233642578
0.2583451271057129
0.1802127361297607
0.01675009727478027
0.5567874908447266
0.02217435836791992
0.003347635269165039
0.03623580932617188
0.2955200672149658
0.1526286602020264
0.02112603187561035
0.0683748722076416
0.01899147033691406
0.006658554077148438
0.03262948989868164
0.006969690322875977
0.3614449501037598
0.003896713256835938
0.003970146179199219
0.02902126312255859
0.01892948150634766
0.002745151519775391
0.01285624504089355
0.3829512596130371
0.009315013885498047
0.1875495910644531
0.003363847732543945
0.01978635787963867
0.03308749198913574
0.02948188781738281
0.01801395416259766
0.07520246505737305
0.4288642406463623
0.02481245994567871
0.005122661590576172
0.004467964172363281
1.301123857498169
0.02706074714660645
0.004965782165527344
0.08775424957275391
2.560223817825317
0.006572484970092773
0.5283360481262207
0.02541613578796387
0.04058241844177246
0.1605253219604492
0.0114901065826416
0.1538019180297852
0.0062103271484375
0.05167126655578613
0.005875825881958008
0.0258631706237793
0.0446324348449707
0.006258249282836914
0.05999350547790527
0.160163402557373
0.01295208930969238
0.01166105270385742
0.009932756423950195
0.1104741096496582
0.006080150604248047
0.007634878158569336
0.01079034805297852
0.4771289825439453
0.01821327209472656
0.009247303009033203
0.01138091087341309
0.210186243057251
0.04539227485656738
0.007579803466796875
0.02073812484741211
0.02166604995727539
0.3738281726837158
0.1995112895965576
0.009238958358764648
0.2228474617004395
1.311991453170776
0.02625083923339844
0.03920483589172363
0.00728297233581543
0.1483438014984131
0.04925298690795898
0.1667273044586182
0.1312050819396973
0.3319506645202637
0.08178019523620605
0.02440595626831055
0.1079394817352295
0.1106095314025879
0.04016733169555664
0.2321619987487793
0.006229162216186523
3.674322366714478
0.4600367546081543
0.2034966945648193
0.1603848934173584
0.2047793865203857
0.0279090404510498
0.0077362060546875
0.0343940258026123
0.1347129344940186
0.01271343231201172
0.1718928813934326
0.2568531036376953
0.2064869403839111
0.01039624214172363
0.006219387054443359
0.06817269325256348
0.01927042007446289
0.01782464981079102
2.07195782661438
0.02806496620178223
0.006724834442138672
2.35588526725769
0.02807378768920898
0.008352756500244141
0.9323904514312744
2.492485523223877
0.01102519035339355
0.1409821510314941
0.1656022071838379
0.02860355377197266
0.7418205738067627
0.007409095764160156
0.006493091583251953
1.589358806610107
0.008720874786376953
0.3606736660003662
0.0137021541595459
0.2428195476531982
0.007836103439331055
0.07923769950866699
0.01663064956665039
0.01062107086181641
0.006608247756958008
0.01228237152099609
0.1066272258758545
0.2040300369262695
0.01148104667663574
0.1096651554107666
0.3772201538085938
0.3930356502532959
0.2161281108856201
0.006326198577880859
0.2510168552398682
0.1465182304382324
1.001944065093994
0.5440361499786377
0.3363757133483887
0.04723620414733887
0.08203434944152832
0.6140928268432617
0.07330942153930664
0.07490181922912598
0.006342172622680664
0.006367683410644531
0.00764012336730957
0.0136868953704834
0.0114901065826416
0.007560968399047852
0.02218341827392578
0.4733014106750488
0.02366185188293457
0.008039236068725586
0.06272029876708984
0.00739598274230957
0.006969213485717773
0.006037712097167969
0.1627950668334961
0.006954193115234375
0.4733221530914307
0.007061243057250977
0.1919257640838623
0.01038312911987305
0.007281064987182617
0.2215774059295654
0.007990598678588867
0.08011007308959961
0.009565591812133789
0.007580041885375977
0.07085394859313965
2.980412721633911
0.8877151012420654
0.2604224681854248
0.01626181602478027
4.602740049362183
0.1955995559692383
0.05349969863891602
0.1802339553833008
0.9776096343994141
0.01096439361572266
0.009026527404785156
0.007116317749023438
0.04189014434814453
0.09688925743103027
0.8251979351043701
0.8794381618499756
0.187028169631958
0.005783557891845703
0.008010625839233398
0.3476035594940186
0.1031103134155273
0.010498046875
0.3449802398681641
0.2722930908203125
0.09786391258239746
0.01319980621337891
0.01181125640869141
0.005167961120605469
0.08075261116027832
0.04204559326171875
0.01843929290771484
0.01053905487060547
0.5554354190826416
0.006221532821655273
0.007185220718383789
0.7117030620574951
1.058694839477539
0.009516477584838867
0.03514289855957031
0.5148601531982422
0.02296209335327148
0.01262807846069336
0.01169753074645996
0.1776728630065918
0.006232738494873047
0.005222558975219727
0.01919674873352051
0.1253964900970459
0.007892847061157227
0.01541948318481445
0.8516390323638916
0.005499839782714844
0.04090094566345215
0.06649231910705566
0.1136970520019531
0.04911279678344727
0.2237908840179443
0.01169729232788086
0.009392738342285156
0.007997512817382812
0.1397063732147217
0.009412765502929688
0.119335412979126
0.007875680923461914
0.6150450706481934
0.1160266399383545
0.1451315879821777
0.2202200889587402
0.01616144180297852
0.4994363784790039
0.04134130477905273
0.08594322204589844
0.0589447021484375
0.01409721374511719
0.08340835571289062
0.1040945053100586
0.008214950561523438
0.008304119110107422
0.04858303070068359
0.09413695335388184
0.01109910011291504
0.02269577980041504
0.01209330558776855
0.01105022430419922
0.1828207969665527
0.1240003108978271
0.01267623901367188
0.01375174522399902
0.5495400428771973
0.01189327239990234
0.009066104888916016
0.007104873657226562
0.1010725498199463
0.09859299659729004
0.005187273025512695
0.02747750282287598
0.05300474166870117
0.08846139907836914
0.006461143493652344
0.02234840393066406
0.2298281192779541
0.06515645980834961
0.05594205856323242
0.007500171661376953
0.07123804092407227
0.008265256881713867
0.1114552021026611
0.02102398872375488
0.05449342727661133
0.007271766662597656
0.03557848930358887
0.0115504264831543
0.205439567565918
0.005002498626708984
1.189887523651123
0.01187324523925781
0.0573880672454834
0.01072907447814941
0.01729202270507812
0.1759998798370361
0.007629156112670898
0.1757965087890625
0.00714421272277832
0.02429318428039551
0.0991673469543457
0.08975028991699219
0.1597435474395752
0.02837729454040527
0.006543159484863281
0.007519245147705078
0.005486726760864258
0.007034778594970703
0.1127371788024902
0.1714577674865723
0.005897998809814453
0.006826877593994141
0.008192062377929688
0.006287097930908203
0.04694223403930664
0.006474494934082031
0.01257014274597168
0.01111912727355957
0.1376771926879883
0.0203251838684082
0.1153578758239746
0.1525852680206299
0.01897120475769043
0.1339976787567139
0.00609588623046875
0.008210897445678711
0.8512008190155029
0.2137725353240967
0.01192688941955566
0.2739598751068115
0.1243364810943604
0.00766301155090332
0.006370067596435547
0.05054354667663574
0.04239892959594727
0.05592775344848633
0.232119083404541
0.1090841293334961
0.007941722869873047
0.007943868637084961
0.1302001476287842
0.0126492977142334
0.1734786033630371
0.01859378814697266
0.03770875930786133
0.0105898380279541
0.007637739181518555
0.172050952911377
0.006053924560546875
0.007269859313964844
0.01836872100830078
0.06462478637695312
0.3892343044281006
0.0431816577911377
0.006787776947021484
0.0105433464050293
0.05677914619445801
0.01707053184509277
0.01646733283996582
0.06952118873596191
0.3534526824951172
0.0101017951965332
0.006941080093383789
0.2115447521209717
0.006113052368164062
0.01113486289978027
0.0125882625579834
0.180614709854126
0.007275104522705078
0.008450746536254883
0.03653120994567871
0.1745433807373047
0.07140636444091797
0.1156454086303711
0.007338285446166992
0.006250143051147461
0.1704566478729248
0.2124843597412109
0.04008984565734863
0.02693939208984375
0.08879566192626953
0.05983161926269531
0.08553886413574219
0.007410764694213867
0.03401374816894531
0.006583929061889648
0.0284886360168457
0.3119540214538574
0.09645485877990723
0.04366374015808105
0.1158156394958496
0.008826255798339844
1.603792428970337
0.0358588695526123
0.7889723777770996
0.009404897689819336
0.006747961044311523
0.01083540916442871
0.4242322444915771
0.09174656867980957
0.01232814788818359
0.2560718059539795
0.2089982032775879
0.00927281379699707
0.07908749580383301
0.009767293930053711
0.360891580581665
0.322939395904541
0.02696990966796875
0.07560110092163086
0.0448307991027832
0.02943181991577148
0.008128643035888672
0.02469515800476074
0.01050353050231934
0.01941919326782227
0.01202678680419922
0.6313705444335938
0.6309261322021484
0.02066874504089355
0.4755175113677979
0.01561069488525391
0.1122360229492188
0.1752269268035889
0.05252909660339355
0.01278400421142578
0.03143930435180664
0.0199425220489502
0.1127486228942871
0.01347136497497559
0.005706787109375
0.6101601123809814
0.00601649284362793
1.030282020568848
0.228431224822998
0.07360100746154785
0.3785760402679443
0.01308965682983398
0.4201118946075439
0.3408615589141846
1.610930204391479
0.03316783905029297
0.008255958557128906
0.01044178009033203
0.06395292282104492
0.007334232330322266
0.008500576019287109
0.01521420478820801
0.009685277938842773
0.01213884353637695
0.006750822067260742
0.4320533275604248
0.3531992435455322
0.01025915145874023
0.5258927345275879
0.1107442378997803
0.007890224456787109
1.392535924911499
0.1970031261444092
0.005652427673339844
0.1677327156066895
0.2122275829315186
0.007277488708496094
0.1573729515075684
0.006559848785400391
0.06932735443115234
0.1219642162322998
0.1429708003997803
0.008245944976806641
0.0123286247253418
0.3615858554840088
0.09825754165649414
0.02051544189453125
0.007686614990234375
0.1452155113220215
0.008640289306640625
0.01311707496643066
0.07504749298095703
0.1636807918548584
0.2904725074768066
0.1086466312408447
0.3439469337463379
0.08289313316345215
0.006587743759155273
0.01170897483825684
0.03348684310913086
0.3688538074493408
0.2065255641937256
0.01288151741027832
0.005728960037231445
0.3506476879119873
0.1122109889984131
0.01143312454223633
0.02588462829589844
0.01909708976745605
0.1117944717407227
0.340578556060791
0.007456064224243164
0.2364168167114258
0.0816187858581543
1.065603494644165
0.5121157169342041
0.3510384559631348
0.08321309089660645
0.1319711208343506
0.008652687072753906
0.3769364356994629
0.02799224853515625
0.01531505584716797
0.01181936264038086
0.144766092300415
0.2846078872680664
0.1615259647369385
0.08651900291442871
0.1135339736938477
0.1601147651672363
0.01203441619873047
0.006352901458740234
0.416006326675415
0.01369404792785645
0.03352999687194824
0.206981897354126
0.005344629287719727
0.09123110771179199
0.009821414947509766
0.4768538475036621
0.005604743957519531
0.02480673789978027
0.6158840656280518
0.008301973342895508
0.1777901649475098
0.01854205131530762
0.03776264190673828
0.1861231327056885
0.4183251857757568
0.012451171875
0.009164094924926758
0.03329896926879883
0.01266002655029297
0.01119136810302734
0.394528865814209
0.0627739429473877
0.008341312408447266
0.44854736328125
0.3250298500061035
0.1908299922943115
0.4025695323944092
0.006037712097167969
0.01328063011169434
0.01196599006652832
0.01042008399963379
0.1452460289001465
0.1720139980316162
0.1413073539733887
0.5416204929351807
0.008698940277099609
0.3792605400085449
0.05622434616088867
0.1262547969818115
0.01134371757507324
0.01165580749511719
0.007858991622924805
0.06292033195495605
0.02051568031311035
0.008481740951538086
0.1768622398376465
0.009456634521484375
0.06450796127319336
0.1541805267333984
0.005909442901611328
0.01604676246643066
0.1098442077636719
0.007852315902709961
0.02741742134094238
0.01372289657592773
0.2951221466064453
0.0528566837310791
0.03299331665039062
0.005171060562133789
0.06149601936340332
0.00719141960144043
0.00753021240234375
0.06165218353271484
0.01878690719604492
0.5698926448822021
0.004641532897949219
0.005909919738769531
0.4271876811981201
0.2643890380859375
0.1160309314727783
0.04803586006164551
0.07412314414978027
0.6878116130828857
0.007317066192626953
0.007306814193725586
0.005856513977050781
0.4662051200866699
0.007274150848388672
0.01322507858276367
0.006571531295776367
0.3452153205871582
0.00769495964050293
0.1782388687133789
0.1825649738311768
0.9193811416625977
0.004914760589599609
0.1836600303649902
0.007687807083129883
0.005772590637207031
0.01252985000610352
0.2243087291717529
0.008882999420166016
0.008391618728637695
0.1195604801177979
0.005825042724609375
0.04915237426757812
0.008087396621704102
0.3085827827453613
0.03186798095703125
0.07231712341308594
0.3819811344146729
0.4192080497741699
0.2213048934936523
0.04751682281494141
1.394983768463135
0.5466232299804688
0.00499725341796875
0.005677938461303711
0.006566047668457031
0.2651517391204834
0.007738351821899414
0.008254766464233398
0.04271841049194336
0.2020401954650879
0.01059627532958984
0.134289026260376
0.04393911361694336
0.1115274429321289
0.06757688522338867
0.1186563968658447
0.01384806632995605
0.00728607177734375
0.02984285354614258
0.006670951843261719
0.006263971328735352
0.2372291088104248
0.006708145141601562
0.009275436401367188
0.09777188301086426
0.4869949817657471
0.007773160934448242
0.364466667175293
0.03754448890686035
0.006937742233276367
0.3086447715759277
0.01044940948486328
0.005964279174804688
0.2139322757720947
0.3449468612670898
0.01573777198791504
0.3723673820495605
0.05513286590576172
0.8571743965148926
0.03730344772338867
0.23073410987854
0.0922858715057373
0.1918120384216309
1.672424793243408
0.008747577667236328
0.1426765918731689
0.005350828170776367
0.03199672698974609
0.5897150039672852
0.2513682842254639
0.006589651107788086
0.0127408504486084
0.2422258853912354
0.0694577693939209
0.1581451892852783
0.007314205169677734
0.2377901077270508
0.01161909103393555
0.03382158279418945
0.05738353729248047
0.589693546295166
0.1088817119598389
0.01162934303283691
0.02616190910339355
0.1224954128265381
0.008243083953857422
0.01181888580322266
0.8374941349029541
0.1518411636352539
0.008335590362548828
0.3926336765289307
0.0749814510345459
0.07973432540893555
0.009151458740234375
0.006724834442138672
0.02003169059753418
0.1210896968841553
0.1050155162811279
0.01202201843261719
0.05027627944946289
0.2078917026519775
0.1507763862609863
0.1975131034851074
0.06959772109985352
0.2208948135375977
0.08397340774536133
0.06357407569885254
0.01047015190124512
0.3475809097290039
0.009281396865844727
0.06681132316589355
0.01347708702087402
0.005934238433837891
0.2889540195465088
0.008697271347045898
0.0346062183380127
0.01345086097717285
0.01303243637084961
0.005238771438598633
0.007880210876464844
0.2317955493927002
0.0145270824432373
0.04061150550842285
0.03811264038085938
0.01726174354553223
0.02855277061462402
0.05226802825927734
0.118976354598999
0.006720304489135742
0.006197214126586914
0.00764918327331543
0.03368163108825684
0.04084157943725586
0.007468461990356445
0.006178140640258789
0.1498942375183105
0.008391618728637695
0.01096749305725098
0.007562160491943359
0.01359772682189941
0.005899667739868164
0.01544570922851562
0.005295038223266602
0.03818559646606445
0.03946280479431152
0.007409572601318359
0.02782583236694336
0.2033603191375732
0.01229238510131836
0.3530261516571045
0.006951332092285156
0.006872892379760742
0.2277317047119141
0.005125999450683594
0.007004499435424805
0.1011388301849365
0.00709843635559082
0.07889819145202637
0.0111241340637207
0.1328301429748535
0.01839780807495117
0.01740837097167969
0.0531773567199707
0.007180213928222656
0.180877685546875
0.199608325958252
0.01026010513305664
0.01792597770690918
0.006684780120849609
0.008380413055419922
0.01046967506408691
0.01013326644897461
0.01172733306884766
0.4054028987884521
0.03849029541015625
0.008077144622802734
0.12847900390625
0.00890803337097168
0.05439043045043945
0.152963399887085
0.01042032241821289
0.01887273788452148
0.1260983943939209
0.006591081619262695
0.1014969348907471
0.008245944976806641
0.04346013069152832
0.1168887615203857
0.8570065498352051
0.3261444568634033
0.04934859275817871
0.01405978202819824
0.04427218437194824
0.01784849166870117
0.0283656120300293
0.006145238876342773
0.00505828857421875
0.4286942481994629
0.1036343574523926
0.04540753364562988
0.00516819953918457
0.0341801643371582
0.1745398044586182
0.2070431709289551
0.1236343383789062
0.01655960083007812
0.01182866096496582
1.024574279785156
0.2799580097198486
0.01191329956054688
0.01459503173828125
0.3091475963592529
0.1201210021972656
0.006254196166992188
0.09576702117919922
0.005074977874755859
0.01809000968933105
0.005507230758666992
0.01240420341491699
0.008614778518676758
0.1114284992218018
0.01792359352111816
0.3984911441802979
0.2340407371520996
0.005835056304931641
0.4940023422241211
1.216434240341187
0.1370079517364502
0.0318603515625
0.2075762748718262
0.1667964458465576
0.008063316345214844
0.1904215812683105
0.05961322784423828
0.04302597045898438
0.0087738037109375
0.1591715812683105
2.850062847137451
0.01263070106506348
0.007299900054931641
0.04985857009887695
0.006829500198364258
0.275402307510376
0.006862163543701172
0.1719496250152588
0.005249977111816406
0.47235107421875
0.1036782264709473
1.117323160171509
0.00803375244140625
0.4946708679199219
0.007905960083007812
0.07984328269958496
0.6581084728240967
0.6744399070739746
0.007841110229492188
0.5702610015869141
0.007482767105102539
0.2245771884918213
0.01096439361572266
0.1293594837188721
0.009174108505249023
0.3015937805175781
0.3681349754333496
0.006713628768920898
0.03152322769165039
0.6087203025817871
0.005458831787109375
0.07792878150939941
0.2014806270599365
0.005662918090820312
0.1403565406799316
0.01138472557067871
0.372143030166626
0.8858318328857422
0.1188695430755615
0.01418185234069824
0.07805395126342773
0.07728123664855957
0.0178680419921875
0.141554594039917
0.01095080375671387
0.05203104019165039
0.2863469123840332
0.2544333934783936
0.00481414794921875
0.03125214576721191
0.006499290466308594
0.03783917427062988
0.7841434478759766
0.009150981903076172
0.02972173690795898
0.006415367126464844
0.1446454524993896
0.01261711120605469
0.03119087219238281
0.05821609497070312
0.2320210933685303
0.7166640758514404
0.008789777755737305
0.1427655220031738
0.009356021881103516
0.01748442649841309
0.005280017852783203
1.384783029556274
0.1522312164306641
0.1404261589050293
0.004908323287963867
0.008941173553466797
0.008144855499267578
0.2346467971801758
0.1874704360961914
0.01102304458618164
0.6263213157653809
0.1370449066162109
0.009576797485351562
0.01808810234069824
3.029024600982666
0.1140403747558594
0.03852725028991699
0.006657838821411133
0.7245001792907715
0.6766183376312256
0.04079794883728027
0.02165460586547852
1.253993034362793
0.06081867218017578
0.008994817733764648
0.07061910629272461
0.07582879066467285
0.0340418815612793
0.1589415073394775
0.09297704696655273
0.09878277778625488
0.01643252372741699
0.04764890670776367
0.004724740982055664
0.524613618850708
0.07651877403259277
0.1528010368347168
0.2164995670318604
0.008628368377685547
0.006266117095947266
0.05812454223632812
0.008903980255126953
0.006250858306884766
0.9205334186553955
0.1338934898376465
0.6058166027069092
0.006085872650146484
0.2211358547210693
0.02548003196716309
0.006449699401855469
0.008046388626098633
0.06687021255493164
0.01585912704467773
0.009180784225463867
0.0136570930480957
0.007671117782592773
0.01254653930664062
0.006355762481689453
0.006688833236694336
0.006654024124145508
0.1758947372436523
0.2651746273040771
0.007793188095092773
0.2006158828735352
0.03622913360595703
0.006942987442016602
0.2438080310821533
0.01705431938171387
0.009392499923706055
0.2704510688781738
0.008725643157958984
0.0564427375793457
0.03362774848937988
0.2347612380981445
0.01597428321838379
0.00804448127746582
0.1231653690338135
0.008361577987670898
0.2493808269500732
0.0107109546661377
1.687506675720215
0.3726048469543457
0.6609644889831543
0.08341193199157715
0.008278131484985352
0.01110100746154785
0.1710047721862793
0.2879958152770996
0.01178646087646484
0.008919954299926758
0.4439454078674316
0.008470296859741211
0.005634069442749023
0.007914066314697266
0.01295065879821777
0.05898189544677734
0.01072144508361816
0.007081031799316406
0.01298713684082031
0.004230976104736328
0.1566076278686523
0.07185602188110352
0.005890130996704102
0.008320093154907227
0.05224204063415527
0.07610630989074707
0.1063668727874756
0.3234837055206299
0.006345748901367188
0.005934238433837891
0.007376194000244141
1.256289005279541
0.009397983551025391
0.05364012718200684
0.05417609214782715
0.4019124507904053
0.215808629989624
0.01162123680114746
0.1228294372558594
0.05137228965759277
0.008437633514404297
0.2263216972351074
0.04814505577087402
0.00775599479675293
0.02753996849060059
0.5150325298309326
0.07831239700317383
0.00626373291015625
0.01208043098449707
0.2933893203735352
0.01029586791992188
0.05557394027709961
0.01150870323181152
0.1457130908966064
0.02595424652099609
0.008852243423461914
0.1373181343078613
0.007796049118041992
0.008434534072875977
0.01420092582702637
0.1499290466308594
0.007029056549072266
0.1346368789672852
0.9036750793457031
0.1892910003662109
0.005541324615478516
0.008501291275024414
0.01545381546020508
0.005794286727905273
0.03371095657348633
0.7617723941802979
0.005889892578125
0.005342006683349609
0.06362700462341309
0.008272886276245117
0.2669239044189453
0.01296806335449219
2.516968727111816
0.007697820663452148
0.04322195053100586
0.0963747501373291
0.01270008087158203
0.01782488822937012
0.03531503677368164
0.01558995246887207
0.01066303253173828
0.008065462112426758
0.0128788948059082
0.00917816162109375
0.2348761558532715
0.4871590137481689
0.0114588737487793
0.2242820262908936
0.01207900047302246
0.135683536529541
0.2355353832244873
0.272712230682373
0.009429931640625
0.007871866226196289
0.103522777557373
0.006064414978027344
0.05003213882446289
0.0333712100982666
0.01089382171630859
0.006348371505737305
0.03869891166687012
0.1641747951507568
0.2521159648895264
0.09775066375732422
0.07208728790283203
0.05421304702758789
0.01460170745849609
0.009037017822265625
0.01917099952697754
0.03278326988220215
0.1353003978729248
0.7258708477020264
0.255734920501709
0.007349967956542969
0.01648426055908203
0.01185202598571777
0.3850021362304688
0.6492359638214111
0.3499276638031006
0.2031888961791992
0.006290197372436523
0.4728226661682129
0.4072327613830566
0.09026527404785156
0.1620080471038818
0.3693881034851074
0.005993366241455078
0.006893396377563477
0.01808047294616699
0.06195974349975586
0.01946187019348145
0.005758762359619141
0.4510316848754883
0.04376506805419922
0.01695036888122559
0.5407342910766602
0.1666784286499023
0.009670019149780273
0.009282588958740234
0.3304104804992676
0.008325815200805664
3.46769380569458
0.01109004020690918
0.0248568058013916
0.08515763282775879
0.01134634017944336
0.01434326171875
0.5435681343078613
0.09760689735412598
0.0123438835144043
1.693403720855713
0.6785707473754883
0.01566863059997559
0.01169896125793457
0.006570577621459961
0.007779598236083984
0.008026838302612305
0.02730917930603027
0.6595046520233154
1.677149534225464
0.06190276145935059
0.9095289707183838
0.006510734558105469
0.1939232349395752
0.006485223770141602
0.01140618324279785
0.009468555450439453
0.1271791458129883
0.008509397506713867
0.007506847381591797
0.19820237159729
0.01470851898193359
0.574030876159668
0.007342100143432617
0.006724119186401367
0.04431772232055664
0.005939006805419922
0.006793022155761719
0.009647369384765625
0.05399489402770996
0.1950037479400635
0.0471346378326416
0.03986835479736328
1.094988346099854
0.006734848022460938
0.02115893363952637
0.03268909454345703
0.4970312118530273
0.02091741561889648
0.1758298873901367
0.0276336669921875
0.004990577697753906
0.006399869918823242
0.1346461772918701
0.08581376075744629
0.1370370388031006
0.01283740997314453
0.05593514442443848
0.4481959342956543
0.4669368267059326
0.3367228507995605
0.006394147872924805
0.1662013530731201
0.009351968765258789
0.0554497241973877
0.5386507511138916
0.0119316577911377
0.01003408432006836
0.02012896537780762
0.9241042137145996
0.3657631874084473
0.2184889316558838
0.005628347396850586
0.007070779800415039
0.1304829120635986
0.01198863983154297
0.1029272079467773
0.05785608291625977
0.02830314636230469
0.01819753646850586
0.07542109489440918
0.03678750991821289
0.0627753734588623
0.007544755935668945
0.005480289459228516
0.01674151420593262
0.005992889404296875
0.00606226921081543
0.03783988952636719
0.009611845016479492
0.1486325263977051
0.1006326675415039
0.01452183723449707
0.02344417572021484
0.007390499114990234
0.5042645931243896
0.01982021331787109
0.7571427822113037
0.01035499572753906
0.006049156188964844
0.01847076416015625
0.06706881523132324
0.006056070327758789
0.0125267505645752
0.01079893112182617
0.007251977920532227
0.1686594486236572
0.008303642272949219
1.010030031204224
0.01241707801818848
0.7477250099182129
0.01840925216674805
0.0357811450958252
0.0355384349822998
0.2180001735687256
0.01256299018859863
0.4280307292938232
0.005436182022094727
0.005762577056884766
1.050683736801147
0.008149147033691406
0.02311968803405762
0.1213521957397461
0.01372694969177246
0.0155181884765625
0.0351417064666748
0.03074860572814941
0.05326485633850098
0.4906373023986816
0.3971009254455566
0.3956232070922852
0.008382797241210938
0.04245615005493164
0.04914402961730957
0.007350921630859375
0.1665453910827637
0.007875919342041016
0.01042652130126953
0.08491277694702148
0.01160430908203125
0.009264230728149414
0.09683966636657715
0.1991751194000244
0.006952762603759766
0.2571377754211426
0.09544587135314941
0.01890683174133301
0.009587526321411133
0.01373958587646484
0.1209425926208496
0.01496577262878418
0.08758378028869629
0.04071950912475586
0.01186418533325195
0.05055451393127441
0.02724313735961914
0.0912330150604248
0.0195457935333252
0.005637168884277344
0.2583823204040527
0.02224826812744141
0.005624294281005859
0.6865558624267578
0.05605697631835938
0.01045465469360352
0.01357030868530273
0.006217479705810547
0.1204743385314941
0.110379695892334
0.0102686882019043
0.02391195297241211
0.00778651237487793
0.007762908935546875
0.01691126823425293
0.01192998886108398
0.007556915283203125
0.09904813766479492
0.007452487945556641
0.1097826957702637
0.3886358737945557
0.0389866828918457
0.01237368583679199
0.005872488021850586
0.1465861797332764
0.2841801643371582
0.03781366348266602
0.2053596973419189
0.02340221405029297
0.007293701171875
0.005865335464477539
0.05354452133178711
0.1991171836853027
1.345838308334351
0.0273137092590332
0.007299661636352539
0.007654190063476562
0.005974292755126953
0.007779836654663086
0.008670330047607422
0.01302957534790039
1.57802939414978
0.007057905197143555
0.006693601608276367
0.02289581298828125
0.008261442184448242
0.0118100643157959
0.657034158706665
0.1283388137817383
0.5169751644134521
0.2290849685668945
0.09167599678039551
0.005808115005493164
0.03823685646057129
0.03164482116699219
0.006346940994262695
0.00594019889831543
0.007056236267089844
0.01252031326293945
0.007686376571655273
0.114332914352417
0.2526841163635254
0.00762486457824707
0.01151514053344727
0.05417990684509277
0.008991479873657227
0.006806850433349609
0.008200883865356445
0.2180314064025879
0.07858514785766602
0.04942131042480469
0.005232810974121094
0.1372010707855225
0.007559061050415039
0.004690885543823242
0.008041620254516602
0.2648084163665771
0.1364843845367432
0.1595830917358398
0.00827789306640625
0.08508062362670898
0.1575098037719727
0.04001164436340332
0.0120995044708252
0.007348060607910156
0.101442813873291
0.02249312400817871
0.205876350402832
0.04665517807006836
0.0502779483795166
0.004891872406005859
1.656579732894897
0.04680085182189941
0.3066051006317139
1.147726774215698
0.009203672409057617
0.006735324859619141
0.4861283302307129
0.01331520080566406
0.1511740684509277
0.009787321090698242
0.2643446922302246
0.01236200332641602
0.01162505149841309
0.4626948833465576
0.005624771118164062
0.9900238513946533
0.00640106201171875
0.008166790008544922
0.01141548156738281
0.00649571418762207
0.01228237152099609
0.01187801361083984
0.01572179794311523
0.1341607570648193
0.009305953979492188
0.08836817741394043
0.3505525588989258
1.821552991867065
0.2687137126922607
0.1449811458587646
0.007834911346435547
0.02033638954162598
0.1227991580963135
0.282092809677124
0.01247167587280273
0.1650817394256592
0.08089518547058105
0.04679369926452637
0.01050662994384766
0.315258264541626
0.01871395111083984
0.008104085922241211
0.008401632308959961
0.1049909591674805
0.3854408264160156
0.006455421447753906
0.1921157836914062
0.3563542366027832
0.006434440612792969
0.07266831398010254
0.6809923648834229
0.009837627410888672
0.005781650543212891
0.0819549560546875
0.1220941543579102
0.007123947143554688
0.006992340087890625
0.007330894470214844
0.008682966232299805
0.01166391372680664
0.008062601089477539
0.4728500843048096
0.01147747039794922
0.00666499137878418
0.006753921508789062
0.01506805419921875
0.1759436130523682
0.05185866355895996
0.4885647296905518
0.007103919982910156
0.8106310367584229
0.008655071258544922
0.06021738052368164
0.06944918632507324
0.2017316818237305
0.009590387344360352
0.1651613712310791
0.004349946975708008
0.007181167602539062
0.005800724029541016
1.546022891998291
0.2935478687286377
0.1135060787200928
0.1371376514434814
0.1355199813842773
0.4970598220825195
0.126288890838623
0.1109409332275391
0.008123397827148438
0.007539987564086914
0.2599549293518066
0.01693439483642578
0.3083758354187012
0.1599693298339844
0.1870071887969971
0.007234573364257812
0.06362295150756836
0.009985923767089844
0.6899926662445068
0.0735468864440918
0.01667380332946777
2.322457313537598
1.11826491355896
0.05311107635498047
0.06973934173583984
0.1389546394348145
0.03400063514709473
0.110220193862915
0.01303577423095703
0.284315824508667
0.08751106262207031
0.008632898330688477
0.8170413970947266
0.1770079135894775
0.1742959022521973
0.06962895393371582
0.03227519989013672
0.7627170085906982
0.01939058303833008
0.1352097988128662
0.100102424621582
0.1067380905151367
1.682880163192749
0.129141092300415
0.02341699600219727
0.05364179611206055
0.02620506286621094
0.01151418685913086
0.007309913635253906
0.08083748817443848
0.009620904922485352
0.1538739204406738
0.007853984832763672
0.1045939922332764
0.1808879375457764
1.215317964553833
0.005858659744262695
0.01253700256347656
0.1051461696624756
0.08956527709960938
0.1319513320922852
0.01873350143432617
0.01213479042053223
0.005013465881347656
0.06815338134765625
0.004753828048706055
0.1318352222442627
0.5828299522399902
0.5378811359405518
0.01894021034240723
0.05999588966369629
0.04752588272094727
0.2560787200927734
0.03975367546081543
0.08441972732543945
0.01062202453613281
0.06473541259765625
0.1219518184661865
0.1895945072174072
0.02698874473571777
0.01981019973754883
0.06631684303283691
0.1547245979309082
0.007138252258300781
0.03497624397277832
0.01811671257019043
0.04270815849304199
0.01445722579956055
0.006500005722045898
0.009825706481933594
0.03986811637878418
0.004629850387573242
0.1552877426147461
0.3166182041168213
0.008096933364868164
0.0117957592010498
0.007964134216308594
0.3551757335662842
0.1193056106567383
0.01377010345458984
1.08673095703125
0.05286860466003418
0.1210513114929199
0.03144288063049316
0.2111198902130127
0.006885051727294922
0.04841113090515137
0.1373047828674316
0.007926225662231445
0.05010342597961426
0.006903409957885742
0.009188175201416016
0.02890992164611816
0.00671839714050293
0.1104228496551514
0.01645541191101074
0.01772570610046387
0.00965571403503418
0.01533389091491699
0.008320808410644531
0.4988691806793213
0.00748896598815918
0.1350500583648682
0.01139211654663086
0.03964757919311523
0.3703839778900146
0.2350821495056152
0.006999492645263672
0.05212974548339844
0.00510406494140625
0.004399776458740234
0.1423895359039307
0.2380046844482422
0.05175018310546875
0.005695819854736328
0.007410049438476562
0.01015639305114746
0.006463527679443359
0.05803680419921875
0.02994561195373535
0.2945864200592041
0.01758933067321777
0.1776394844055176
0.2467513084411621
0.006061315536499023
0.03726744651794434
0.213320255279541
0.08045554161071777
0.03153777122497559
0.004992961883544922
0.01168513298034668
0.1197960376739502
0.06567573547363281
0.006278753280639648
0.04721593856811523
0.008345842361450195
0.323138952255249
0.008370161056518555
0.01586294174194336
0.09260392189025879
0.5648119449615479
0.3648078441619873
0.01043248176574707
0.09847021102905273
0.06927251815795898
0.01272106170654297
0.04127335548400879
0.01975536346435547
0.05139493942260742
0.0121607780456543
0.1617918014526367
0.1206760406494141
0.1158277988433838
0.03261518478393555
0.6975650787353516
0.007614374160766602
0.1097762584686279
0.007143974304199219
0.0503242015838623
0.08397912979125977
0.04677700996398926
0.006392955780029297
0.01908993721008301
0.198317289352417
0.02744317054748535
0.006372451782226562
0.007427215576171875
0.0178520679473877
0.06293535232543945
0.07860779762268066
0.008070707321166992
0.1784615516662598
0.004803180694580078
0.2102530002593994
0.0106499195098877
0.5283815860748291
0.01102876663208008
0.01105403900146484
0.007983207702636719
0.006025075912475586
0.03625774383544922
0.01285243034362793
0.008944034576416016
0.006258249282836914
0.005639314651489258
0.009047508239746094
0.01186037063598633
0.04955816268920898
0.05162644386291504
0.005445718765258789
0.005983829498291016
0.1140644550323486
0.03349876403808594
0.007099628448486328
0.3114292621612549
0.2370059490203857
0.04459595680236816
0.04394292831420898
0.01290082931518555
0.07329201698303223
0.0354149341583252
0.01228809356689453
0.06227660179138184
0.1328167915344238
0.0226590633392334
0.1659626960754395
0.1720452308654785
0.7653465270996094
0.01261782646179199
0.06093859672546387
0.008095264434814453
0.175407886505127
0.03576779365539551
0.00767207145690918
0.007860660552978516
0.02235817909240723
0.1952352523803711
0.01360988616943359
0.1699113845825195
0.08052515983581543
0.5792117118835449
0.1479165554046631
0.008027553558349609
0.01213502883911133
0.01079940795898438
0.2570607662200928
0.008870363235473633
0.007227182388305664
0.009159326553344727
0.07933211326599121
0.1602733135223389
0.5403921604156494
0.007648944854736328
0.009939193725585938
0.005950450897216797
0.04426121711730957
0.132387638092041
0.02810001373291016
0.0482795238494873
0.171619176864624
0.03356480598449707
0.005208492279052734
0.01264429092407227
0.2333872318267822
0.09927511215209961
0.1741838455200195
0.00984954833984375
0.005888938903808594
1.330002546310425
0.007321834564208984
0.008051872253417969
0.1230428218841553
0.01118612289428711
0.01582193374633789
0.1491150856018066
0.1003420352935791
0.1023740768432617
0.02466607093811035
0.01335859298706055
0.5454146862030029
0.4988796710968018
0.09401202201843262
0.2046108245849609
0.09226322174072266
0.008967161178588867
0.01663613319396973
0.2473235130310059
0.008885383605957031
0.009737491607666016
0.009310245513916016
0.008363485336303711
0.009881734848022461
0.006369590759277344
0.01220798492431641
0.01998472213745117
0.02879905700683594
0.008851528167724609
0.1513230800628662
0.01246094703674316
0.006759166717529297
0.2167506217956543
0.01009821891784668
0.6056756973266602
0.5850052833557129
0.4156358242034912
0.1061258316040039
0.3854362964630127
0.01139616966247559
0.02963113784790039
0.725656270980835
0.06914114952087402
0.008630037307739258
0.04184389114379883
0.005971670150756836
0.1183187961578369
0.008241176605224609
0.01078009605407715
0.007127046585083008
0.01013517379760742
0.07523441314697266
0.01829886436462402
0.1404175758361816
0.03425788879394531
0.05260467529296875
0.01147031784057617
0.008284568786621094
1.773483037948608
0.00483250617980957
0.007129669189453125
0.04404044151306152
0.006742954254150391
0.01178741455078125
0.008111953735351562
0.008139371871948242
0.04420065879821777
0.6522104740142822
0.05156302452087402
0.1819117069244385
0.01163530349731445
0.01611232757568359
0.01198983192443848
0.008511543273925781
0.07307100296020508
0.005916357040405273
0.05158710479736328
0.004871129989624023
0.3411219120025635
0.1768798828125
0.01104879379272461
0.006549596786499023
0.2197847366333008
0.04535984992980957
0.01669144630432129
0.3591697216033936
0.4924819469451904
0.01290178298950195
0.2331168651580811
0.2063815593719482
0.1196515560150146
0.06628942489624023
0.2821450233459473
0.2201683521270752
0.007035017013549805
0.01018524169921875
0.006247758865356445
0.01021003723144531
1.066495180130005
0.2864851951599121
0.007650136947631836
0.1028330326080322
0.164893627166748
0.1396024227142334
0.009762287139892578
0.00507354736328125
0.08116555213928223
0.009360313415527344
0.01018738746643066
0.4018080234527588
0.03346753120422363
0.004931211471557617
0.0634453296661377
0.03264212608337402
0.007660865783691406
0.0307471752166748
0.005367040634155273
0.06819963455200195
0.08341550827026367
0.005788326263427734
0.3829672336578369
0.2108924388885498
0.06066989898681641
0.2441821098327637
0.006080150604248047
0.2017390727996826
0.2524702548980713
0.05919313430786133
0.1680116653442383
0.006366729736328125
0.1823713779449463
0.4111769199371338
0.04905343055725098
0.01186084747314453
0.00795292854309082
0.01172041893005371
0.008469104766845703
0.0117790699005127
0.2471966743469238
0.004725933074951172
0.006585836410522461
0.006642818450927734
0.04348301887512207
0.009720563888549805
0.1441736221313477
0.009143829345703125
0.4773776531219482
0.01002383232116699
0.0454246997833252
0.0170600414276123
0.8434977531433105
0.006028652191162109
0.009301424026489258
0.03790616989135742
0.009872198104858398
0.0077667236328125
0.03753924369812012
0.006681919097900391
0.01739311218261719
0.008490562438964844
0.02706575393676758
0.2371973991394043
0.1249563694000244
0.1429331302642822
0.01153111457824707
0.1496899127960205
0.7167775630950928
0.1522581577301025
0.007301568984985352
0.17313551902771
0.01794147491455078
0.01316213607788086
0.00970458984375
0.007978677749633789
0.1876101493835449
0.1257257461547852
0.4225389957427979
0.04509425163269043
0.06357121467590332
0.009505987167358398
0.03380537033081055
0.1337931156158447
0.1229300498962402
0.0115811824798584
0.1414361000061035
0.00536346435546875
0.3641862869262695
0.01214194297790527
0.007637739181518555
0.01310300827026367
0.005872011184692383
0.01764988899230957
0.006443977355957031
0.04153585433959961
0.01393985748291016
0.01068925857543945
0.01765966415405273
0.3744001388549805
0.07326388359069824
0.1672868728637695
0.005989313125610352
0.1122338771820068
0.007902383804321289
0.01792311668395996
0.8106570243835449
0.01249289512634277
0.008740901947021484
1.134565830230713
0.2868411540985107
0.1822433471679688
0.008156061172485352
0.446718692779541
0.1935110092163086
0.0648500919342041
0.008261203765869141
0.01803207397460938
0.3910555839538574
0.0066680908203125
0.01313996315002441
0.0269167423248291
0.008167028427124023
0.00635528564453125
0.006158351898193359
0.0334784984588623
0.1922862529754639
0.05343890190124512
0.04620218276977539
0.1826188564300537
0.05154585838317871
0.01174592971801758
0.01241922378540039
0.1237349510192871
0.1094968318939209
0.1124773025512695
0.01195025444030762
0.0148625373840332
0.007619857788085938
0.007163047790527344
0.5491499900817871
0.1853542327880859
0.2040755748748779
0.008081197738647461
0.01746678352355957
0.1954469680786133
0.02463293075561523
0.02766704559326172
0.1573209762573242
0.01585054397583008
0.6122090816497803
0.141618013381958
0.2972438335418701
0.01015329360961914
0.3459873199462891
0.2094590663909912
0.01283001899719238
0.005283594131469727
0.009241104125976562
0.01258993148803711
0.04407978057861328
0.008137941360473633
0.007558107376098633
0.07495975494384766
0.006567478179931641
0.2073273658752441
0.007646799087524414
0.2179110050201416
0.007526874542236328
0.02526187896728516
0.2328767776489258
0.007258892059326172
0.04308009147644043
0.1207599639892578
0.005331039428710938
0.1779658794403076
0.005634546279907227
0.2102029323577881
0.4225962162017822
0.1421458721160889
0.1604750156402588
0.01506876945495605
0.1324689388275146
0.1313173770904541
0.007678747177124023
0.005485296249389648
0.009050607681274414
0.01664996147155762
0.02564072608947754
0.008118629455566406
0.2971806526184082
0.2401814460754395
0.006545782089233398
0.008623838424682617
0.09472393989562988
0.6215529441833496
0.02277040481567383
0.01872587203979492
0.4171051979064941
0.03602957725524902
0.05150365829467773
0.01853752136230469
0.007394313812255859
0.007297515869140625
0.006838083267211914
0.01712274551391602
0.1079797744750977
0.4552288055419922
0.01073288917541504
0.006464004516601562
0.1064600944519043
0.08169221878051758
0.11617112159729
0.09666872024536133
0.1623625755310059
0.3353164196014404
0.005472421646118164
0.004874944686889648
0.01092171669006348
0.1776947975158691
0.3289177417755127
0.01004624366760254
0.005584716796875
0.7849421501159668
0.01703381538391113
0.01268815994262695
0.01234745979309082
0.009406328201293945
0.01708722114562988
0.3330283164978027
0.01299905776977539
0.006088733673095703
0.005588054656982422
0.004961013793945312
0.008361577987670898
0.06646847724914551
0.007520675659179688
0.1132583618164062
0.01565694808959961
0.4690017700195312
0.2164859771728516
0.01220417022705078
0.01218390464782715
0.8294322490692139
0.00716710090637207
0.05022478103637695
0.1250946521759033
0.1778297424316406
0.01316285133361816
0.005928754806518555
0.4915761947631836
0.008146524429321289
0.007535934448242188
0.00627589225769043
0.3247060775756836
0.00963592529296875
0.2295577526092529
0.04795432090759277
0.06307220458984375
0.09791350364685059
0.007631063461303711
0.01765346527099609
0.2278475761413574
0.5133073329925537
0.3548266887664795
0.1174473762512207
0.4508349895477295
0.3981740474700928
0.546532154083252
0.04897594451904297
0.08720827102661133
0.8414521217346191
0.6464452743530273
0.028717041015625
0.2016127109527588
0.01170134544372559
0.08185505867004395
0.009609222412109375
0.05398035049438477
0.1149675846099854
0.06297659873962402
0.005287885665893555
0.01318931579589844
0.04764413833618164
0.008736848831176758
0.7157347202301025
0.01094698905944824
0.006333827972412109
0.006241559982299805
0.007238149642944336
0.1185986995697021
0.01604771614074707
0.005138158798217773
0.1088693141937256
0.01063799858093262
0.02828717231750488
0.7546770572662354
0.005125045776367188
0.006215095520019531
0.2698261737823486
0.06041097640991211
0.1344912052154541
0.08326482772827148
0.1046500205993652
0.02097821235656738
0.1348106861114502
0.4236211776733398
0.6489598751068115
0.0442349910736084
0.007190942764282227
0.01178789138793945
0.1848533153533936
0.3527681827545166
0.007194042205810547
0.008298158645629883
0.2657148838043213
0.008033037185668945
0.115344762802124
0.01201605796813965
1.150309801101685
0.304987907409668
0.006809473037719727
0.1169302463531494
0.07375645637512207
0.05961871147155762
0.3505597114562988
0.7790095806121826
1.019527673721313
0.01765537261962891
0.2348353862762451
2.644484043121338
0.0480961799621582
0.1827809810638428
0.008895158767700195
0.009634494781494141
0.3094222545623779
0.008695602416992188
0.2916231155395508
0.1083939075469971
0.5043644905090332
0.1343519687652588
1.796479225158691
0.00917363166809082
0.17421555519104
0.01080060005187988
0.5989995002746582
0.0117037296295166
0.01187896728515625
0.4765162467956543
0.06339526176452637
0.008619546890258789
2.080530166625977
0.05721807479858398
0.08320069313049316
0.009969711303710938
1.091153383255005
0.241107702255249
1.273603677749634
0.007417917251586914
0.01319527626037598
0.1675255298614502
0.009037971496582031
0.01101779937744141
2.404487371444702
0.2218682765960693
0.1451365947723389
0.008513450622558594
0.0096588134765625
0.01248979568481445
0.007897377014160156
0.007573127746582031
0.1262912750244141
0.008678436279296875
0.5699219703674316
0.02698349952697754
0.01220154762268066
0.4145970344543457
1.637240171432495
0.008108615875244141
0.3484017848968506
0.4456319808959961
0.01264166831970215
0.009669303894042969
0.1377031803131104
0.1547586917877197
0.009188413619995117
0.01239466667175293
0.06196904182434082
0.09944677352905273
0.1110665798187256
0.009207487106323242
0.2365264892578125
0.8452656269073486
0.3092334270477295
0.05641055107116699
0.1063868999481201
0.008056640625
0.007851362228393555
0.00965571403503418
0.09945487976074219
0.1413664817810059
0.1696772575378418
0.01129031181335449
0.02092480659484863
0.1279561519622803
0.1693401336669922
0.008396625518798828
0.06075644493103027
0.009008884429931641
0.01883339881896973
0.01783466339111328
0.01033806800842285
0.02100014686584473
0.2333345413208008
0.6140742301940918
0.2114126682281494
0.01362800598144531
0.006106376647949219
0.03720569610595703
0.08519887924194336
0.008921384811401367
0.1432275772094727
0.5112416744232178
0.01855707168579102
0.1963260173797607
0.0864875316619873
0.1832911968231201
0.01165175437927246
0.04799795150756836
0.06125640869140625
0.006191015243530273
0.01004862785339355
0.008924484252929688
0.009001970291137695
0.008172273635864258
0.04280614852905273
0.1514308452606201
0.01215124130249023
0.5799112319946289
0.01167821884155273
0.009822368621826172
0.06363105773925781
0.05450630187988281
0.1419177055358887
0.013275146484375
1.589210033416748
0.04862594604492188
0.008579492568969727
0.007663726806640625
0.3341002464294434
0.5908312797546387
0.01066803932189941
0.01292538642883301
0.006503582000732422
0.03961539268493652
0.1750335693359375
0.06002378463745117
0.0485997200012207
0.01165413856506348
0.4856889247894287
0.1294317245483398
0.01070570945739746
0.006556987762451172
0.006891250610351562
0.4519913196563721
1.305468320846558
0.01383471488952637
0.3178892135620117
0.006754159927368164
0.5076248645782471
0.115802526473999
0.01413083076477051
0.1695454120635986
0.0411992073059082
0.2075228691101074
0.03914594650268555
0.01212358474731445
0.01343011856079102
0.01746439933776855
0.004914283752441406
0.01294374465942383
0.01363611221313477
0.01174831390380859
0.142503023147583
0.2758088111877441
0.02975177764892578
0.005915403366088867
0.009064197540283203
0.02362537384033203
0.05836892127990723
0.01073431968688965
0.1750972270965576
0.06632137298583984
0.03367018699645996
0.105971097946167
0.01029396057128906
0.1232330799102783
0.07746005058288574
0.01442193984985352
0.3886442184448242
0.02137064933776855
0.05949616432189941
0.06481623649597168
0.005915164947509766
0.007410526275634766
0.005962133407592773
0.007721900939941406
0.1036176681518555
0.0705418586730957
0.5618216991424561
0.1502854824066162
0.01937532424926758
0.006880044937133789
0.1444087028503418
0.007461309432983398
0.006482124328613281
0.008084774017333984
0.9358420372009277
0.2832672595977783
0.007123947143554688
0.2724943161010742
0.008088588714599609
0.181431770324707
0.2280204296112061
0.1925218105316162
0.05066800117492676
0.005283832550048828
0.04699110984802246
0.03340601921081543
0.01101231575012207
0.00885009765625
0.5684177875518799
0.6815001964569092
0.3423881530761719
0.2310347557067871
0.05832839012145996
0.4014692306518555
0.332111120223999
0.6407403945922852
0.2951560020446777
0.6571028232574463
0.00585484504699707
0.01719355583190918
0.0896613597869873
0.3030827045440674
0.8490364551544189
0.005192041397094727
0.1057982444763184
0.1895112991333008
0.2140188217163086
0.008653163909912109
0.01633167266845703
0.0239408016204834
0.8448460102081299
0.9448709487915039
0.03430724143981934
0.05689191818237305
0.08194518089294434
0.05667495727539062
0.01081418991088867
0.110959529876709
0.2436974048614502
0.933906078338623
0.04753446578979492
0.006738185882568359
0.05253934860229492
0.04610300064086914
0.01285910606384277
0.0108177661895752
0.1683335304260254
0.005952835083007812
0.1127750873565674
0.02620387077331543
0.8454041481018066
0.1214165687561035
0.03710579872131348
0.3130440711975098
0.05854296684265137
0.01706671714782715
0.01016497611999512
0.01250672340393066
0.03084611892700195
0.005857944488525391
0.1621437072753906
0.01254987716674805
0.1898081302642822
0.00764155387878418
0.06369757652282715
0.195195198059082
0.2871882915496826
0.2084941864013672
0.03928017616271973
0.03072309494018555
0.3483200073242188
0.01216888427734375
0.005866289138793945
0.4567604064941406
0.3482630252838135
0.102405309677124
0.04392695426940918
0.06870770454406738
0.08048510551452637
0.4104287624359131
0.1255905628204346
0.01016569137573242
0.006769180297851562
0.01226210594177246
0.1260976791381836
0.1664667129516602
0.4217219352722168
0.5706517696380615
0.1310153007507324
0.07375359535217285
0.1087968349456787
0.05092048645019531
0.0869903564453125
1.135817289352417
0.1477131843566895
0.006726503372192383
1.064418315887451
0.006398439407348633
0.007518768310546875
0.006394386291503906
0.007254838943481445
0.03053998947143555
0.008999824523925781
1.01432204246521
0.1554250717163086
0.005263328552246094
0.07585978507995605
0.1795659065246582
0.005888700485229492
0.008612871170043945
0.05847716331481934
0.006922483444213867
0.01280069351196289
0.2205605506896973
0.2121400833129883
0.008391141891479492
0.03585600852966309
0.008253097534179688
0.1084411144256592
0.1747570037841797
0.007628440856933594
0.4108457565307617
0.1333391666412354
0.006176233291625977
0.007940053939819336
0.008228063583374023
0.01033830642700195
0.007344961166381836
0.03387117385864258
0.007120132446289062
0.2257580757141113
0.05040264129638672
0.09477329254150391
0.009554147720336914
0.1292376518249512
0.0054779052734375
0.1035780906677246
0.104384183883667
0.244473934173584
0.03004121780395508
0.0630486011505127
0.5414979457855225
0.007391214370727539
0.009259462356567383
0.006196260452270508
0.1062898635864258
0.5318384170532227
0.01188349723815918
0.01891112327575684
0.02826356887817383
0.102769136428833
0.06674027442932129
0.1015360355377197
0.02771973609924316
0.01145148277282715
0.02817153930664062
0.02758955955505371
0.01659202575683594
2.152203321456909
0.02894806861877441
0.2419559955596924
0.01714253425598145
0.06306076049804688
0.006769180297851562
0.006294012069702148
0.03372550010681152
0.01117277145385742
0.006836175918579102
0.006505727767944336
0.1944904327392578
0.08272290229797363
1.649987936019897
1.061377763748169
0.006910324096679688
0.006287336349487305
0.3304741382598877
0.15144944190979
0.146334171295166
0.1138298511505127
0.04106807708740234
0.01141929626464844
0.272416353225708
0.06036734580993652
0.4919021129608154
0.04968619346618652
0.2470333576202393
0.01081538200378418
0.05783510208129883
0.1158156394958496
0.01180624961853027
0.1137106418609619
0.08279848098754883
0.08007264137268066
0.4669082164764404
0.007181406021118164
0.007125616073608398
0.3249495029449463
0.03042125701904297
0.008656024932861328
0.0127110481262207
0.12911057472229
0.06846761703491211
0.02540040016174316
0.009665966033935547
0.09822416305541992
0.3357555866241455
0.004831790924072266
0.03512382507324219
0.008211374282836914
0.1227109432220459
0.007601261138916016
0.01053452491760254
0.007509946823120117
0.005669116973876953
0.04867339134216309
0.0779421329498291
0.02831602096557617
0.08241152763366699
0.1121151447296143
0.01177072525024414
0.3966190814971924
0.05266523361206055
0.009505748748779297
0.18094801902771
0.1249856948852539
0.1827638149261475
0.1566267013549805
0.00811767578125
0.1424405574798584
0.01101875305175781
0.04720091819763184
0.05142998695373535
0.01027512550354004
0.00609135627746582
0.1526610851287842
0.2389588356018066
0.2717845439910889
0.01325011253356934
0.01315188407897949
0.04763269424438477
0.01261520385742188
0.007097005844116211
0.556215763092041
0.006401300430297852
1.88160514831543
0.3189353942871094
0.006088495254516602
0.3425705432891846
0.01291275024414062
0.059234619140625
0.008793830871582031
0.1566841602325439
0.009417533874511719
0.007121086120605469
0.07663917541503906
0.007422685623168945
0.04393196105957031
0.007765769958496094
0.02766919136047363
0.05010366439819336
0.02657961845397949
0.4919960498809814
0.00856781005859375
0.2059516906738281
0.4159092903137207
0.01147341728210449
0.008746623992919922
0.1065957546234131
0.1343569755554199
0.006520986557006836
0.01867032051086426
0.3685297966003418
0.1623167991638184
0.01160287857055664
0.1398935317993164
0.008606195449829102
0.0184483528137207
0.0330054759979248
0.00532078742980957
0.04593992233276367
0.006656408309936523
0.03070902824401855
1.897445678710938
0.2024576663970947
0.004956483840942383
0.2843778133392334
0.1675717830657959
0.007461309432983398
0.02793407440185547
0.04541707038879395
0.01041102409362793
0.219789981842041
0.007102012634277344
0.05432343482971191
0.01106882095336914
0.03768706321716309
0.0192408561706543
0.495535135269165
0.01906323432922363
2.000874757766724
0.03743743896484375
0.01125550270080566
0.08981418609619141
0.3956329822540283
0.1953332424163818
0.230891227722168
0.007247447967529297
0.304072380065918
0.06351113319396973
0.008512973785400391
0.1252014636993408
0.1397356986999512
0.01808643341064453
0.1426599025726318
0.2722256183624268
0.006362199783325195
0.008561849594116211
0.2777726650238037
0.1324288845062256
4.854453086853027
0.2226078510284424
0.3035309314727783
0.05556941032409668
0.008197546005249023
0.3429467678070068
0.006293535232543945
0.131650447845459
0.007844686508178711
0.1688838005065918
0.09392404556274414
0.008463144302368164
0.3824295997619629
0.05746006965637207
0.1528282165527344
0.04327607154846191
0.1218788623809814
0.006170272827148438
0.0200049877166748
1.614624738693237
0.01543736457824707
0.01037931442260742
0.3088681697845459
0.01555466651916504
0.009975194931030273
0.01194906234741211
0.07871007919311523
0.3893527984619141
0.03045320510864258
0.005705833435058594
0.3514132499694824
0.3793435096740723
0.4464411735534668
0.2355899810791016
0.02498221397399902
0.03922891616821289
0.07104206085205078
1.7176673412323
0.05296182632446289
0.009320974349975586
0.007589340209960938
0.04027175903320312
0.06472611427307129
0.008295536041259766
0.1815779209136963
0.01125192642211914
2.730106830596924
0.303685188293457
0.006117582321166992
0.04552865028381348
0.06502771377563477
0.1574909687042236
0.007819890975952148
1.727819204330444
0.1695477962493896
0.01348328590393066
0.1614632606506348
0.01209044456481934
0.1677675247192383
0.08983016014099121
0.145970344543457
0.2946140766143799
0.138178825378418
0.4347879886627197
0.0425262451171875
0.006639480590820312
0.1182153224945068
0.04837298393249512
0.007474184036254883
0.05024814605712891
0.009394407272338867
0.01689052581787109
0.9490227699279785
0.3684680461883545
0.3062586784362793
0.1208670139312744
2.157158374786377
0.006891965866088867
0.006829023361206055
0.01739096641540527
0.008816003799438477
0.2627100944519043
0.01694536209106445
0.05836033821105957
2.515958309173584
0.006104707717895508
0.4308335781097412
0.01756381988525391
0.01373934745788574
0.007741451263427734
0.006238222122192383
0.2038090229034424
0.1735982894897461
0.03925919532775879
0.007706403732299805
0.02077221870422363
0.01298689842224121
0.0402984619140625
0.04644966125488281
0.01073002815246582
0.1433770656585693
0.06382107734680176
0.05650591850280762
0.01108884811401367
0.3434569835662842
0.008625268936157227
0.007587909698486328
0.01067471504211426
0.01016664505004883
0.007483005523681641
0.01162123680114746
0.5858073234558105
0.1450541019439697
0.05098152160644531
0.2556931972503662
0.2440195083618164
0.02020955085754395
0.03727984428405762
0.007693052291870117
0.02189207077026367
0.009274959564208984
0.1010551452636719
0.3407039642333984
0.07064080238342285
0.00815272331237793
0.09348273277282715
0.09893012046813965
1.339215755462646
0.01845479011535645
0.05377817153930664
0.01431107521057129
0.3380270004272461
0.1014723777770996
0.01277065277099609
1.392998218536377
0.1047768592834473
0.04947638511657715
1.227032899856567
0.04842376708984375
0.01157379150390625
0.7215754985809326
1.702304363250732
0.01249361038208008
0.006216049194335938
0.006331920623779297
0.2073309421539307
0.01441764831542969
0.006597280502319336
0.04229903221130371
0.06602740287780762
0.05344843864440918
0.1239330768585205
0.06061339378356934
0.006006002426147461
0.0165407657623291
0.166691780090332
0.1380844116210938
1.073394298553467
0.05576324462890625
0.008736610412597656
0.006201505661010742
0.1409001350402832
0.008633613586425781
0.006155967712402344
1.001798868179321
0.551494836807251
1.181010484695435
0.1047391891479492
0.006285905838012695
0.01342177391052246
0.009751796722412109
0.008605480194091797
0.2010202407836914
0.1692936420440674
0.01131367683410645
0.04133868217468262
0.006434917449951172
0.2994434833526611
0.05244755744934082
0.04169392585754395
0.007048845291137695
0.2674612998962402
0.3927290439605713
2.088644981384277
0.1316993236541748
0.008254766464233398
0.007758855819702148
0.04151391983032227
0.01172494888305664
0.007645368576049805
0.005875349044799805
0.00981903076171875
0.03066015243530273
0.1125977039337158
0.1240658760070801
0.02483677864074707
0.08584380149841309
0.1348202228546143
0.01739215850830078
0.6479916572570801
0.1788458824157715
0.06525707244873047
0.008043289184570312
0.01702213287353516
1.210874080657959
0.06609582901000977
0.09722590446472168
0.006244421005249023
0.1813857555389404
0.01204490661621094
0.00896906852722168
0.1816418170928955
0.3743915557861328
0.00629734992980957
0.0360565185546875
0.01214790344238281
0.2674851417541504
0.005796670913696289
0.03610348701477051
