14.6645982041955
15.6034583846728
16.33150769770145
17.69237269461155
15.35528636723757
15.50460848460595
15.04224827388922
16.52393891165654
20.40132908771436
13.71425057947636
11.75921799739202
13.35730170210203
12.9616536522905
15.71947878102461
10.94547272473574
13.08943507820368
12.58880223085483
18.9920152425766
12.90630561610063
13.42793570458889
12.8915305758516
13.69869361321131
12.05172716081142
12.07617765168349
10.39238925526539
10.33556149403254
9.210497024158636
9.803329835335413
10.27580375224352
8.260614283382893
8.687685889502367
12.25108404705922
13.49820711960395
13.47000962992509
12.99000385651986
11.57049606492122
11.55254090577364
12.50997699797153
12.50374168902636
12.12922133505344
13.77176608890295
14.92369129260381
16.02558662245671
18.19479551166296
14.76439681897561
