39.03779080758492
35.75608352323373
36.72072638074557
36.16125954935948
37.89958333224058
41.60001786549886
35.41652842611074
39.16439288606247
35.590988372763
33.34795292466879
32.17800591886044
36.22986628860235
32.82021380464236
32.99518363922834
35.23574119309584
39.75412780543169
36.98164260635773
37.02994615336259
33.09942432741324
32.17263926565647
33.18024583160877
32.20263424019019
31.49462155252695
31.68696849544843
31.63345640649398
30.44448920090993
30.46432016044855
30.58224245905876
30.31655081858237
29.87629923721154
31.34869800011317
34.55971579005321
33.14934515208006
34.21973616878191
32.89450399080912
33.84311785300573
32.5612915083766
33.99793878694376
33.10667040447394
34.8289365246892
37.67738480617603
37.21894980967045
38.85505915929874
40.10818349321683
