10.90090894699097
12.52971911430359
13.93517398834229
12.12880611419678
13.49375200271606
13.78234314918518
13.61397409439087
12.65536212921143
13.57182717323303
12.92878103256226
12.21825098991394
12.42510199546814
11.98748588562012
12.59726810455322
14.03012585639954
13.78889799118042
12.40219688415527
13.28387093544006
12.71655201911926
11.61583089828491
12.17542219161987
13.2523341178894
12.36682200431824
14.94510197639465
12.48951697349548
13.55495285987854
11.59047722816467
15.71755599975586
12.33837485313416
13.81964707374573
13.05533194541931
12.60835981369019
14.63447308540344
14.39136505126953
15.00546598434448
14.80921101570129
13.47696685791016
15.35799217224121
13.87154483795166
15.31445503234863
15.66686820983887
16.17077684402466
15.21194410324097
16.90497398376465
16.30876588821411
16.66152691841125
17.30927085876465
16.10402417182922
15.8281090259552
16.68785786628723
17.21653985977173
17.14757990837097
17.28631091117859
15.71954703330994
14.69949197769165
17.78255200386047
16.76154208183289
18.66328907012939
20.00250315666199
18.17286801338196
17.15175914764404
17.44912695884705
16.33768200874329
18.92980194091797
16.47157788276672
10.92914295196533
13.05145883560181
11.56810593605042
12.47064089775085
11.90457797050476
12.51306796073914
12.72212219238281
13.1426100730896
12.6569139957428
13.02964901924133
12.52313613891602
12.87487578392029
10.63986492156982
14.81763100624084
13.39828610420227
12.2298309803009
13.17204594612122
11.03553009033203
12.40661787986755
12.92266583442688
12.7120521068573
12.55072903633118
11.52551007270813
13.49653816223145
12.23886108398438
13.6002049446106
11.04966497421265
13.71122789382935
12.90840101242065
12.82916402816772
13.90741300582886
12.53059983253479
12.55292892456055
12.47372889518738
14.03595614433289
14.15280699729919
14.85121893882751
14.79599189758301
14.40556311607361
14.71404910087585
15.09762907028198
15.01848101615906
18.96494507789612
16.58595490455627
15.91262483596802
16.38047981262207
16.9212760925293
18.29011106491089
17.34568786621094
15.15869903564453
16.40577101707458
18.43911504745483
16.09954380989075
17.55828905105591
17.73117280006409
21.57879495620728
15.54882502555847
16.57305908203125
15.63864803314209
18.9782350063324
16.75784802436829
16.51185607910156
18.06913280487061
16.69003891944885
14.17232608795166
10.97136497497559
13.69332408905029
12.01385188102722
12.49219608306885
13.13613295555115
11.61594414710999
14.44577789306641
12.49455690383911
14.45343589782715
12.46657514572144
14.60046291351318
13.56893682479858
13.44527697563171
13.66031408309937
12.26500701904297
10.96225500106812
11.22364211082458
12.97540378570557
11.83919382095337
14.25255799293518
12.10040998458862
13.28878021240234
12.99520111083984
13.67491412162781
12.90944886207581
12.2603771686554
13.4733681678772
12.17582201957703
13.82558107376099
13.32315611839294
12.30600810050964
13.26449489593506
11.88276314735413
14.1904821395874
13.7670111656189
14.15818500518799
15.29409003257751
14.79044795036316
14.44804501533508
14.92889285087585
15.12820315361023
14.53759288787842
14.03569602966309
15.82316493988037
18.27788782119751
16.0689389705658
17.00823092460632
17.96100902557373
18.59324312210083
16.74541401863098
16.96952700614929
16.8288791179657
15.79141998291016
17.61726498603821
16.82601094245911
17.01178097724915
15.65716505050659
18.01912999153137
17.91177487373352
17.14876294136047
16.92192888259888
16.87723517417908
17.89606308937073
17.15698003768921
18.55579590797424
10.80020689964294
13.66413187980652
13.03958678245544
12.34122586250305
12.07790493965149
13.99881887435913
11.34908413887024
12.8987820148468
12.45174813270569
11.26006698608398
15.18896889686584
12.83997893333435
14.59340119361877
11.96300196647644
13.11597394943237
14.56300806999207
12.05317091941833
12.73820686340332
12.81922101974487
12.4334180355072
13.18314814567566
13.32780599594116
12.85733103752136
11.6389331817627
13.35013890266418
12.62422108650208
12.46046781539917
14.34712409973145
12.51462483406067
14.21962690353394
13.13810205459595
13.29468202590942
15.71371006965637
12.68136286735535
13.27971601486206
13.94793796539307
16.70129203796387
13.53870296478271
17.20670104026794
14.86708998680115
15.33288288116455
16.22622919082642
15.7723228931427
14.49836993217468
17.84515714645386
17.07234692573547
17.53323411941528
16.96955299377441
15.99679899215698
18.5640230178833
15.65559601783752
17.12448883056641
15.80957913398743
17.46587681770325
16.46686100959778
14.97739410400391
15.9559211730957
17.12798595428467
17.89247703552246
16.92908096313477
16.39820384979248
17.26210308074951
16.45574188232422
17.18137383460999
17.16141510009766
10.85656499862671
13.03100204467773
12.72199106216431
12.70394802093506
13.78925609588623
12.46313500404358
13.22615599632263
12.53987097740173
13.38752913475037
13.05460500717163
13.98948502540588
12.52183389663696
12.64776206016541
12.64160084724426
15.36799287796021
13.3743999004364
13.19715714454651
12.51442217826843
13.0398120880127
12.57934999465942
13.00229787826538
13.28748202323914
13.77480602264404
13.56628489494324
14.78135919570923
11.85392713546753
14.2991361618042
12.26788902282715
15.20815300941467
14.17562508583069
14.60081791877747
14.38419008255005
15.04170513153076
14.3627290725708
15.52255010604858
15.21802115440369
14.89382386207581
13.40978097915649
14.37518501281738
15.26561713218689
15.27121686935425
16.8098669052124
16.55712819099426
15.68036890029907
19.21191596984863
18.23245787620544
20.92202210426331
18.41887593269348
16.03069686889648
20.07856321334839
17.0147659778595
20.82836580276489
14.0902259349823
18.40445899963379
15.95656585693359
17.75021386146545
15.61590003967285
18.31390595436096
16.42399716377258
16.09862804412842
18.40550994873047
15.86586499214172
15.60635900497437
17.04195690155029
16.4058780670166
10.88228988647461
14.42713594436646
12.92457389831543
13.78799200057983
13.2457869052887
14.04637885093689
13.18826198577881
16.16072797775269
12.27788901329041
12.846675157547
14.19508409500122
13.9009120464325
13.93684506416321
16.03658890724182
12.60257005691528
15.84549808502197
11.33721089363098
13.55790686607361
12.13323593139648
12.41356897354126
15.04802989959717
13.03526306152344
13.59828114509583
13.06140995025635
13.30490589141846
15.34227299690247
12.18689322471619
16.91234993934631
13.39419078826904
14.71746397018433
14.52419090270996
14.4676239490509
16.89242887496948
13.34315299987793
16.21362090110779
16.82225799560547
14.44617700576782
16.93223690986633
18.48728084564209
15.56298613548279
18.52523708343506
16.98154401779175
14.3077700138092
17.62813496589661
17.80799889564514
17.79450011253357
19.1558358669281
19.69958114624023
18.08358001708984
19.61223793029785
19.18558812141418
18.73430204391479
17.15835094451904
16.56278085708618
18.60570979118347
16.87535405158997
20.14165711402893
18.43041491508484
18.08542585372925
18.43313598632812
18.55512881278992
18.70496797561646
19.75481104850769
21.24481916427612
17.54479789733887
10.73889899253845
12.95172810554504
12.74391794204712
12.21284794807434
14.23154711723328
11.05207705497742
13.35235190391541
11.45713496208191
13.00063300132751
13.99823689460754
13.09476494789124
12.99649000167847
12.94881701469421
12.69886612892151
10.59992790222168
13.01373505592346
11.99512100219727
11.53710293769836
12.00014114379883
13.4660370349884
10.77359390258789
13.02829098701477
11.5230450630188
12.05793619155884
14.77959513664246
14.90021300315857
12.05146789550781
12.45654201507568
14.04676389694214
12.50578999519348
13.8357150554657
12.92453289031982
14.33334493637085
13.01677083969116
12.96319484710693
13.99337792396545
14.38745093345642
14.06889581680298
12.97244000434875
15.5576810836792
16.04508709907532
15.31289005279541
15.53936696052551
13.80475783348083
17.47512793540955
18.7981641292572
18.59955501556396
17.03377103805542
17.58496499061584
17.39364099502563
17.97379183769226
17.86545395851135
17.72958111763
15.39413404464722
16.42924499511719
15.65925717353821
18.05924487113953
14.25191187858582
16.12326502799988
16.92737507820129
16.23085999488831
15.31784892082214
17.57513689994812
16.52201294898987
16.63257694244385
10.84383916854858
13.14318919181824
12.35936617851257
13.10378003120422
15.47275400161743
13.15903902053833
13.41130089759827
13.51899099349976
14.75512909889221
14.22185492515564
13.91943097114563
13.89898896217346
14.21641397476196
13.69536185264587
12.72545504570007
13.55456805229187
12.83129215240479
12.64734220504761
12.63411593437195
15.32659101486206
10.39805698394775
13.38399696350098
12.75315618515015
12.71613097190857
12.4789080619812
14.85992097854614
14.38720893859863
12.55166292190552
14.58501887321472
13.93550300598145
14.99600505828857
15.81287908554077
13.36473798751831
15.43903708457947
15.11720299720764
14.95850205421448
15.96793389320374
14.39257097244263
14.86256909370422
14.981693983078
17.4246940612793
15.96555399894714
16.79547595977783
15.71720695495605
17.62708210945129
16.87151312828064
15.76708006858826
19.79560995101929
16.58875179290771
17.32337403297424
16.31546902656555
16.9830207824707
17.2228901386261
16.93784093856812
17.07756304740906
19.70518398284912
16.32045722007751
19.35568308830261
17.93077301979065
19.38304495811462
18.54959607124329
17.48628187179565
18.45458102226257
17.72796607017517
18.50448489189148
10.86989593505859
11.80312180519104
12.23000907897949
11.17176485061646
12.7225661277771
12.36159300804138
11.91087198257446
12.23832297325134
14.38849306106567
11.5167121887207
13.01759386062622
13.59809303283691
11.72730898857117
13.05450487136841
13.67890882492065
10.74660301208496
12.24732112884521
11.5549590587616
12.23652291297913
13.34885501861572
13.0748291015625
13.00489401817322
12.64602303504944
13.16327714920044
12.80798101425171
13.09751605987549
11.52764487266541
11.5442578792572
12.48021697998047
14.4399139881134
13.28399300575256
14.68087410926819
13.25877118110657
13.47668504714966
13.42122316360474
13.28082704544067
13.27055501937866
14.66008996963501
15.68200397491455
12.95278191566467
12.86094403266907
15.6860499382019
14.72134780883789
16.6634509563446
15.41461300849915
17.4143340587616
19.21784496307373
16.00068593025208
16.07080888748169
15.81099820137024
15.77291417121887
17.54456305503845
15.63889098167419
16.0150101184845
15.17234206199646
15.90377306938171
15.465411901474
16.40528583526611
18.31315994262695
15.4038028717041
16.20875191688538
16.45553302764893
15.81937003135681
16.6574399471283
15.64838600158691
10.91786694526672
11.213219165802
12.39608407020569
13.37554979324341
13.22556495666504
12.03741598129272
11.4295220375061
12.62451386451721
11.49038100242615
12.39349794387817
12.21507000923157
12.24766707420349
11.76114702224731
12.21605706214905
12.39778280258179
13.35186100006104
11.42010402679443
12.6229829788208
14.57969212532043
11.7832350730896
11.75531983375549
11.59091401100159
12.46044397354126
11.55196189880371
12.55137515068054
12.72798895835876
11.64925003051758
12.91044783592224
13.06300115585327
12.72024607658386
12.20062899589539
12.31790995597839
13.49979496002197
13.75483107566833
13.8567750453949
13.86583185195923
12.33682799339294
14.47555494308472
12.92077994346619
13.28228211402893
13.67244100570679
14.03180813789368
14.44716310501099
14.07581090927124
15.35410213470459
16.3005850315094
15.70472407341003
16.26658487319946
15.38604211807251
16.35636687278748
15.39030694961548
16.55652594566345
15.84158492088318
15.43432307243347
15.59729290008545
14.76810503005981
14.86316895484924
17.02942991256714
16.93599605560303
15.9299168586731
15.53627800941467
15.43894791603088
14.25886917114258
15.34498691558838
14.22358703613281
10.73503613471985
12.46485900878906
11.77954602241516
12.61783504486084
12.25860095024109
12.38216781616211
13.28221487998962
11.11814618110657
11.49344110488892
11.52810716629028
14.22140717506409
12.11603617668152
11.66610097885132
10.92746806144714
12.41040015220642
11.86902904510498
12.36472606658936
11.39250993728638
11.86060500144958
11.83497214317322
11.72857594490051
11.73353981971741
13.64303517341614
12.08702516555786
11.01200795173645
12.66268992424011
11.9364960193634
11.779865026474
12.89883708953857
11.68977808952332
13.57751893997192
11.39927101135254
12.33797407150269
12.97317004203796
14.28813791275024
12.77183198928833
12.43717813491821
12.98252391815186
13.19509387016296
14.77438020706177
13.06515407562256
14.0275399684906
14.30932593345642
14.9606921672821
14.71644878387451
15.16886806488037
16.40607595443726
16.20396399497986
15.5539448261261
15.29902100563049
15.77171301841736
14.66372489929199
15.49398899078369
15.28358292579651
14.14815092086792
15.78237700462341
15.0113410949707
14.93509411811829
15.28301405906677
15.18513584136963
15.60614204406738
16.34421110153198
16.53069019317627
16.64994692802429
16.03274416923523
10.88815712928772
11.14476704597473
12.30435991287231
12.27127885818481
11.9161639213562
10.41653895378113
13.29995107650757
11.55430889129639
12.35639500617981
13.13184213638306
11.98812508583069
10.83309507369995
13.4199390411377
12.59740519523621
11.46046590805054
11.81784892082214
14.83419680595398
12.50761389732361
11.9105920791626
12.09960293769836
11.69776701927185
11.78125905990601
12.62187194824219
11.86178183555603
12.28188395500183
12.04414582252502
12.32100820541382
12.54315280914307
11.52285099029541
12.93390989303589
13.796795129776
13.32331991195679
12.19479990005493
13.26286911964417
12.32650399208069
13.47393012046814
13.00850796699524
12.46885514259338
12.55691194534302
12.9904420375824
14.22196316719055
14.52451610565186
14.66827392578125
14.40658903121948
14.22719693183899
16.65880703926086
14.91247797012329
15.94257712364197
15.69839811325073
16.47756481170654
15.99265599250793
16.58967995643616
16.01090979576111
16.37083196640015
16.67200088500977
15.4144299030304
15.02427196502686
15.81796503067017
15.00057983398438
16.77034187316895
16.11809897422791
21.04607391357422
15.88146805763245
16.79860401153564
14.08206987380981
10.88650417327881
10.94155693054199
11.96531701087952
11.18287396430969
11.55886507034302
12.04133415222168
13.22808814048767
12.10451817512512
14.34129619598389
12.55808901786804
12.58607411384583
10.50282216072083
11.88446497917175
11.85072588920593
11.32003784179688
11.69270610809326
11.27886319160461
11.41399812698364
11.47349500656128
11.48143196105957
12.94189596176147
10.47371101379395
11.62194204330444
11.02889585494995
12.80309104919434
14.29977488517761
11.83054995536804
12.36486387252808
13.50103998184204
12.8745481967926
12.69512104988098
13.30392789840698
12.25734996795654
13.54891610145569
13.58149099349976
12.59439992904663
12.87827181816101
12.90733790397644
14.9441831111908
15.05070805549622
13.53998684883118
14.1037130355835
13.30725598335266
14.67295813560486
14.76524519920349
16.10139012336731
15.09519600868225
15.28949499130249
15.38982915878296
15.27919983863831
14.57431507110596
14.82408905029297
15.19134998321533
15.13577485084534
17.6407527923584
16.47156286239624
15.24774503707886
16.4998140335083
17.9998300075531
16.71797609329224
16.04811215400696
16.44238615036011
16.04548192024231
15.4248571395874
17.0613751411438
10.89204907417297
11.76614189147949
10.70829606056213
12.12988209724426
12.03469705581665
11.78425812721252
11.87174916267395
12.86016798019409
12.49359107017517
12.38620209693909
12.36077094078064
11.20359802246094
12.20157885551453
11.31853699684143
11.62018799781799
10.72018599510193
12.05729007720947
12.44436812400818
12.57203602790833
11.65824294090271
12.97602105140686
11.7425811290741
10.66824793815613
12.61994385719299
12.12123894691467
12.69116997718811
11.3584668636322
11.72110199928284
11.98733305931091
11.64109301567078
11.18255090713501
12.13957190513611
11.96111488342285
13.86586308479309
13.32711982727051
12.9489848613739
12.5556468963623
16.4983229637146
13.59264993667603
13.40302705764771
15.83497095108032
15.98759388923645
14.97575402259827
14.9416069984436
15.61093711853027
14.67534208297729
15.86624693870544
15.50873494148254
15.64642405509949
15.15690207481384
16.04019498825073
15.81155705451965
16.02493500709534
15.59496903419495
15.53398609161377
15.84742116928101
14.98273587226868
15.88897299766541
15.24856090545654
15.83127617835999
15.6301429271698
15.77222490310669
18.42895197868347
16.79345417022705
14.82846713066101
10.93367695808411
14.17622089385986
16.07361793518066
17.32410502433777
13.20644307136536
12.82459115982056
12.6468198299408
12.46685791015625
12.1288959980011
13.00455784797668
12.68591904640198
13.32443904876709
13.40747499465942
11.38041210174561
13.12132716178894
11.46344590187073
12.78806686401367
14.11061096191406
12.77425599098206
13.38527917861938
12.64483404159546
13.10520100593567
12.16587901115417
12.78796601295471
13.105553150177
15.36650896072388
11.71040511131287
15.23598599433899
13.75779104232788
12.85513210296631
13.23709917068481
12.1706600189209
14.30231213569641
12.69616913795471
13.62593197822571
14.30611395835876
17.77548503875732
14.57516002655029
14.52470779418945
14.77408981323242
16.03633785247803
14.47001886367798
18.06041717529297
15.34296488761902
17.51015281677246
17.94422006607056
17.58664298057556
16.73017597198486
17.80209803581238
17.90626788139343
16.10539793968201
15.37865900993347
16.44114303588867
15.72549486160278
14.62359499931335
15.66685199737549
16.8774528503418
15.23561692237854
15.65746998786926
15.25599193572998
15.84027600288391
15.90261292457581
15.03432488441467
16.49181389808655
17.09357404708862
10.86437106132507
11.28698897361755
13.30000710487366
16.26666212081909
12.05810499191284
12.82136392593384
14.38062906265259
12.07029509544373
12.12437796592712
11.76483392715454
11.96773099899292
12.36099410057068
13.5748279094696
12.35051107406616
12.44908714294434
12.62704491615295
14.1064441204071
12.17976403236389
12.87527704238892
12.25013184547424
14.29650282859802
11.71353507041931
12.46150612831116
11.44852995872498
14.74309515953064
13.20152115821838
11.84972095489502
13.49930191040039
13.4457859992981
13.91318798065186
14.59237003326416
18.82613897323608
13.84300994873047
13.00555896759033
13.35457110404968
14.94254183769226
14.5045120716095
12.68018412590027
14.54803395271301
14.3500599861145
15.09154891967773
13.91827011108398
13.86698198318481
16.47135496139526
15.10899901390076
17.09365105628967
17.58401203155518
15.15964412689209
15.75742506980896
15.23269391059875
15.43539905548096
16.0931601524353
15.21474099159241
42.91055417060852
14.96243500709534
14.76066613197327
14.83489394187927
15.43219685554504
16.2162880897522
15.84463095664978
16.10121917724609
17.49394202232361
17.61214208602905
15.67681503295898
15.5841920375824
10.92555212974548
10.97692203521729
12.56356906890869
12.94628977775574
15.65389490127563
12.53446912765503
13.46329402923584
13.672208070755
14.02574920654297
12.10210394859314
12.10828614234924
11.78623914718628
13.10137391090393
11.18576598167419
11.51735782623291
15.70962595939636
12.68243885040283
12.66761016845703
14.40330910682678
15.7293918132782
13.23914790153503
12.27908205986023
12.69540691375732
12.1508629322052
12.01869201660156
13.40166091918945
14.16345691680908
10.81844592094421
11.89324188232422
13.42230987548828
12.80549097061157
12.66207885742188
15.46186590194702
13.52448511123657
13.47006392478943
12.99640488624573
12.37939095497131
12.81996488571167
15.05657696723938
14.75465607643127
14.04963803291321
13.66991519927979
14.86065602302551
13.63266611099243
15.24840307235718
17.6606240272522
16.27085304260254
15.12538695335388
16.35605001449585
14.87637209892273
16.27449512481689
14.74410581588745
14.70967102050781
16.01890110969543
16.87190198898315
15.60455894470215
15.96732616424561
16.05980920791626
16.29824495315552
16.95643305778503
16.04053616523743
17.58468794822693
16.11700391769409
22.20292711257935
17.32918500900269
10.71209096908569
13.79327797889709
14.61709308624268
33.74470496177673
11.20807099342346
14.70813584327698
11.17289710044861
12.13652205467224
12.36645603179932
11.07510709762573
12.38714408874512
12.11566710472107
13.12198400497437
12.021075963974
18.25570678710938
11.80289196968079
10.87761783599854
11.75382399559021
13.49466300010681
10.99099612236023
12.93222713470459
11.85926985740662
13.32855296134949
12.2021369934082
13.54682898521423
13.75434613227844
14.48158288002014
14.32152795791626
11.98715400695801
12.94226694107056
14.87120008468628
14.21940302848816
13.39657306671143
12.93451309204102
12.55409717559814
13.08176398277283
13.06909704208374
13.11916995048523
13.61543679237366
13.06131601333618
14.55697894096375
15.98840188980103
14.74128198623657
16.07488203048706
15.2387330532074
16.76068997383118
16.3579158782959
16.58198595046997
16.20979905128479
15.52012205123901
21.4922411441803
17.72942590713501
15.56481599807739
15.76064085960388
16.39071702957153
14.82042598724365
15.07094192504883
15.86055493354797
14.82669305801392
15.14667010307312
15.96266317367554
16.18359398841858
15.24623203277588
15.39850997924805
17.66336297988892
10.72129893302917
11.71189904212952
11.8074049949646
13.20209693908691
10.93957996368408
13.67765188217163
11.9225218296051
12.956139087677
12.40481686592102
13.21868205070496
12.26456713676453
12.83985304832458
12.73590397834778
12.48137903213501
12.35750913619995
11.63235688209534
11.88133502006531
11.94307994842529
12.81713199615479
11.56557393074036
11.91412019729614
11.72542905807495
12.77651500701904
11.93089294433594
13.55302500724792
11.0279369354248
14.25495505332947
10.73820400238037
12.31222081184387
13.33731508255005
11.43207502365112
13.10559606552124
12.43341898918152
12.54578113555908
11.7998309135437
12.73084497451782
12.93362092971802
13.01967883110046
13.48586583137512
14.63798403739929
13.9122040271759
14.72772407531738
14.55782413482666
15.6458728313446
15.52025294303894
16.18781185150146
16.02467393875122
17.37517404556274
16.0698390007019
16.33386278152466
15.52442598342896
16.82489609718323
14.6274139881134
15.54765915870667
14.09353303909302
15.68124103546143
14.43921399116516
15.03245997428894
15.6231529712677
15.63883399963379
15.71322894096375
17.86958789825439
15.02095007896423
16.06384801864624
14.08644795417786
10.84328198432922
10.45653605461121
11.67887306213379
12.93375992774963
11.75577592849731
12.37201404571533
11.84014892578125
12.15343499183655
11.78235816955566
12.32364702224731
12.40312004089355
12.73320293426514
11.79101586341858
10.52492213249207
11.8801109790802
11.07632303237915
12.94472002983093
11.25527095794678
10.40715479850769
11.85811400413513
12.71592497825623
11.3182361125946
13.74027299880981
12.71490883827209
13.07390213012695
11.42294692993164
12.58869504928589
11.25433778762817
11.63902616500854
12.18861198425293
13.2513599395752
13.68123912811279
13.65384197235107
13.15911602973938
12.61496591567993
13.63108897209167
12.88359308242798
13.78151702880859
14.25070285797119
12.8930549621582
12.9648768901825
14.6531138420105
15.2095251083374
13.61776494979858
15.78815793991089
14.78983306884766
16.78070092201233
15.47506999969482
16.56183314323425
14.66640496253967
16.1685471534729
16.34463381767273
15.39624285697937
15.26432013511658
15.33759093284607
15.16973686218262
16.30787396430969
15.11650800704956
15.24635791778564
16.6338529586792
16.3207950592041
16.212562084198
14.25846910476685
14.97794103622437
16.00585103034973
10.89491415023804
11.65754795074463
11.07972407341003
11.42079520225525
12.47230195999146
12.6310031414032
13.54834413528442
11.15700197219849
12.84064602851868
11.64684104919434
11.07933115959167
12.0565459728241
10.92501497268677
12.66405606269836
12.37418508529663
13.25464105606079
11.66578078269958
12.29163908958435
12.73006892204285
12.41010999679565
12.05946493148804
12.86285614967346
11.74422407150269
12.45980095863342
13.5613739490509
12.54730415344238
11.67840099334717
12.74395799636841
12.37798094749451
12.05079078674316
12.58826804161072
12.50704503059387
11.60584402084351
12.10762500762939
12.98964500427246
12.80548095703125
12.11533808708191
13.27040100097656
13.23527383804321
13.10532093048096
13.25349283218384
13.01948714256287
14.97415089607239
14.11117887496948
14.96080088615417
17.11070513725281
15.13532304763794
17.43009400367737
15.9552309513092
15.48374104499817
16.60695910453796
14.73643207550049
16.98198699951172
14.85508894920349
15.13581299781799
14.99322700500488
15.37358689308167
16.47874689102173
14.81163001060486
16.16994595527649
16.3028039932251
15.68314790725708
16.21629905700684
14.89755201339722
16.66028809547424
10.86532783508301
11.6421217918396
11.84054899215698
12.061527967453
15.27450919151306
11.95024585723877
13.86065697669983
11.30031991004944
14.05906701087952
12.84721398353577
11.08873987197876
11.31977701187134
11.85091400146484
12.23350501060486
12.82016086578369
12.82053279876709
11.43821501731873
14.90333700180054
13.58250308036804
12.4919650554657
11.73500084877014
13.6788649559021
11.59032106399536
12.25000691413879
12.24997401237488
12.12025618553162
14.87247109413147
11.52642297744751
12.31408500671387
13.29278111457825
13.30506587028503
12.21652483940125
12.9458110332489
11.56528687477112
13.17123103141785
12.93871593475342
15.01849699020386
13.55301713943481
12.91876196861267
13.56649494171143
13.10110998153687
13.45426392555237
14.63887691497803
15.06114888191223
16.3343300819397
15.39311909675598
16.18162894248962
16.12581992149353
17.53262996673584
14.78708505630493
15.67806792259216
15.15423583984375
14.74346709251404
15.61253905296326
14.50793814659119
14.49283504486084
15.96504998207092
15.06929397583008
16.3514769077301
15.05528807640076
16.69682693481445
17.00648307800293
14.63382196426392
15.35694098472595
15.09009981155396
10.85085296630859
11.41273307800293
11.20254898071289
11.62028384208679
10.83701205253601
10.86564707756042
10.78719305992126
10.85455298423767
11.71921300888062
10.88048601150513
11.40967702865601
11.99255609512329
12.6577410697937
11.63153791427612
10.88700294494629
11.10888504981995
10.99871397018433
10.60071206092834
12.23167610168457
11.08144903182983
11.15886306762695
10.90768694877625
13.549232006073
11.60580587387085
11.7185161113739
16.5653510093689
11.78555393218994
13.1743381023407
12.39572286605835
11.96946811676025
11.86986112594604
12.5753128528595
12.01357698440552
12.5086350440979
13.80530381202698
12.80587387084961
11.68335819244385
13.12830901145935
12.4467191696167
13.16657495498657
15.25248098373413
15.35158491134644
15.9728090763092
14.34323287010193
15.34640502929688
15.80205488204956
15.91468095779419
16.16075491905212
15.14976596832275
15.50890779495239
14.93753099441528
16.08366084098816
15.20860815048218
14.72936201095581
16.67727398872375
15.10215306282043
14.53662109375
14.64649295806885
15.73703813552856
16.35781693458557
15.51005697250366
14.78815412521362
17.17731904983521
15.07705497741699
16.42341494560242
10.88461804389954
11.29068303108215
12.68175506591797
12.22758603096008
12.32175207138062
11.96147298812866
11.03362703323364
11.68236494064331
11.10444402694702
10.97689890861511
10.40441513061523
11.50510215759277
11.92231297492981
13.17636704444885
12.25048017501831
11.99958801269531
12.2922248840332
11.79950594902039
11.02816295623779
11.65592789649963
11.13663101196289
10.39556503295898
10.62383389472961
10.69420695304871
12.60656881332397
11.89467000961304
11.42884707450867
11.68785095214844
12.43573808670044
11.78411984443665
11.6418468952179
12.9971649646759
12.31928110122681
12.20359110832214
12.00377607345581
13.12493395805359
13.42005181312561
13.64844799041748
12.10479307174683
13.56570792198181
12.74899792671204
14.87479996681213
14.09160780906677
14.60337996482849
16.30561304092407
15.94412803649902
16.97325205802917
14.84704899787903
16.01398301124573
15.91857814788818
14.24702978134155
14.61523699760437
16.09032487869263
14.73092198371887
14.4248149394989
16.02462410926819
15.233323097229
15.36022591590881
16.06528687477112
16.21450710296631
16.75623607635498
15.83951616287231
15.03443598747253
15.52453899383545
15.77391290664673
10.85615301132202
11.95046281814575
11.20372414588928
12.21508479118347
12.10699105262756
11.17075705528259
12.1632719039917
12.35239601135254
11.47376894950867
12.06646394729614
11.88346099853516
11.77985692024231
12.52202296257019
10.62628197669983
12.21379804611206
10.83764004707336
11.68144798278809
11.55197501182556
11.22170901298523
11.58361601829529
10.97923016548157
12.33123898506165
11.06280398368835
12.19544291496277
11.80474901199341
12.63275599479675
13.1614511013031
11.48261713981628
12.57263588905334
12.93180513381958
11.84443187713623
12.86377191543579
13.26903891563416
13.54747605323792
12.84955310821533
12.86472916603088
12.70160293579102
13.21921992301941
13.32199192047119
13.96291208267212
13.8497211933136
14.99453997612
14.08883380889893
14.16441702842712
15.35083603858948
14.84632706642151
14.9397439956665
15.2033748626709
15.15395903587341
15.0945770740509
14.4605131149292
15.18750500679016
15.29225397109985
15.33461999893188
15.02039980888367
14.80381202697754
15.19975900650024
16.15113806724548
14.96938109397888
15.29089593887329
15.17068791389465
15.39394593238831
16.14531683921814
15.43303894996643
14.87872695922852
10.73353695869446
11.1417829990387
11.18162298202515
11.94999504089355
11.66390609741211
10.76949691772461
10.89733195304871
12.33646106719971
11.90842819213867
10.71166896820068
10.39050507545471
11.10948014259338
12.41185283660889
11.23770999908447
12.33909201622009
10.93045902252197
12.10276198387146
10.8949089050293
12.35637617111206
12.72921204566956
12.46867299079895
10.95521020889282
11.94254612922668
11.25990295410156
12.34307098388672
12.57812905311584
11.89185214042664
11.80289888381958
11.22651410102844
11.60808396339417
12.90120196342468
11.95982885360718
13.29078888893127
12.73427677154541
11.72318601608276
12.01168298721313
12.154452085495
13.02120494842529
12.39532399177551
13.43064188957214
14.35953879356384
13.07706689834595
13.47530293464661
14.66296696662903
14.81155610084534
14.99875903129578
16.16209506988525
14.87735319137573
14.95173120498657
14.57894086837769
15.20512413978577
15.01258993148804
15.21833491325378
14.57941102981567
14.65597796440125
16.00899600982666
14.68927788734436
14.56926703453064
14.98926091194153
15.37755012512207
14.91875505447388
15.88932585716248
15.36467695236206
15.0668089389801
15.50678896903992
10.82123303413391
11.21711492538452
12.39084696769714
11.13131189346313
10.84104084968567
11.20912003517151
11.45823383331299
12.14270710945129
11.45559406280518
11.40328788757324
10.86414098739624
12.18511414527893
12.35365009307861
12.2971339225769
11.28735184669495
12.14844989776611
11.34282493591309
10.79606008529663
10.73168301582336
12.00957417488098
11.80660700798035
11.97674798965454
12.41412687301636
11.10937595367432
11.34183287620544
11.8999969959259
11.09978914260864
11.87937498092651
12.12001585960388
11.65445399284363
11.66905307769775
12.27375793457031
12.47493696212769
13.09486198425293
12.09273886680603
13.0207040309906
12.58691191673279
12.6799430847168
13.56254911422729
14.03137302398682
12.97465801239014
14.79391503334045
13.34016299247742
13.63992500305176
14.10473394393921
14.67533779144287
15.55466294288635
14.25292801856995
14.78102803230286
16.50045895576477
15.32387685775757
15.10736608505249
16.12767291069031
14.22236299514771
14.49548292160034
15.82384920120239
14.46324992179871
16.27638411521912
15.50651812553406
14.75118684768677
14.64906001091003
16.41815304756165
15.12374210357666
15.32244396209717
14.5549418926239
11.15010595321655
11.05789804458618
11.48453617095947
12.21406579017639
11.29200410842896
11.49563097953796
10.74887299537659
11.08520698547363
10.91992497444153
12.65337514877319
10.96427798271179
11.8258969783783
12.82583618164062
11.11320996284485
11.41642212867737
12.26827907562256
11.51737213134766
10.93733501434326
12.91073489189148
12.02685308456421
11.99953508377075
11.26799893379211
11.24811291694641
11.29555487632751
11.7148220539093
11.21549105644226
12.180330991745
12.29653286933899
11.02410101890564
11.26853108406067
13.03519606590271
12.42011380195618
12.46113514900208
11.88766503334045
12.05405902862549
13.36565208435059
12.37066698074341
12.65499401092529
12.22208380699158
12.68105483055115
13.18962407112122
14.22791004180908
14.14537405967712
14.6273090839386
15.21953415870667
16.06130599975586
15.13274812698364
15.18094110488892
15.49335217475891
14.80200982093811
16.00755405426025
15.39016604423523
15.16677904129028
14.76696085929871
15.24866390228271
14.50146317481995
14.68531489372253
15.43933796882629
14.78794193267822
15.06833696365356
15.42451691627502
15.59238290786743
15.57186102867126
14.91161513328552
16.83082914352417
10.8238639831543
12.69899296760559
11.04379796981812
10.89512395858765
12.29436302185059
12.43843007087708
10.9865779876709
12.40009999275208
10.9165518283844
12.78472208976746
12.77523684501648
11.56744003295898
11.28971791267395
10.39208793640137
11.32444190979004
11.44765591621399
11.23284506797791
12.54364800453186
11.38470888137817
11.58801698684692
12.0132839679718
10.70828700065613
10.89262199401855
12.44546818733215
11.90927004814148
11.2976541519165
11.14664196968079
11.78814911842346
11.53447794914246
11.20414590835571
11.58855414390564
12.39962291717529
11.72366404533386
12.49820899963379
12.80789113044739
12.81253099441528
12.43521285057068
11.68720984458923
12.88921403884888
13.45350193977356
12.88592100143433
13.19548082351685
15.04028511047363
13.91855883598328
15.13667511940002
14.80886602401733
15.24277687072754
15.1825578212738
14.89335584640503
14.97006702423096
15.3895800113678
14.87450981140137
15.77748894691467
14.46951794624329
16.08922100067139
14.76946806907654
14.47901511192322
15.41217708587646
15.14011001586914
14.92678093910217
16.14307403564453
14.87421894073486
15.57014608383179
14.92036199569702
15.03323101997375
10.89946413040161
11.56718492507935
12.0909309387207
10.95884394645691
10.40808486938477
10.94156908988953
11.76895809173584
11.53439903259277
11.99699306488037
11.20319700241089
11.09841299057007
11.63964104652405
10.91394209861755
11.23110389709473
11.48427510261536
12.04737997055054
10.74219584465027
11.01348805427551
11.70470094680786
11.11611485481262
11.80716514587402
10.98678302764893
10.78789091110229
12.08672189712524
11.82367897033691
12.19539093971252
12.87832880020142
12.32175493240356
11.23068809509277
11.97315311431885
12.01666307449341
12.21682214736938
12.32768201828003
12.36081695556641
13.07197499275208
12.38521218299866
13.4400680065155
13.16672897338867
13.0248601436615
12.80550813674927
13.01257514953613
14.20193314552307
13.42681884765625
13.43745994567871
15.19591903686523
16.09731388092041
14.5876030921936
14.81705498695374
15.11940693855286
15.59710288047791
15.77534699440002
14.75936007499695
15.49524402618408
14.57032012939453
15.61698698997498
14.87263894081116
15.47191286087036
15.03498315811157
14.86467385292053
15.9765100479126
15.20275282859802
14.88777112960815
17.14856600761414
15.18956303596497
14.91176080703735
10.89006018638611
11.08066201210022
11.06752014160156
12.41442108154297
10.88881778717041
11.49420690536499
13.63236808776855
11.66670799255371
12.51346302032471
11.23406195640564
12.05814909934998
10.79886198043823
11.38616108894348
11.34771108627319
12.47146511077881
10.98227095603943
11.48733997344971
11.97561383247375
10.58356904983521
11.426185131073
11.40852284431458
11.07358193397522
11.61374711990356
11.08610486984253
11.93914794921875
11.2282280921936
10.62269306182861
11.91190600395203
11.20736384391785
12.69631910324097
11.75081610679626
12.55459499359131
13.2529468536377
12.20077610015869
12.54553508758545
12.21757698059082
12.00878405570984
13.35855412483215
13.93487787246704
14.01339983940125
13.5683901309967
14.61863398551941
13.46397686004639
15.52311897277832
15.33857798576355
15.45455193519592
16.71803593635559
14.72002387046814
16.37026000022888
15.29610919952393
14.99353909492493
15.86454486846924
15.69273591041565
15.85016798973083
14.5118670463562
14.7561981678009
15.11916089057922
14.89395380020142
14.97774004936218
14.40923404693604
16.30312299728394
17.18324398994446
15.93817710876465
15.80245494842529
15.10078382492065
10.8863730430603
12.18041801452637
12.49949502944946
11.01715397834778
10.58623194694519
12.47251987457275
13.6248037815094
11.88055086135864
11.03204298019409
12.30015707015991
10.75347208976746
13.63141012191772
13.28235697746277
12.88549494743347
11.24211192131042
13.38019895553589
12.94580793380737
12.47675490379333
10.96390008926392
11.74781203269958
13.82019710540771
10.47735404968262
12.78742599487305
12.57045102119446
10.91371488571167
13.47573590278625
12.33309292793274
12.46640300750732
13.30452919006348
13.38793301582336
13.93033695220947
14.04597496986389
12.69050002098083
12.42542099952698
13.35928606987
14.86665391921997
13.29700207710266
14.02489805221558
13.96766591072083
15.11442804336548
14.76863694190979
15.83014106750488
12.91034317016602
15.3057599067688
15.45551705360413
16.35108208656311
16.14326000213623
15.49837684631348
15.17373299598694
16.59311699867249
17.122309923172
15.56264090538025
16.36979007720947
16.11364483833313
15.12554097175598
16.15026211738586
15.78747701644897
15.25519204139709
15.94813799858093
16.41927695274353
16.51879000663757
17.05209112167358
16.71896815299988
17.22385692596436
14.21718907356262
10.92815804481506
11.07249999046326
12.7934558391571
11.28037714958191
11.6377420425415
11.50612115859985
12.11671113967896
12.69997000694275
12.25680685043335
12.97611999511719
12.29329395294189
13.19493794441223
11.93638491630554
12.07328820228577
11.67516613006592
12.2331690788269
12.75563788414001
12.36599278450012
12.36485195159912
12.78476881980896
12.76649808883667
12.26316714286804
12.14572882652283
12.94811511039734
11.9178409576416
12.74714398384094
11.62273716926575
12.26373600959778
12.15064811706543
13.915363073349
14.42474699020386
13.33501291275024
13.46513509750366
14.34887218475342
13.41891980171204
13.36222386360168
13.45264196395874
11.80127382278442
14.78838586807251
14.38473200798035
13.82131600379944
14.47385001182556
15.20428991317749
14.53225779533386
15.17399501800537
14.79557204246521
14.98145890235901
15.71795797348022
15.64236307144165
17.35361695289612
15.22713112831116
15.05310988426208
15.42943286895752
16.65075516700745
15.65284991264343
15.69228506088257
15.90851211547852
16.25103712081909
16.37247586250305
17.8344190120697
16.84340405464172
16.41910600662231
15.5705099105835
15.78631496429443
15.91594004631042
10.79535794258118
11.34320712089539
11.57318806648254
11.40328907966614
10.83223700523376
12.71876406669617
12.40606284141541
11.0959050655365
12.86232089996338
12.11056900024414
11.85411286354065
11.83685994148254
12.14679098129272
12.59798312187195
10.73201704025269
12.62108588218689
12.01602005958557
11.03708791732788
12.42100691795349
11.80726003646851
11.68685412406921
13.93972301483154
11.69841694831848
12.68756604194641
11.78751611709595
12.06711578369141
11.67387509346008
14.10612177848816
14.25285291671753
11.924644947052
12.80727601051331
13.69592094421387
14.70149707794189
13.35459804534912
15.08379817008972
14.4797568321228
15.0599091053009
14.10835194587708
14.62272191047668
14.992182970047
14.25964498519897
14.1988730430603
15.17303204536438
14.92250895500183
16.13940978050232
15.63919305801392
14.67514395713806
15.56053805351257
16.19658398628235
16.48448300361633
16.44052195549011
16.20781493186951
16.08560705184937
16.52533411979675
16.14837288856506
15.0430920124054
15.79376101493835
15.77221202850342
16.00294589996338
15.95623397827148
16.8514289855957
15.46702003479004
17.4578869342804
16.2554190158844
15.65973496437073
10.90882587432861
11.42480897903442
11.07802820205688
11.48261213302612
12.63405394554138
12.88046503067017
12.59450602531433
12.74902510643005
12.94063186645508
10.57143688201904
11.55061006546021
11.26902294158936
12.22061395645142
10.88541197776794
12.57912492752075
12.6324520111084
11.58147192001343
12.20169496536255
12.27444505691528
11.27280116081238
13.12094688415527
11.48169994354248
10.55165410041809
11.78080201148987
12.31606411933899
11.10568308830261
12.05048012733459
10.53703618049622
11.98535299301147
11.92370200157166
13.29514002799988
12.53544592857361
13.53874206542969
12.91542410850525
13.32827019691467
14.4783079624176
15.08470511436462
12.54741597175598
13.6215500831604
14.14020109176636
13.53264713287354
14.01214098930359
15.36111187934875
15.09476804733276
16.43827891349792
15.50249814987183
15.96100902557373
15.47928619384766
15.79664087295532
14.78973007202148
15.17580008506775
14.92376303672791
15.32728910446167
14.63044691085815
14.39087700843811
15.86543893814087
15.83780694007874
16.23197793960571
15.89092898368835
16.94097995758057
15.65050101280212
15.74936699867249
15.39912915229797
16.48259091377258
15.4096372127533
10.88340711593628
11.64949011802673
12.75817179679871
10.94509696960449
12.93253517150879
13.77484607696533
11.24769496917725
11.97906613349915
12.41963911056519
11.47039914131165
13.12435293197632
11.3312041759491
11.1968469619751
13.63166117668152
12.48866009712219
13.48418688774109
11.81011700630188
12.99285197257996
12.56827116012573
14.30338215827942
12.07564806938171
11.95179414749146
13.43427991867065
12.40574789047241
12.16439294815063
12.20249700546265
13.74314403533936
13.78201007843018
11.31365895271301
12.2974739074707
12.24417400360107
12.13700103759766
12.37162399291992
13.52302408218384
14.31899309158325
12.36269593238831
14.13457107543945
13.23703098297119
13.68073081970215
12.93453598022461
13.08061099052429
14.11911606788635
15.09248399734497
13.91122698783875
16.01058101654053
15.34063506126404
16.08718085289001
15.22083401679993
16.8280668258667
16.28868198394775
17.0771062374115
15.73006701469421
15.44553899765015
15.12840700149536
15.92724990844727
15.0694420337677
15.40008401870728
15.4371190071106
15.09451484680176
15.96133995056152
16.24594402313232
17.70271182060242
16.20935702323914
16.85885190963745
15.23460507392883
10.72741508483887
10.94102311134338
11.0604190826416
12.09451198577881
11.98890495300293
11.74673104286194
11.59192419052124
11.86260390281677
13.13094210624695
13.00093603134155
12.81712889671326
12.5669047832489
10.89704513549805
11.83159208297729
11.59504103660583
12.42249917984009
13.02319192886353
11.77501106262207
12.50505995750427
13.26479387283325
11.90253615379333
10.98216915130615
11.56631779670715
13.26882100105286
12.51671004295349
11.41834592819214
12.48309302330017
12.83378601074219
12.5533459186554
11.83693385124207
13.17453289031982
12.13959288597107
12.9641010761261
12.05199408531189
12.40326309204102
14.51804804801941
12.01858592033386
12.89408493041992
12.04449105262756
12.24739289283752
14.33017301559448
14.16100597381592
14.01254892349243
14.82983684539795
16.11349296569824
15.27572894096375
16.55276989936829
14.92840719223022
15.35283708572388
16.41110801696777
16.42002391815186
16.06502318382263
15.01430797576904
15.3946259021759
15.41805410385132
15.35637497901917
16.8873929977417
15.49268794059753
17.30292987823486
15.80247092247009
14.85843586921692
14.41237998008728
14.96604204177856
14.75328397750854
15.32379817962646
10.91903710365295
11.52607893943787
12.39073300361633
11.71402192115784
11.50378799438477
12.08450102806091
12.91091990470886
12.02232885360718
11.48902988433838
12.38183093070984
12.21471309661865
13.69601082801819
12.22708797454834
12.96646094322205
12.95937895774841
12.61633610725403
13.57871794700623
11.75651502609253
12.46053004264832
12.98205089569092
13.0084080696106
11.14863801002502
10.40013003349304
12.97575187683105
13.07079386711121
11.12221193313599
12.38895797729492
12.47164916992188
11.0195848941803
11.76576089859009
12.76479411125183
12.12821006774902
12.55040907859802
12.92687797546387
13.90021896362305
14.10596799850464
13.00370192527771
13.58989691734314
14.18930983543396
14.32611608505249
12.88910698890686
14.46565103530884
14.13308095932007
14.80641913414001
14.66439390182495
15.60146498680115
15.67060089111328
16.68889403343201
15.93457889556885
15.83957290649414
15.92593097686768
16.08494687080383
14.94325184822083
15.21626400947571
15.1090521812439
15.39356398582458
15.25986814498901
16.05680298805237
17.46379280090332
15.29893803596497
16.08254599571228
15.30141496658325
15.38405394554138
14.26450991630554
15.38007116317749
11.03652000427246
11.17104005813599
12.73835802078247
12.15910506248474
12.76777005195618
11.93049120903015
13.37034201622009
13.72907495498657
13.77591609954834
12.41450595855713
12.33885502815247
11.83491396903992
11.62848401069641
12.03275299072266
13.19473314285278
11.25107908248901
12.29987597465515
12.2417049407959
12.58215308189392
11.82184290885925
12.95872211456299
13.29469895362854
11.26479411125183
12.49694895744324
11.72183203697205
11.89946103096008
13.46229600906372
11.51997089385986
13.34745407104492
14.05059790611267
12.78983402252197
14.26501083374023
12.81071996688843
11.41421890258789
13.38304686546326
13.14939904212952
12.17718601226807
12.21423602104187
14.0702531337738
17.04699993133545
14.32281017303467
15.61844706535339
13.66182208061218
14.08686208724976
15.88487386703491
15.67598390579224
15.21255493164062
15.23079204559326
17.05958318710327
17.85334610939026
16.03575491905212
14.82157397270203
15.54821300506592
16.40580105781555
15.17077994346619
15.47315502166748
15.45523905754089
15.63819289207458
16.69083094596863
15.42691612243652
16.06431293487549
16.39609313011169
15.93758606910706
14.70045614242554
15.02930116653442
10.87832999229431
11.40933394432068
11.85975503921509
10.46578502655029
11.26133418083191
12.1228129863739
13.96710300445557
13.99406599998474
12.80111694335938
12.77525806427002
13.13220191001892
12.64978313446045
13.21464490890503
11.68214702606201
12.9789719581604
11.60948991775513
13.00286889076233
12.79340291023254
13.49902105331421
13.37330508232117
12.4716649055481
10.56966400146484
11.97518014907837
12.18958497047424
11.37238597869873
12.48152208328247
11.31178593635559
11.32400584220886
14.66098380088806
14.38119101524353
12.73113107681274
13.45765113830566
13.49138998985291
12.46041393280029
13.71142721176147
15.06076693534851
14.0685920715332
14.99778914451599
13.81778407096863
14.77489399909973
14.24176287651062
17.11858701705933
14.86396503448486
14.66593289375305
16.11209607124329
14.36259698867798
15.10907983779907
17.52996897697449
16.10290598869324
16.39097785949707
18.93337392807007
16.70306396484375
16.31835508346558
15.48190903663635
16.40999388694763
14.9788339138031
16.66561794281006
17.47758388519287
15.41813492774963
17.80514287948608
15.83147120475769
15.39161396026611
15.60134887695312
15.28252100944519
15.33430314064026
10.87907004356384
11.22648096084595
13.03767800331116
12.24375796318054
12.04097414016724
11.86708998680115
13.02185487747192
11.94751596450806
14.11152505874634
14.28279590606689
13.83902406692505
14.9040219783783
12.38179183006287
12.72205018997192
12.50579905509949
14.36219692230225
13.27326893806458
13.59776306152344
11.30330801010132
13.84768891334534
12.87957406044006
12.22222995758057
13.63964891433716
13.48248314857483
12.80120801925659
13.32523894309998
12.99850010871887
12.60700082778931
12.37181782722473
14.94685006141663
12.43044209480286
14.00315308570862
14.77680993080139
15.27061700820923
15.69859910011292
14.46564388275146
15.59779596328735
14.00445103645325
14.45011520385742
15.10926985740662
15.58280491828918
15.94788503646851
15.42455887794495
14.87916994094849
14.75095701217651
16.40446400642395
16.35872292518616
15.63946318626404
16.86367011070251
15.82619285583496
17.59089303016663
17.12481999397278
17.44963097572327
16.28988695144653
16.93147110939026
16.13119196891785
17.50674605369568
18.5040807723999
17.93535089492798
18.7883780002594
16.9409019947052
27.4050190448761
17.89439797401428
18.20795392990112
16.4602358341217
10.71312618255615
12.44327712059021
11.87770199775696
12.33043503761292
12.56384801864624
12.76821708679199
12.09912204742432
10.6304919719696
11.44167494773865
12.12785196304321
14.08120584487915
15.73239994049072
13.02422714233398
12.9955039024353
12.36697101593018
15.58692097663879
13.08792114257812
12.1134819984436
12.21604299545288
13.72725319862366
13.33574914932251
11.58895683288574
12.66482400894165
13.92811489105225
12.73565196990967
12.59108090400696
14.19831705093384
13.46594309806824
12.97158908843994
11.98364210128784
13.63011312484741
14.68815207481384
15.09757709503174
14.73225092887878
15.31011295318604
14.02773594856262
15.08025002479553
15.01599907875061
15.30556011199951
14.34604287147522
16.3370680809021
15.65319800376892
15.31752800941467
15.48156118392944
17.10555410385132
16.74240303039551
17.3989839553833
18.10759282112122
18.54229688644409
15.96278810501099
16.51796102523804
17.19549584388733
17.89676022529602
17.47746896743774
15.92346096038818
17.42746090888977
17.18888688087463
17.04830408096313
17.19046902656555
14.76650500297546
16.68157291412354
17.16340494155884
17.89026713371277
18.75222301483154
15.37912178039551
10.88482689857483
11.44123101234436
13.05844688415527
13.39216089248657
12.50759792327881
12.93101000785828
11.67451000213623
12.65415096282959
13.71501493453979
13.50221300125122
11.49638700485229
13.93018388748169
11.56155800819397
13.23862504959106
13.1870219707489
14.30798983573914
13.06352591514587
12.98505902290344
13.94285178184509
13.173504114151
13.66800117492676
12.27431297302246
14.00411701202393
14.35155296325684
12.6814591884613
13.90514993667603
13.56832599639893
12.9404981136322
12.4016900062561
13.2784698009491
14.48043298721313
15.43725895881653
11.87854790687561
15.8267650604248
13.95704388618469
14.84254598617554
15.7205228805542
12.43030214309692
15.3060188293457
14.44431614875793
15.46026492118835
15.05072903633118
14.34278893470764
16.08924698829651
15.50629901885986
18.10574507713318
16.576828956604
19.39272904396057
17.88738703727722
18.67227101325989
18.15375900268555
17.13036203384399
14.57746601104736
16.42694592475891
14.33269190788269
15.49425792694092
15.31963300704956
16.09628582000732
16.22218203544617
18.06508183479309
16.77348899841309
14.70912885665894
17.01599717140198
17.60251092910767
14.3065390586853
10.72828793525696
12.25806498527527
15.47322392463684
13.09679293632507
12.52626705169678
13.30907297134399
12.10339903831482
11.22808790206909
13.63620615005493
13.01079893112183
12.85164999961853
13.01271796226501
12.86061406135559
14.45099997520447
13.63404989242554
13.61361217498779
12.89842414855957
13.38823103904724
15.14354300498962
13.69793486595154
14.50641393661499
13.83563804626465
12.7343578338623
17.49251198768616
12.82661700248718
13.8669159412384
13.87100195884705
13.9055769443512
14.6415479183197
13.04991984367371
14.70248699188232
14.312912940979
14.92010307312012
14.39526104927063
15.14457488059998
13.49054789543152
14.4308910369873
13.56449484825134
15.63801097869873
16.41609907150269
16.19706606864929
17.47082710266113
16.32096409797668
17.27773499488831
15.85044717788696
17.76705718040466
16.16675496101379
18.11028099060059
17.85936403274536
18.61326003074646
14.25746989250183
16.6475989818573
18.07495188713074
18.11048793792725
18.55459189414978
14.71243405342102
16.6123640537262
17.38801908493042
17.96199989318848
16.71241188049316
16.36813497543335
17.27978897094727
17.52233099937439
15.66866111755371
16.38068413734436
10.87819695472717
13.02049589157104
11.85126209259033
11.27821803092957
12.56192088127136
12.55441284179688
11.44309616088867
12.73606300354004
12.86944603919983
13.25600719451904
11.28767800331116
14.16919612884521
12.67808103561401
13.55716896057129
13.4998619556427
13.86149001121521
12.75179815292358
13.16275691986084
12.23821091651917
10.87773299217224
12.47792816162109
13.14278101921082
11.98554491996765
12.02636313438416
13.52862286567688
12.90108489990234
12.37854218482971
13.19622015953064
13.49055790901184
12.60154008865356
13.60593104362488
14.16564798355103
15.51497387886047
13.57027387619019
14.27546095848083
12.51190114021301
15.34864401817322
13.96295189857483
15.33950996398926
16.26860618591309
13.95006108283997
20.43016195297241
16.69605898857117
16.70616507530212
15.57907104492188
17.26614093780518
