0.3386480808258057
0.2737770080566406
0.347790002822876
0.1808900833129883
0.6794421672821045
0.3566529750823975
0.2604899406433105
0.2235891819000244
0.226719856262207
0.3956270217895508
0.3051109313964844
0.2813420295715332
0.2827131748199463
0.5168240070343018
0.2985219955444336
0.5719399452209473
0.2019038200378418
1.822196006774902
0.4190330505371094
0.7390069961547852
0.2309799194335938
0.4022610187530518
0.1890759468078613
0.5511980056762695
0.7165968418121338
0.6467850208282471
0.5420169830322266
0.4069740772247314
0.3223171234130859
0.6505718231201172
0.3456192016601562
0.2231841087341309
0.6405289173126221
0.4265279769897461
0.5109591484069824
0.5335361957550049
0.2654740810394287
0.9430868625640869
0.1749119758605957
0.2712419033050537
0.387253999710083
0.7247920036315918
0.4681429862976074
0.4355659484863281
1.746689081192017
0.7715790271759033
0.2758989334106445
1.420776844024658
0.6870861053466797
0.4290230274200439
0.2635009288787842
0.3539791107177734
0.2489190101623535
0.7673120498657227
0.3115320205688477
0.4429600238800049
0.2359418869018555
0.2431309223175049
0.2287459373474121
0.3318819999694824
0.9787881374359131
0.6992440223693848
0.2412309646606445
2.62743091583252
0.5479719638824463
0.3976559638977051
0.5158710479736328
0.3937509059906006
0.4516069889068604
0.3402249813079834
0.3101129531860352
0.3875939846038818
0.4317350387573242
0.2812068462371826
0.3594779968261719
0.2852809429168701
2.102282047271729
0.2378101348876953
0.4895699024200439
0.2771439552307129
0.6335799694061279
0.4329841136932373
0.7120411396026611
0.1986169815063477
0.2829079627990723
0.6490120887756348
0.4428398609161377
0.2525649070739746
0.2210869789123535
0.4021570682525635
0.5701069831848145
0.2028489112854004
0.2738099098205566
0.8156731128692627
0.362044095993042
0.6288728713989258
0.6068248748779297
0.338831901550293
0.7162680625915527
0.2219750881195068
0.1817309856414795
0.9733481407165527
0.3070871829986572
0.3041708469390869
0.3934841156005859
0.2939519882202148
0.24104905128479
0.1935849189758301
0.7017080783843994
0.2355551719665527
0.3376591205596924
0.5160009860992432
0.9315540790557861
0.9255821704864502
0.2455220222473145
0.2330131530761719
0.3872799873352051
0.224524974822998
0.502525806427002
0.421442985534668
0.6182141304016113
0.4097878932952881
0.4614949226379395
0.4622700214385986
0.3159148693084717
0.5149140357971191
0.4198729991912842
0.3696131706237793
2.546648979187012
0.6253540515899658
0.07718205451965332
0.5167620182037354
0.6958348751068115
0.3983697891235352
0.5459070205688477
0.6085832118988037
0.3378770351409912
0.2538189888000488
0.2985241413116455
0.2640559673309326
0.264552116394043
0.3006360530853271
0.352006196975708
0.2612209320068359
0.9668209552764893
1.39125919342041
0.2343900203704834
0.3117871284484863
0.2764439582824707
0.4586629867553711
0.5691030025482178
0.5999109745025635
0.2429800033569336
0.7168898582458496
0.5734851360321045
0.5682089328765869
0.8357539176940918
0.3175809383392334
0.2937819957733154
0.6162109375
1.756424903869629
0.8043720722198486
0.3622801303863525
0.5900540351867676
0.7904109954833984
0.3956348896026611
0.2746210098266602
0.5754168033599854
0.4107198715209961
0.6218700408935547
0.290006160736084
0.3895759582519531
0.3565139770507812
0.3361930847167969
0.5380649566650391
0.7269690036773682
0.2390120029449463
0.3518831729888916
0.5218319892883301
0.5731010437011719
0.2693300247192383
0.2611868381500244
0.3345282077789307
0.6506838798522949
0.2388319969177246
0.5508949756622314
0.4709880352020264
0.3095579147338867
0.2717750072479248
0.437190055847168
0.4990019798278809
0.6668319702148438
0.5215780735015869
0.3061809539794922
0.5480749607086182
0.4136130809783936
0.2313270568847656
0.4371671676635742
0.6548662185668945
0.4374921321868896
0.5963051319122314
0.2859640121459961
0.1741318702697754
0.4147660732269287
0.6865530014038086
0.3666219711303711
0.4591100215911865
1.064251899719238
0.3608939647674561
0.2570869922637939
0.2083170413970947
0.3176350593566895
0.2296888828277588
0.7577080726623535
0.2454969882965088
0.3709409236907959
0.9102280139923096
0.52134108543396
0.2379388809204102
0.252371072769165
0.3753519058227539
0.5365071296691895
0.4789180755615234
0.5062720775604248
0.7961609363555908
0.802753210067749
0.3585131168365479
0.5186610221862793
0.716771125793457
0.4667510986328125
0.1919538974761963
0.3019609451293945
0.3663630485534668
0.5902340412139893
0.6306579113006592
0.3422050476074219
0.3315188884735107
0.2570300102233887
0.2564330101013184
0.6903121471405029
0.4440169334411621
0.2986950874328613
0.6887428760528564
0.2086570262908936
0.8691079616546631
0.2425661087036133
0.6339840888977051
0.218904972076416
0.9306910037994385
0.7761871814727783
0.9491448402404785
1.321258068084717
0.2544541358947754
0.397122859954834
0.2856309413909912
0.48435378074646
0.2934980392456055
0.2892701625823975
0.3722128868103027
0.2036080360412598
0.0879671573638916
0.2938709259033203
0.2204749584197998
0.4047420024871826
0.2651968002319336
0.2738080024719238
2.012676000595093
0.4578859806060791
0.2685530185699463
0.6893689632415771
0.9979498386383057
0.4644169807434082
0.1833560466766357
0.455341100692749
0.231572151184082
0.3486080169677734
0.4911549091339111
0.2425100803375244
0.2431299686431885
0.410635232925415
0.2921109199523926
0.2901070117950439
0.2674539089202881
0.289607048034668
0.3259990215301514
0.2789549827575684
0.3648090362548828
0.3083109855651855
0.2508738040924072
0.2744710445404053
0.3079159259796143
0.2790470123291016
0.3394241333007812
0.2590539455413818
0.4179830551147461
0.6800007820129395
0.2315928936004639
0.7642340660095215
0.2656559944152832
0.73813796043396
0.3434398174285889
0.1874570846557617
0.3936498165130615
0.3535661697387695
0.5529711246490479
1.507200956344604
0.3072540760040283
0.2641708850860596
0.4683349132537842
0.3713068962097168
0.3618030548095703
4.229249000549316
0.4551849365234375
0.5860230922698975
0.3982241153717041
0.3035368919372559
0.403656005859375
0.6236989498138428
0.2637488842010498
0.219170093536377
0.3539249897003174
2.101767063140869
0.340444803237915
0.3108799457550049
0.2634470462799072
0.08799314498901367
0.3783719539642334
0.3861041069030762
0.3009099960327148
0.4238059520721436
0.3468539714813232
0.3111801147460938
3.937252998352051
0.3793399333953857
0.536984920501709
0.7965359687805176
0.658717155456543
0.6240930557250977
0.934704065322876
0.3210451602935791
1.283827066421509
0.381126880645752
0.8106951713562012
0.4459030628204346
0.1976821422576904
0.2147679328918457
0.4318099021911621
0.9171500205993652
0.9711058139801025
0.3603739738464355
0.4154930114746094
0.5440468788146973
0.6599230766296387
0.37654709815979
0.2794320583343506
0.7241299152374268
0.2977948188781738
0.2256200313568115
0.5024068355560303
0.6437900066375732
1.5050368309021
0.6386151313781738
0.6657860279083252
0.6576828956604004
0.3914780616760254
0.3589949607849121
0.5893418788909912
0.2676379680633545
0.36080002784729
0.6845159530639648
0.1846420764923096
0.4819819927215576
0.2831320762634277
0.233928918838501
0.5555679798126221
0.292579174041748
0.5327839851379395
0.5596549510955811
0.237821102142334
0.3084819316864014
0.4490540027618408
0.2355649471282959
0.4292080402374268
0.5378189086914062
0.4842190742492676
0.668738842010498
0.3524749279022217
0.3446321487426758
0.2338850498199463
0.5300757884979248
0.09271502494812012
1.024443864822388
0.7616539001464844
0.3456020355224609
0.7754149436950684
0.1806249618530273
0.3302929401397705
0.6569991111755371
0.4429469108581543
0.3344910144805908
0.3231501579284668
0.3478288650512695
0.2964098453521729
1.100756883621216
1.12279200553894
0.4955928325653076
0.490307092666626
0.298457145690918
0.2466518878936768
0.8511641025543213
0.4822781085968018
0.760735034942627
0.3273310661315918
0.2754189968109131
0.2136800289154053
0.3690240383148193
0.4705390930175781
0.251708984375
0.2733888626098633
0.253262996673584
0.4501681327819824
0.6306719779968262
0.912973165512085
1.136296987533569
0.3079769611358643
0.3125629425048828
0.2337698936462402
0.5320467948913574
0.3298850059509277
0.2301559448242188
0.5287220478057861
0.2917299270629883
0.2789671421051025
0.2704708576202393
0.4415590763092041
0.4026389122009277
0.2307610511779785
0.258281946182251
0.3232858180999756
0.3988528251647949
0.4897081851959229
0.2364950180053711
0.6147630214691162
0.3550338745117188
0.4122228622436523
0.2744040489196777
2.314418077468872
0.4777328968048096
0.3232409954071045
0.4190330505371094
0.3294210433959961
0.4730861186981201
0.4805939197540283
0.3726949691772461
0.4362251758575439
0.09026598930358887
0.3809831142425537
0.4752371311187744
0.2679789066314697
0.2347030639648438
0.3232929706573486
0.6157979965209961
0.6019370555877686
0.3569378852844238
0.2279109954833984
0.5140280723571777
0.2616140842437744
0.2235729694366455
0.746737003326416
0.5277950763702393
0.6442139148712158
1.243562936782837
1.069766998291016
0.231813907623291
3.076328039169312
0.2728500366210938
0.3507518768310547
0.2295827865600586
0.2418720722198486
0.702362060546875
0.3835210800170898
0.5309948921203613
0.5520989894866943
0.3317129611968994
0.4544188976287842
0.2596859931945801
0.7855660915374756
0.4475250244140625
0.3967468738555908
0.2154889106750488
0.4186561107635498
0.3469500541687012
0.2904531955718994
0.3475141525268555
0.7661068439483643
0.3962960243225098
0.27982497215271
0.2250919342041016
0.50490403175354
0.2888669967651367
1.43232798576355
0.3064210414886475
1.466169834136963
0.4432520866394043
0.4983158111572266
1.284684896469116
0.4337658882141113
0.8734920024871826
0.6006729602813721
0.4125378131866455
0.3310861587524414
0.3054800033569336
0.406466007232666
0.3244640827178955
0.1969189643859863
0.3368098735809326
0.7218821048736572
0.5874559879302979
0.5379359722137451
0.1734509468078613
0.08273005485534668
0.2865908145904541
0.601539134979248
0.2261080741882324
0.2260611057281494
0.5051770210266113
0.510051965713501
0.3279449939727783
0.3049619197845459
0.7576608657836914
0.2560849189758301
0.526684045791626
0.2606179714202881
0.4668469429016113
1.158003091812134
0.4401509761810303
0.2327239513397217
0.6381621360778809
0.4040429592132568
0.6850578784942627
0.3442480564117432
0.3169918060302734
0.7005569934844971
1.399186849594116
0.540104866027832
0.2547199726104736
0.6344821453094482
0.3039829730987549
0.2161939144134521
0.2210230827331543
0.391711950302124
0.2226121425628662
0.26774001121521
0.3842649459838867
0.6363952159881592
0.3780648708343506
0.4610271453857422
0.2275211811065674
0.4536120891571045
0.7096271514892578
0.2574200630187988
0.2873299121856689
0.1798810958862305
0.6928858757019043
2.236433982849121
0.3909251689910889
0.2430188655853271
0.6172530651092529
0.2941839694976807
0.4277927875518799
0.3832030296325684
0.2353389263153076
0.2703378200531006
1.124545097351074
0.2168569564819336
0.3206310272216797
0.2532491683959961
0.4842979907989502
0.6065449714660645
0.3927500247955322
0.5042591094970703
0.3790590763092041
0.4708869457244873
0.6088719367980957
0.5690720081329346
0.4803919792175293
0.4105398654937744
0.6261899471282959
0.2365789413452148
0.2871799468994141
0.3647148609161377
0.3903868198394775
0.2526528835296631
0.4672660827636719
0.3736450672149658
0.405642032623291
0.3785750865936279
0.2757179737091064
0.5183069705963135
0.3149540424346924
0.6058249473571777
0.2802450656890869
0.1719820499420166
0.5000090599060059
0.2739541530609131
0.3602380752563477
0.2441470623016357
0.6792230606079102
0.564892053604126
0.8356099128723145
0.5852978229522705
0.3482658863067627
0.7109479904174805
0.3839409351348877
0.4377949237823486
0.3378360271453857
0.5353019237518311
0.4901540279388428
0.3633151054382324
0.4363911151885986
1.91947603225708
0.2980749607086182
0.3834569454193115
0.3870120048522949
0.3386468887329102
1.014620065689087
0.8133270740509033
0.7800869941711426
0.3824360370635986
0.3420200347900391
0.3372321128845215
0.7801270484924316
0.8143651485443115
0.2348108291625977
0.4320299625396729
0.3554520606994629
0.5290651321411133
0.3930521011352539
0.5442960262298584
0.5371730327606201
0.5038719177246094
0.1880719661712646
0.2141740322113037
0.4512639045715332
0.5210709571838379
0.2672040462493896
1.628283977508545
0.5685160160064697
1.080106019973755
0.2395071983337402
0.2780599594116211
0.2977099418640137
0.3186168670654297
0.4825642108917236
0.2489650249481201
0.5919880867004395
0.3003220558166504
0.7083380222320557
0.2437350749969482
0.2403280735015869
0.2612109184265137
0.8725628852844238
0.4283201694488525
0.2391328811645508
0.5906009674072266
0.3012368679046631
0.2463400363922119
0.3686649799346924
0.2253110408782959
0.2874391078948975
0.3455350399017334
0.2748129367828369
0.2879009246826172
1.205559015274048
0.3593130111694336
0.2842230796813965
0.3823490142822266
0.4376699924468994
0.7147729396820068
0.2715659141540527
1.54992413520813
0.7100670337677002
0.3586940765380859
0.7603859901428223
0.4322009086608887
0.8565661907196045
0.2211339473724365
0.4097981452941895
0.3774099349975586
0.8109898567199707
0.3347768783569336
0.2897269725799561
0.2558610439300537
0.3860321044921875
0.2285208702087402
0.2007980346679688
0.2558650970458984
0.4369029998779297
0.4049828052520752
0.2751998901367188
0.53438401222229
0.3757710456848145
0.4967629909515381
0.8915331363677979
0.416254997253418
0.6072731018066406
0.3062300682067871
0.276979923248291
0.775331974029541
0.4718830585479736
0.2839369773864746
0.4187378883361816
0.3756899833679199
0.4054419994354248
0.7183339595794678
0.08070206642150879
0.178225040435791
0.4205548763275146
0.3446581363677979
3.195401906967163
0.4242000579833984
0.5766639709472656
0.3188979625701904
0.2473809719085693
0.7005150318145752
0.9248440265655518
0.461090087890625
0.34055495262146
1.164006948471069
0.2037310600280762
0.247075080871582
0.2302820682525635
0.4999129772186279
0.4708399772644043
0.5028150081634521
0.4346029758453369
0.3685979843139648
0.6498739719390869
0.3637549877166748
1.448050975799561
0.446829080581665
0.576718807220459
0.4281370639801025
0.2313511371612549
0.2648069858551025
2.011792898178101
0.2489159107208252
0.3089978694915771
0.3713078498840332
0.3425529003143311
0.2458031177520752
0.3761279582977295
0.3541731834411621
0.4228630065917969
0.4465248584747314
0.540891170501709
0.5216660499572754
0.3583791255950928
0.5776669979095459
0.4444451332092285
0.5201480388641357
0.7026410102844238
0.4121739864349365
0.7194931507110596
0.6074550151824951
0.3421661853790283
0.5824520587921143
0.2400951385498047
0.5163180828094482
0.6772420406341553
0.2396049499511719
0.4686551094055176
0.7046139240264893
0.2849891185760498
0.3635761737823486
0.3377590179443359
1.364051818847656
0.2828669548034668
2.1667320728302
0.2683680057525635
0.08164715766906738
0.52457594871521
0.6086528301239014
0.6246490478515625
0.3775968551635742
0.3935251235961914
0.2987768650054932
0.3037559986114502
0.2206709384918213
0.6239359378814697
1.013140916824341
0.5038208961486816
0.2677838802337646
0.67044997215271
0.4817581176757812
0.4730381965637207
0.3064539432525635
0.2567269802093506
0.2470541000366211
0.5209140777587891
1.045154094696045
0.4721150398254395
0.6595189571380615
0.4130020141601562
0.2957479953765869
0.4061911106109619
0.4694421291351318
0.3950700759887695
0.3229610919952393
0.6234447956085205
0.2352719306945801
0.3383469581604004
0.3254759311676025
0.4925370216369629
0.3221149444580078
0.4159500598907471
0.2393500804901123
0.4288709163665771
0.3685269355773926
0.263847827911377
0.2506120204925537
0.6398859024047852
0.2107839584350586
0.2311508655548096
0.2316238880157471
1.395811796188354
0.4878809452056885
0.4494609832763672
0.321774959564209
0.6823060512542725
0.3605318069458008
0.2450470924377441
0.2691669464111328
0.7303619384765625
0.4057991504669189
0.5001718997955322
0.4479739665985107
0.2964379787445068
0.8386898040771484
0.3935179710388184
1.403565168380737
0.2332499027252197
0.3138370513916016
0.2458159923553467
1.940065860748291
0.4677700996398926
0.6854100227355957
0.6089270114898682
0.3696208000183105
0.852135181427002
0.4268510341644287
0.4006869792938232
0.4713540077209473
0.227118968963623
0.294780969619751
0.4470639228820801
0.3229711055755615
0.481266975402832
0.8575899600982666
0.8646550178527832
0.5837910175323486
0.4447519779205322
0.401885986328125
0.4498538970947266
0.3389689922332764
0.2404980659484863
0.9792788028717041
0.3354299068450928
0.5826389789581299
0.3459639549255371
0.5914549827575684
0.2595300674438477
0.517113208770752
0.3285219669342041
0.9466569423675537
0.2832179069519043
0.4378430843353271
0.5924580097198486
0.3083038330078125
0.7017970085144043
0.2555229663848877
0.5839738845825195
0.4236109256744385
0.6094779968261719
0.2837510108947754
0.2533800601959229
0.4578139781951904
0.2495908737182617
0.2756829261779785
0.6524310111999512
0.2270529270172119
0.2527799606323242
0.5493578910827637
0.5060610771179199
0.4539330005645752
0.2774708271026611
0.2311530113220215
0.2778561115264893
0.3652009963989258
0.6689610481262207
1.400353193283081
0.4315040111541748
0.2929539680480957
0.6041009426116943
0.5916218757629395
0.3978209495544434
0.422382116317749
0.6375739574432373
0.1963248252868652
0.3774559497833252
0.309535026550293
0.508958101272583
0.3755149841308594
0.5703740119934082
0.4147818088531494
0.425609827041626
0.2861979007720947
0.7804999351501465
0.5144379138946533
0.4345099925994873
0.4278290271759033
0.1775228977203369
0.2773661613464355
0.3405320644378662
1.901081085205078
0.2506499290466309
0.3076159954071045
0.2871670722961426
0.3392329216003418
0.2618508338928223
0.3306288719177246
0.2285299301147461
0.7146680355072021
0.4517350196838379
0.2239937782287598
0.2969319820404053
0.6870489120483398
0.533095121383667
0.2641880512237549
0.450214147567749
0.9302170276641846
0.676584005355835
0.2390789985656738
0.2466959953308105
0.4294750690460205
0.1698019504547119
0.6258800029754639
0.822504997253418
0.4881742000579834
0.4185149669647217
0.1843311786651611
0.3028900623321533
0.4133968353271484
0.3499770164489746
0.6375632286071777
0.5558788776397705
0.3742790222167969
0.9689791202545166
0.43373703956604
0.699894905090332
1.53082013130188
0.2708339691162109
0.6607520580291748
1.471197843551636
0.353985071182251
0.2939438819885254
0.2024800777435303
0.2385880947113037
0.4006669521331787
0.3619928359985352
0.3442909717559814
0.3403849601745605
0.3981449604034424
0.2827820777893066
0.6990718841552734
0.08688497543334961
0.4052670001983643
0.2271380424499512
0.5783181190490723
0.5762040615081787
0.2960479259490967
0.4207658767700195
0.6363959312438965
0.6992189884185791
0.2968161106109619
0.5390651226043701
0.3540859222412109
0.5475940704345703
0.2263989448547363
0.2931098937988281
0.3183248043060303
0.7687859535217285
0.411189079284668
0.2653470039367676
0.432466983795166
0.8777389526367188
1.57024097442627
0.82985520362854
0.6323528289794922
0.6701498031616211
0.3306479454040527
0.4406940937042236
0.479727029800415
0.7286109924316406
0.354863166809082
0.5072369575500488
0.2790379524230957
0.7870221138000488
2.644677877426147
0.4842479228973389
0.4695930480957031
0.6640050411224365
0.2713751792907715
0.4378299713134766
0.3798239231109619
0.2651469707489014
0.2305431365966797
0.2571401596069336
0.183297872543335
0.3162460327148438
0.5749678611755371
0.257720947265625
0.7798290252685547
0.5157339572906494
0.2132108211517334
0.6588799953460693
0.178210973739624
0.2421789169311523
0.9907188415527344
0.6886801719665527
3.33228611946106
0.5338840484619141
0.3443551063537598
3.651225090026855
0.9254961013793945
0.354456901550293
0.3645598888397217
0.2259280681610107
0.2905678749084473
0.3370599746704102
0.4515728950500488
0.5503621101379395
0.4554831981658936
0.266603946685791
0.3468101024627686
0.4258530139923096
0.2244858741760254
0.6490669250488281
0.259483814239502
0.3039560317993164
0.5531859397888184
0.1929910182952881
0.7737009525299072
0.3320949077606201
0.3974971771240234
0.2661499977111816
0.559697151184082
0.77128005027771
0.2816388607025146
0.4325118064880371
0.3764162063598633
0.2717719078063965
2.468947172164917
0.6479530334472656
0.5219299793243408
0.4343371391296387
2.867501974105835
0.6665990352630615
0.3161368370056152
0.9597342014312744
0.4391388893127441
0.3471889495849609
0.2263920307159424
0.5690038204193115
0.2542669773101807
0.3140368461608887
0.2979340553283691
0.2510428428649902
0.4821081161499023
0.5556149482727051
0.4701838493347168
0.2833709716796875
0.2608540058135986
0.2366487979888916
0.2581958770751953
0.4945111274719238
0.2948601245880127
1.343451976776123
0.429879903793335
0.7695000171661377
0.5259678363800049
0.3114838600158691
1.226956129074097
0.7449450492858887
0.7897570133209229
0.4058051109313965
0.4220829010009766
0.4319860935211182
0.4835319519042969
0.2652759552001953
0.2716689109802246
0.2399580478668213
0.3050820827484131
0.603740930557251
0.3294539451599121
0.07910895347595215
0.6846959590911865
0.4045200347900391
0.4979901313781738
0.3183321952819824
0.4667730331420898
0.3162989616394043
0.3864219188690186
0.5675971508026123
0.3265690803527832
0.25730299949646
1.204873085021973
0.2473890781402588
0.2401061058044434
0.2273218631744385
0.8276801109313965
0.6435019969940186
0.263679027557373
0.5425920486450195
0.239548921585083
0.4039740562438965
0.5502989292144775
0.2793388366699219
0.266016960144043
0.2664570808410645
0.5069689750671387
0.5094501972198486
0.294590950012207
0.6072092056274414
0.5079209804534912
0.2925689220428467
0.413118839263916
0.2409758567810059
0.2654929161071777
0.2596712112426758
0.4473121166229248
0.304703950881958
0.1804330348968506
0.2564311027526855
0.1996898651123047
0.1832911968231201
0.3062570095062256
0.3286221027374268
0.4586257934570312
0.6284170150756836
0.3230781555175781
0.2780210971832275
0.9881479740142822
0.2238969802856445
0.317004919052124
0.4023580551147461
0.9971239566802979
0.2432482242584229
0.6950099468231201
0.2368230819702148
1.8266921043396
0.2759578227996826
0.4724190235137939
0.8350110054016113
0.4184999465942383
0.2880458831787109
1.602045059204102
0.3490180969238281
0.3221321105957031
0.4045391082763672
0.5697779655456543
0.2753298282623291
0.3866219520568848
0.6027560234069824
0.6540601253509521
0.4925220012664795
0.3542301654815674
0.6732161045074463
0.5177521705627441
0.3494970798492432
0.2284998893737793
0.4712619781494141
0.6181318759918213
0.4961800575256348
0.3040750026702881
0.6162230968475342
0.2704520225524902
0.4295909404754639
0.606518030166626
0.794870138168335
0.4875650405883789
0.3335399627685547
0.290090799331665
0.5819790363311768
0.2953629493713379
0.1631820201873779
0.690742015838623
0.2693691253662109
0.4541900157928467
0.4733829498291016
0.3668899536132812
0.4760158061981201
0.2214171886444092
0.6799299716949463
0.3121931552886963
0.2851250171661377
0.2978940010070801
0.3077700138092041
0.22393798828125
0.4663290977478027
0.4488401412963867
0.2955830097198486
0.2078218460083008
0.343458890914917
0.3185598850250244
0.3283369541168213
0.3066451549530029
0.6557338237762451
0.9700589179992676
0.56209397315979
0.4825088977813721
0.4457859992980957
0.4562242031097412
1.958313941955566
0.2651760578155518
0.6996839046478271
0.9052469730377197
0.5636367797851562
0.5277619361877441
0.4278960227966309
0.3401250839233398
0.6401610374450684
0.3446629047393799
2.338105916976929
1.560960054397583
1.519007921218872
0.4047348499298096
0.3850469589233398
0.1938619613647461
0.4495911598205566
1.036720991134644
0.3049609661102295
0.446681022644043
0.4199209213256836
0.2297570705413818
0.2756340503692627
0.5399160385131836
0.798922061920166
0.3565719127655029
0.3182189464569092
0.3728289604187012
0.2319250106811523
2.805509090423584
0.4400601387023926
0.267974853515625
0.2317230701446533
0.2882819175720215
0.3203120231628418
0.441443920135498
0.6126821041107178
0.7466011047363281
0.2530019283294678
0.3930580615997314
0.4179089069366455
0.4447219371795654
0.6530771255493164
0.3175580501556396
0.957273006439209
0.7698121070861816
0.4131708145141602
0.4410300254821777
0.3620789051055908
0.2834908962249756
0.3161749839782715
0.3310470581054688
0.2723269462585449
0.3536429405212402
0.3602168560028076
0.8521811962127686
0.3547542095184326
0.2511050701141357
0.4667038917541504
0.2400360107421875
1.050976037979126
0.2930810451507568
0.5604908466339111
0.3756780624389648
0.8542540073394775
0.3115041255950928
0.2012951374053955
0.2325139045715332
0.481299877166748
0.3860390186309814
0.4189810752868652
0.4341640472412109
0.2460668087005615
3.157083034515381
0.5878531932830811
0.3146469593048096
0.3134708404541016
0.07410979270935059
0.235612154006958
0.5178470611572266
0.3017208576202393
0.2147018909454346
0.2386989593505859
0.4273068904876709
0.2815308570861816
0.233579158782959
2.038361072540283
0.7749569416046143
0.2596120834350586
0.4011070728302002
0.4642131328582764
0.2093660831451416
0.2777700424194336
0.322070837020874
0.5585620403289795
0.3308749198913574
0.1954770088195801
0.5601348876953125
0.4045770168304443
0.4087979793548584
0.2900309562683105
0.2905359268188477
0.3082959651947021
0.2486200332641602
0.6729540824890137
0.1907680034637451
0.6185829639434814
0.2784290313720703
1.296783924102783
1.926412105560303
0.2611179351806641
0.3552789688110352
0.5174839496612549
0.2442169189453125
0.347736120223999
1.767244100570679
1.175019979476929
2.918982028961182
0.4080698490142822
0.3715460300445557
0.7103250026702881
0.314096212387085
0.2416298389434814
0.3510150909423828
0.921720027923584
0.3036458492279053
0.2184591293334961
0.7359330654144287
0.2788350582122803
0.7640640735626221
0.3953609466552734
0.1839368343353271
0.3409719467163086
0.4322340488433838
0.9602770805358887
0.2830879688262939
0.2904469966888428
0.3042490482330322
0.376068115234375
0.2653958797454834
0.4061980247497559
0.3123929500579834
0.08837699890136719
0.3823552131652832
0.5025861263275146
0.7269909381866455
0.4181180000305176
0.2352950572967529
0.374006986618042
0.5489780902862549
0.4355099201202393
0.2918510437011719
1.027944087982178
2.247121095657349
0.3993868827819824
0.2123219966888428
0.5741801261901855
0.6966071128845215
0.5424380302429199
0.7430899143218994
1.182029962539673
0.6158211231231689
0.5105690956115723
0.2655360698699951
0.3754332065582275
0.2956540584564209
0.2171938419342041
0.5453958511352539
0.3131630420684814
0.43520188331604
0.3944611549377441
0.3371651172637939
0.4854550361633301
0.2675950527191162
0.7899539470672607
0.2999680042266846
1.04678201675415
0.2682631015777588
0.2473409175872803
0.5407140254974365
0.4016501903533936
0.6445260047912598
0.3763999938964844
0.3143200874328613
0.322052001953125
0.3173260688781738
0.3883450031280518
0.7065739631652832
0.4331109523773193
0.2931749820709229
0.3583769798278809
0.2454750537872314
1.859010934829712
0.33107590675354
0.2901220321655273
0.4610860347747803
0.3153719902038574
0.2635030746459961
0.2367730140686035
0.4402499198913574
0.2295100688934326
0.4873199462890625
0.1913671493530273
1.080106973648071
0.218195915222168
0.9790811538696289
0.3789641857147217
0.09158992767333984
0.5426599979400635
0.2913901805877686
0.4173121452331543
0.6359961032867432
0.6307640075683594
0.7914118766784668
0.217670202255249
0.8872110843658447
0.6686971187591553
0.4019851684570312
0.3659939765930176
0.4865701198577881
0.3801009654998779
0.4634358882904053
0.2746930122375488
0.672050952911377
0.5686001777648926
0.4629850387573242
0.304365873336792
1.1373131275177
0.2098069190979004
0.2917640209197998
0.5229899883270264
0.8787000179290771
0.3502628803253174
0.2741570472717285
0.311629056930542
0.419018030166626
0.4239940643310547
0.3858239650726318
0.4517860412597656
0.1977941989898682
0.5711820125579834
0.4668347835540771
0.9122381210327148
0.6701328754425049
0.4314548969268799
0.1718568801879883
0.2367489337921143
0.3517358303070068
0.1817190647125244
0.5749690532684326
1.093924045562744
0.3414418697357178
0.3887779712677002
0.2739009857177734
0.2966821193695068
0.2202560901641846
0.2088630199432373
0.1805999279022217
0.4505908489227295
0.2413370609283447
0.5156219005584717
0.6304810047149658
0.5508060455322266
0.4920651912689209
0.3523349761962891
0.6884548664093018
0.5942821502685547
0.7929039001464844
0.2872879505157471
0.7717511653900146
0.1924841403961182
0.3434429168701172
0.375248908996582
0.6752719879150391
0.4140880107879639
0.5510621070861816
0.7133040428161621
0.2913498878479004
0.1921939849853516
0.235612154006958
0.4630129337310791
1.277745008468628
0.2435569763183594
0.2768630981445312
0.3412508964538574
0.6060278415679932
0.1752490997314453
0.2120780944824219
0.6593949794769287
0.3409571647644043
0.1776089668273926
0.4220480918884277
0.9871580600738525
0.7613089084625244
1.184607982635498
0.539470911026001
0.2794878482818604
0.3969268798828125
0.2718839645385742
0.2551820278167725
0.3635580539703369
0.3685848712921143
0.345862865447998
0.4789450168609619
0.2549839019775391
0.3070900440216064
0.2814490795135498
0.344545841217041
0.2197208404541016
2.056198120117188
0.2390990257263184
0.3303940296173096
0.4582059383392334
0.3025469779968262
0.399461030960083
0.3196909427642822
0.268812894821167
0.4766089916229248
1.746063947677612
0.5630710124969482
0.4993870258331299
2.687330961227417
0.5387299060821533
0.494408130645752
1.030184984207153
1.265643119812012
0.432941198348999
0.8709838390350342
0.3640799522399902
0.2542638778686523
0.2779481410980225
0.3771600723266602
0.2291600704193115
0.2508301734924316
0.485325813293457
0.316364049911499
0.2414989471435547
0.4534449577331543
0.3591921329498291
0.3119969367980957
0.2690658569335938
0.1835570335388184
0.4265170097351074
0.5583779811859131
0.9048919677734375
0.7581889629364014
0.5986649990081787
1.267119884490967
0.6447021961212158
0.681614875793457
0.4845790863037109
0.4887111186981201
0.3365468978881836
0.3676581382751465
0.2340669631958008
0.6049809455871582
0.5593090057373047
0.2185120582580566
0.4224350452423096
0.878493070602417
0.8205008506774902
0.576970100402832
0.2593328952789307
0.371333122253418
0.3485488891601562
0.294990062713623
0.3108310699462891
0.3389859199523926
0.234591007232666
0.3863961696624756
0.5987060070037842
0.3975999355316162
0.2881391048431396
0.2015910148620605
0.288809061050415
0.3321330547332764
0.2482640743255615
0.2845909595489502
0.5034749507904053
0.6823749542236328
0.5079350471496582
0.3688499927520752
0.3061749935150146
0.9880149364471436
0.389272928237915
0.6512811183929443
0.6508100032806396
0.9694750308990479
0.4751110076904297
0.188647985458374
0.2879848480224609
0.5356781482696533
0.5642459392547607
0.4369878768920898
0.4917209148406982
0.2364599704742432
1.30785608291626
0.6117169857025146
0.2308111190795898
0.8219499588012695
0.21579909324646
0.9922490119934082
0.09298396110534668
0.7186100482940674
0.5560040473937988
0.3031871318817139
1.905647039413452
0.4359250068664551
0.5760009288787842
0.5313458442687988
0.7272040843963623
2.609128952026367
0.2382590770721436
0.3083341121673584
0.2395429611206055
0.4084720611572266
0.3858089447021484
0.5692729949951172
0.7638430595397949
0.178272008895874
0.2880468368530273
0.324120044708252
0.3156239986419678
0.5631940364837646
0.3559610843658447
0.6138899326324463
0.3117389678955078
0.5341198444366455
0.216933012008667
0.3408420085906982
0.3264307975769043
0.5514891147613525
0.4018120765686035
0.2644541263580322
0.2625811100006104
1.27626895904541
0.4646890163421631
0.3271551132202148
0.3416368961334229
0.23471999168396
0.2483789920806885
0.4312980175018311
0.73927903175354
0.3720321655273438
0.2755639553070068
0.4836552143096924
0.2423129081726074
0.4278640747070312
1.5624680519104
0.2220258712768555
0.5519671440124512
0.3119981288909912
0.3311290740966797
0.5895810127258301
0.5101349353790283
0.3687570095062256
0.307833194732666
0.2052879333496094
0.5346529483795166
0.3546969890594482
0.2599658966064453
0.4951760768890381
0.289884090423584
0.4271481037139893
0.6051421165466309
0.1978981494903564
0.2418928146362305
0.09122300148010254
0.2695460319519043
0.21396803855896
0.9201650619506836
0.4344370365142822
0.3941740989685059
0.5481090545654297
0.284153938293457
0.4048590660095215
0.6938540935516357
0.2844488620758057
0.2527909278869629
0.3093559741973877
0.2467989921569824
0.2617111206054688
0.3943500518798828
0.3751471042633057
0.9208769798278809
0.201801061630249
0.3277649879455566
0.261775016784668
0.3473188877105713
0.3645391464233398
0.2484869956970215
0.3463089466094971
0.2472729682922363
0.2688300609588623
0.3139879703521729
0.2765741348266602
0.7408530712127686
0.2507081031799316
0.4558908939361572
0.6726019382476807
0.6644799709320068
0.240211009979248
0.2052998542785645
0.3666629791259766
0.2701549530029297
0.3650181293487549
0.2881309986114502
0.5635020732879639
0.3484070301055908
0.3501601219177246
0.9425239562988281
0.3620941638946533
0.3918399810791016
1.169455051422119
0.653857946395874
0.4641621112823486
0.9019479751586914
1.46477198600769
0.345674991607666
0.8319089412689209
0.3936989307403564
0.2317161560058594
0.6688239574432373
0.5208671092987061
0.6804509162902832
0.533998966217041
2.077183961868286
0.5703458786010742
0.4455840587615967
0.265610933303833
0.6177990436553955
0.4152801036834717
0.1009280681610107
0.6544349193572998
0.5684309005737305
0.3844950199127197
0.2787480354309082
0.5281739234924316
0.4271171092987061
0.3249621391296387
0.2690598964691162
0.3912930488586426
0.1860790252685547
0.3245880603790283
0.2834079265594482
0.2055270671844482
0.7295150756835938
0.4462621212005615
0.416018009185791
0.3055310249328613
0.2089591026306152
0.4083409309387207
0.4547529220581055
0.4001669883728027
0.2115190029144287
0.67348313331604
0.3656070232391357
0.1895308494567871
0.5125420093536377
0.5598869323730469
0.5885100364685059
0.3098020553588867
0.5156841278076172
0.6163060665130615
0.4959621429443359
0.366807222366333
0.6104669570922852
0.1837501525878906
0.2389869689941406
0.4590260982513428
0.4792220592498779
0.3190429210662842
0.2471990585327148
0.290985107421875
0.2698240280151367
0.3825128078460693
0.2214810848236084
0.6100120544433594
0.8360748291015625
0.75325608253479
0.6460628509521484
0.3615481853485107
0.3505969047546387
0.2177519798278809
0.3211069107055664
0.6262228488922119
0.2696621417999268
0.3723208904266357
0.5470349788665771
0.3212370872497559
0.7745249271392822
0.7909820079803467
0.9503369331359863
0.492699146270752
0.4262769222259521
0.6730270385742188
0.2807939052581787
0.08649086952209473
0.3726201057434082
0.5476748943328857
0.4377400875091553
0.2552440166473389
0.3218498229980469
0.2985289096832275
0.5578999519348145
0.6462299823760986
0.3025619983673096
0.1692330837249756
0.5262229442596436
1.203545093536377
0.3258399963378906
0.2427160739898682
0.5265998840332031
0.3491499423980713
0.3492269515991211
0.3366789817810059
0.5887928009033203
0.5548849105834961
0.4221889972686768
0.5260000228881836
0.3358798027038574
0.31221604347229
0.2253730297088623
0.1930358409881592
0.6989529132843018
0.4663300514221191
0.2882418632507324
0.572613000869751
0.6934359073638916
0.3193390369415283
0.4292268753051758
0.4323050975799561
0.6893990039825439
1.198526859283447
0.6485519409179688
0.3513360023498535
0.2794029712677002
0.6673910617828369
0.5223550796508789
0.7946040630340576
0.6634531021118164
0.2484800815582275
0.4456050395965576
0.6953110694885254
0.5057721138000488
0.3390731811523438
0.2280240058898926
0.6767511367797852
0.4311649799346924
0.4566600322723389
0.3427348136901855
0.3496379852294922
0.9488070011138916
0.8456709384918213
0.2615280151367188
0.194922924041748
0.2256369590759277
0.4378588199615479
0.2226340770721436
0.422544002532959
0.2215030193328857
0.2042570114135742
0.5384500026702881
0.3877348899841309
0.9637670516967773
1.533092975616455
0.9167928695678711
0.2206518650054932
0.2438509464263916
1.190668821334839
0.384951114654541
0.2188301086425781
1.143682956695557
0.4438018798828125
0.2870018482208252
0.4485921859741211
0.1896119117736816
0.7349629402160645
0.3485498428344727
0.5218379497528076
0.1802761554718018
0.2842350006103516
0.3644299507141113
0.4913179874420166
0.4437119960784912
0.2258889675140381
0.431035041809082
0.2489891052246094
0.4970078468322754
0.394183874130249
0.3529670238494873
0.5336658954620361
0.2365081310272217
0.2597849369049072
0.1604850292205811
0.2731199264526367
0.7041840553283691
0.305966854095459
0.3623650074005127
0.4811649322509766
0.5174510478973389
0.4123280048370361
0.459852933883667
0.2606959342956543
0.5595431327819824
0.252892017364502
0.2215180397033691
0.9787330627441406
0.3414630889892578
0.2703049182891846
0.7130050659179688
1.004417896270752
0.5187361240386963
0.2023861408233643
0.3452739715576172
0.5980980396270752
0.2441718578338623
0.2391290664672852
0.2595179080963135
0.7127101421356201
0.3076431751251221
0.4449789524078369
0.8439500331878662
0.2731268405914307
0.3017230033874512
0.4084901809692383
0.3691592216491699
0.1161649227142334
0.2854411602020264
0.3946459293365479
0.5355391502380371
0.3403840065002441
0.3966679573059082
0.3343880176544189
0.3545880317687988
0.2263391017913818
0.2147090435028076
0.5185701847076416
0.1831622123718262
0.3016650676727295
0.2506330013275146
0.4370090961456299
0.3664619922637939
0.280472993850708
0.5231621265411377
0.1774020195007324
0.3255801200866699
0.4591891765594482
0.4064409732818604
0.4129641056060791
0.3828690052032471
0.2964589595794678
1.350466012954712
0.6837680339813232
0.403825044631958
0.8261630535125732
0.2364439964294434
0.2965030670166016
0.2636630535125732
0.5517089366912842
0.2734580039978027
0.2401587963104248
0.3616809844970703
0.2598099708557129
0.3446719646453857
0.2263131141662598
0.98124098777771
0.3720629215240479
0.3164470195770264
0.3199770450592041
1.140482902526855
0.6834499835968018
0.5132830142974854
0.6257450580596924
0.2193801403045654
0.3916971683502197
0.279616117477417
0.3040800094604492
0.6452970504760742
0.2596449851989746
0.9456231594085693
0.6429538726806641
0.2150249481201172
0.7872719764709473
0.2468819618225098
1.01491117477417
0.4266002178192139
0.3885478973388672
0.4949460029602051
0.3986308574676514
0.3629219532012939
0.4194860458374023
0.08802700042724609
0.3256220817565918
0.4062869548797607
1.373380184173584
0.4291810989379883
0.4394941329956055
0.3360071182250977
0.4762611389160156
0.4176030158996582
2.703143835067749
0.3526818752288818
0.2433531284332275
0.4630110263824463
2.926454067230225
0.2670550346374512
0.3790030479431152
0.4543869495391846
1.56321907043457
0.2193210124969482
0.2262461185455322
1.436230897903442
0.2324628829956055
0.4559690952301025
0.4198229312896729
0.3093690872192383
0.2709321975708008
0.2657041549682617
0.5689139366149902
0.5510408878326416
0.4170560836791992
0.8553280830383301
0.9601080417633057
0.3943209648132324
0.2634928226470947
0.4234390258789062
0.2891778945922852
0.1857559680938721
0.4668769836425781
0.196789026260376
0.525364875793457
0.2190899848937988
3.071282863616943
0.3622610569000244
0.9493801593780518
0.3892009258270264
0.2832460403442383
0.507206916809082
0.4607071876525879
0.5846760272979736
0.335313081741333
0.3986461162567139
0.2489490509033203
0.4867379665374756
0.4084179401397705
0.2393701076507568
0.285822868347168
0.3898031711578369
0.3628389835357666
0.4324710369110107
0.5532670021057129
0.5810730457305908
0.3053498268127441
0.3762319087982178
3.084604978561401
0.6702210903167725
0.08595609664916992
0.2452328205108643
0.9550991058349609
0.2860038280487061
0.9218349456787109
0.4620749950408936
0.4849720001220703
0.4434030055999756
0.2427921295166016
0.2510790824890137
0.3005390167236328
0.8377130031585693
0.3268837928771973
0.2498857975006104
0.3848850727081299
0.238631010055542
0.379295825958252
0.5541009902954102
0.2844929695129395
0.2462091445922852
0.2852580547332764
0.3968820571899414
0.3369321823120117
0.309074878692627
0.1977849006652832
0.3090550899505615
0.4051737785339355
0.4395101070404053
0.3960559368133545
0.4662151336669922
0.3549299240112305
0.3400189876556396
0.2738068103790283
0.507011890411377
0.4717299938201904
0.4096980094909668
0.8840441703796387
0.7618520259857178
0.2854092121124268
0.3013749122619629
0.4922149181365967
0.4713788032531738
0.2813379764556885
0.4821779727935791
0.1273219585418701
0.2204480171203613
0.6104459762573242
0.3983340263366699
0.2945690155029297
0.26627516746521
0.311694860458374
0.5383310317993164
0.9500141143798828
0.2423551082611084
0.2094039916992188
0.4734609127044678
0.4224209785461426
0.2396891117095947
0.2744088172912598
0.2056238651275635
0.2783749103546143
0.3039710521697998
0.4280149936676025
0.4197788238525391
0.2584559917449951
0.2020828723907471
0.4246969223022461
0.2374379634857178
0.4267239570617676
0.2619941234588623
0.9216279983520508
0.3430590629577637
0.4121479988098145
0.6782569885253906
0.49021315574646
0.4529721736907959
0.570497989654541
0.5216629505157471
2.155490875244141
0.6494791507720947
0.3672730922698975
0.9126889705657959
0.8682620525360107
0.2786331176757812
0.1804518699645996
0.3039658069610596
0.3511791229248047
0.2816410064697266
0.1900999546051025
0.3201198577880859
0.2865970134735107
0.4684669971466064
0.2205212116241455
1.326946973800659
0.5133390426635742
0.2312169075012207
0.2297749519348145
0.6654469966888428
0.3815460205078125
0.2891170978546143
0.1901090145111084
0.2163219451904297
0.3739030361175537
0.5061140060424805
0.3029508590698242
0.3518619537353516
0.4827449321746826
0.3681252002716064
0.2402210235595703
0.6829121112823486
1.18082594871521
0.5045590400695801
0.2202911376953125
0.2374880313873291
0.2720251083374023
0.4071300029754639
0.5628798007965088
0.9122509956359863
0.4877638816833496
0.3565738201141357
0.3262038230895996
0.4468510150909424
0.3176460266113281
0.3242568969726562
0.3649730682373047
0.3937809467315674
0.2110998630523682
0.2069821357727051
0.4632930755615234
0.3698019981384277
0.08994507789611816
0.2592730522155762
0.213313102722168
0.2212510108947754
0.3106019496917725
0.4021549224853516
0.2350399494171143
0.1742289066314697
1.461199045181274
0.3766210079193115
0.3045740127563477
0.654102087020874
1.094444990158081
0.4443378448486328
0.2293541431427002
0.3700509071350098
0.3970339298248291
0.2243762016296387
0.4345860481262207
0.3043789863586426
0.7258970737457275
0.7307701110839844
0.2463719844818115
0.5086219310760498
0.4066309928894043
0.1911399364471436
1.643658876419067
0.2999429702758789
0.7015459537506104
0.4438369274139404
0.2113230228424072
0.3548638820648193
0.5068049430847168
0.2667760848999023
0.3487510681152344
0.2149341106414795
0.2901608943939209
0.4988560676574707
0.520129919052124
0.2292549610137939
0.273892879486084
0.5357818603515625
0.1786470413208008
0.2101981639862061
0.4279279708862305
0.2259290218353271
0.4590611457824707
0.3113319873809814
0.6256918907165527
0.3176670074462891
0.865570068359375
0.7710990905761719
0.5187129974365234
0.7442960739135742
0.2509720325469971
0.2759060859680176
0.4410419464111328
0.4071869850158691
0.5935118198394775
0.4701919555664062
0.9485530853271484
1.456246137619019
0.3139150142669678
0.2723422050476074
0.5381050109863281
0.09471988677978516
0.3535919189453125
0.9913690090179443
0.3797101974487305
0.2847080230712891
0.2930419445037842
0.2213878631591797
0.4068260192871094
0.2335288524627686
0.7391479015350342
0.5683150291442871
0.2512640953063965
0.4422838687896729
1.373795986175537
0.280689001083374
0.4286630153656006
0.6245748996734619
0.2932300567626953
0.7198150157928467
0.265178918838501
0.4252388477325439
0.4419138431549072
0.2728090286254883
0.3648991584777832
0.2789640426635742
0.561378002166748
0.2690269947052002
0.6458349227905273
0.6621110439300537
0.2269999980926514
0.339677095413208
0.6286101341247559
0.2007238864898682
0.4929590225219727
0.3828411102294922
0.3704249858856201
0.6244809627532959
0.3287820816040039
0.4905190467834473
0.6759319305419922
0.3089442253112793
0.3693239688873291
0.657541036605835
0.2654440402984619
0.4703898429870605
0.3035850524902344
0.5098931789398193
0.3018779754638672
0.5438179969787598
0.34682297706604
0.376751184463501
0.3386750221252441
0.4127790927886963
0.5912230014801025
0.1774241924285889
0.4611618518829346
0.5032651424407959
0.3131258487701416
0.5637650489807129
0.4491689205169678
0.3097169399261475
0.5104548931121826
0.4039649963378906
0.393064022064209
0.479543924331665
0.5614340305328369
0.4485480785369873
0.8148930072784424
0.3022210597991943
0.1869311332702637
0.8037240505218506
0.6023159027099609
0.5017471313476562
0.5010309219360352
0.3166530132293701
0.3868660926818848
0.4257550239562988
0.3122429847717285
1.545483112335205
0.2724051475524902
0.4162719249725342
0.3286521434783936
0.5261538028717041
0.2446160316467285
0.4927921295166016
0.7008728981018066
0.3094038963317871
0.2250871658325195
0.2703011035919189
0.312067985534668
0.5818061828613281
0.2702720165252686
0.3207879066467285
0.3762800693511963
0.2450399398803711
0.3504679203033447
0.504504919052124
0.5224649906158447
0.2042059898376465
0.3809659481048584
2.206160068511963
0.3639049530029297
1.242548942565918
0.9913570880889893
0.282581090927124
0.259019136428833
0.2636508941650391
0.3021738529205322
0.2129759788513184
0.384235143661499
0.3493218421936035
0.6634011268615723
0.2496850490570068
0.4817149639129639
0.6548919677734375
0.2660260200500488
0.6412298679351807
0.3618860244750977
0.2989010810852051
0.8212540149688721
0.6980509757995605
0.2412309646606445
0.298084020614624
0.2716739177703857
0.3525490760803223
2.486155033111572
0.279508113861084
0.5595748424530029
0.2560329437255859
0.3428418636322021
0.08344507217407227
0.4280729293823242
0.7990128993988037
0.2690279483795166
0.4039549827575684
0.2638390064239502
0.3902730941772461
0.4225630760192871
0.4228410720825195
0.2368650436401367
0.3425629138946533
0.4885940551757812
0.234389066696167
0.5685751438140869
0.8084311485290527
0.2685298919677734
0.3005781173706055
0.4569900035858154
0.7914340496063232
0.5782551765441895
0.7099881172180176
1.442808866500854
0.2738428115844727
0.2303390502929688
0.585806131362915
0.2360200881958008
0.3515801429748535
0.4796187877655029
0.3904800415039062
0.2948341369628906
0.3089020252227783
0.2608060836791992
0.5364739894866943
0.2751948833465576
0.2234721183776855
1.247817993164062
0.4827101230621338
0.2605609893798828
0.4664199352264404
0.3210470676422119
0.3741130828857422
0.3136398792266846
0.4525389671325684
0.3102691173553467
0.3455140590667725
0.5573990345001221
0.7406129837036133
0.3113219738006592
0.6439840793609619
0.3903729915618896
0.6076688766479492
0.4398560523986816
0.2748270034790039
0.330826997756958
0.6621918678283691
0.2955200672149658
0.6753230094909668
0.5067150592803955
0.2942519187927246
0.37135910987854
1.420773029327393
0.3061871528625488
1.163542032241821
0.3044250011444092
0.6852149963378906
0.4357719421386719
0.5839080810546875
0.4772608280181885
0.7913599014282227
0.3762650489807129
0.3683948516845703
0.8075737953186035
0.2413880825042725
0.2874279022216797
0.250420093536377
0.4355900287628174
0.9428799152374268
0.4119291305541992
0.569221019744873
0.5716178417205811
0.2955288887023926
0.3647959232330322
0.4718101024627686
0.9158229827880859
0.4112720489501953
0.5258448123931885
0.6604599952697754
0.3582479953765869
0.2921440601348877
0.3431229591369629
0.4791698455810547
0.3427970409393311
0.2120161056518555
0.2055060863494873
0.1939370632171631
0.6871600151062012
0.5388679504394531
2.216681957244873
0.4113709926605225
0.2826859951019287
0.7332890033721924
0.2143838405609131
0.3389132022857666
0.6500859260559082
0.5952320098876953
0.3737518787384033
0.6495130062103271
0.6059470176696777
0.5193271636962891
0.7743141651153564
0.6229400634765625
0.2814090251922607
0.4961600303649902
0.2852180004119873
0.6042439937591553
0.4807109832763672
0.453963041305542
0.8256199359893799
0.3932070732116699
0.2164211273193359
0.4738309383392334
0.4800558090209961
0.5154659748077393
0.329780101776123
0.2355248928070068
0.3030328750610352
0.3176620006561279
0.4013900756835938
0.3338720798492432
0.2313179969787598
0.1312930583953857
0.3104701042175293
0.7499518394470215
0.3741419315338135
0.3254630565643311
0.2656381130218506
0.7029280662536621
0.5639491081237793
0.2760910987854004
0.3837878704071045
0.4111008644104004
0.3789489269256592
0.3021631240844727
0.3191878795623779
0.5781939029693604
0.3016071319580078
0.2425470352172852
0.3202807903289795
0.2450640201568604
0.4099628925323486
2.962773084640503
0.6310579776763916
0.5363891124725342
0.3777978420257568
0.2813940048217773
1.219789981842041
0.5773079395294189
0.4082310199737549
0.2576510906219482
0.3823270797729492
1.004397869110107
0.4678997993469238
0.6651041507720947
0.2951579093933105
0.1944539546966553
0.5245189666748047
0.4803991317749023
1.001976013183594
0.8843920230865479
0.3318619728088379
0.5729360580444336
0.3622689247131348
0.3892788887023926
0.4121489524841309
0.592365026473999
0.7228410243988037
0.2501561641693115
0.3492851257324219
0.5819680690765381
0.3004670143127441
0.2808079719543457
0.3290700912475586
0.6158010959625244
0.6828441619873047
0.7601280212402344
0.2809329032897949
0.362544059753418
0.2594339847564697
0.2428610324859619
0.6205320358276367
0.9801478385925293
0.4672470092773438
0.7382001876831055
1.70799994468689
0.4175319671630859
0.3502161502838135
0.3648030757904053
0.9661939144134521
0.3338460922241211
0.3213739395141602
0.3524188995361328
0.4244740009307861
0.368523120880127
0.2231419086456299
0.5091021060943604
0.6093728542327881
0.3427610397338867
0.2397129535675049
0.7179620265960693
0.2918860912322998
0.2539279460906982
0.6049089431762695
0.2575299739837646
0.5158860683441162
0.3104240894317627
0.7252781391143799
0.3387589454650879
0.2948529720306396
0.6218199729919434
0.3766460418701172
0.3790409564971924
0.2500500679016113
0.301084041595459
0.2922182083129883
1.39867091178894
0.4751811027526855
0.3578600883483887
0.3665380477905273
0.7236459255218506
0.4027099609375
0.280325174331665
1.324126958847046
0.4257040023803711
0.5103719234466553
0.373309850692749
0.3437700271606445
0.4485161304473877
0.2243251800537109
0.2610189914703369
0.5726971626281738
2.185760021209717
0.4435439109802246
0.3796079158782959
0.4378039836883545
0.2182810306549072
0.3055500984191895
0.7198491096496582
0.258051872253418
0.3852510452270508
1.068259000778198
0.4297900199890137
0.4798178672790527
0.2154338359832764
0.3338360786437988
0.599355936050415
0.2290081977844238
0.4448020458221436
0.3331470489501953
0.5624809265136719
0.4982059001922607
0.2455759048461914
1.108541965484619
0.5190870761871338
0.5943999290466309
0.3303780555725098
1.581975936889648
0.8723530769348145
0.4541540145874023
0.6394858360290527
0.3238248825073242
0.5060560703277588
0.3583769798278809
0.3230228424072266
0.3272089958190918
0.5098109245300293
0.3244819641113281
0.2269759178161621
0.4305820465087891
0.4241840839385986
0.3629159927368164
0.631721019744873
0.4350390434265137
0.4678478240966797
0.6517319679260254
0.2805750370025635
0.4288640022277832
0.3978540897369385
0.3505129814147949
0.5617759227752686
0.4045419692993164
0.4896860122680664
0.1854698657989502
0.291917085647583
0.4345169067382812
0.3988618850708008
0.1962699890136719
0.6829719543457031
0.6814539432525635
0.567173957824707
0.2250940799713135
0.3726639747619629
0.8189339637756348
0.3579330444335938
0.452923059463501
0.3509159088134766
0.5775959491729736
0.314669132232666
0.2198400497436523
0.214256763458252
0.8161749839782715
0.68023681640625
0.3824529647827148
0.5812067985534668
0.5104877948760986
0.6262049674987793
0.2385690212249756
0.6922171115875244
0.2604410648345947
0.5158181190490723
0.5805859565734863
0.2981328964233398
0.2798259258270264
0.6861422061920166
0.4730589389801025
0.2435290813446045
0.2080931663513184
0.3138580322265625
0.2961990833282471
0.5172059535980225
0.4185819625854492
0.403285026550293
1.605298042297363
0.6224501132965088
0.2675321102142334
1.112338066101074
0.4782900810241699
0.3766529560089111
0.2470521926879883
0.251230001449585
0.2279899120330811
0.2044060230255127
0.2275750637054443
0.2955620288848877
1.615580081939697
0.3159568309783936
0.9681539535522461
0.2491757869720459
0.8799769878387451
0.2782959938049316
0.2756190299987793
0.451387882232666
0.563209056854248
1.37471604347229
0.6421430110931396
0.282912015914917
0.3700780868530273
2.305686950683594
0.3420369625091553
0.3072478771209717
0.4606990814208984
0.4073610305786133
0.7514359951019287
0.299400806427002
0.3413779735565186
0.5774638652801514
0.5765249729156494
0.9295501708984375
0.3491470813751221
0.7426800727844238
0.4029819965362549
1.519731998443604
0.3240931034088135
0.3887619972229004
0.5294020175933838
0.259990930557251
1.276569128036499
1.162938117980957
0.5284128189086914
1.402128219604492
0.6293699741363525
1.699977874755859
0.281609058380127
0.3307039737701416
0.2826650142669678
0.2655410766601562
2.789618015289307
0.2833890914916992
0.2256338596343994
0.9868299961090088
0.3816518783569336
0.08948707580566406
0.3099639415740967
0.3363549709320068
0.7397608757019043
0.3379449844360352
0.2731380462646484
0.2232959270477295
0.3766689300537109
0.2819619178771973
0.6850790977478027
0.2897179126739502
0.2462060451507568
0.5510120391845703
0.2738628387451172
0.3961639404296875
0.5046839714050293
0.1838150024414062
0.2568309307098389
0.7864768505096436
0.3820469379425049
0.3817718029022217
0.2347609996795654
0.3202250003814697
0.9828870296478271
0.5707108974456787
0.2386829853057861
0.6788830757141113
0.4908230304718018
0.6665260791778564
0.6814789772033691
0.2797188758850098
0.335036039352417
0.5427279472351074
0.2903671264648438
0.5019509792327881
0.3212471008300781
0.6968278884887695
0.5286548137664795
0.4786629676818848
0.6277492046356201
0.6543741226196289
0.9827477931976318
0.2561109066009521
0.2910659313201904
0.4674508571624756
3.142883062362671
0.2591149806976318
0.8112001419067383
0.218886137008667
3.498287916183472
0.6703000068664551
0.3154029846191406
0.2546060085296631
0.346574068069458
0.2722930908203125
0.6765029430389404
0.3098070621490479
0.5517148971557617
0.8365190029144287
0.7376160621643066
0.4435451030731201
0.4668710231781006
0.855543851852417
0.1903939247131348
0.8588190078735352
0.07974600791931152
0.1886131763458252
0.6413130760192871
0.3025040626525879
0.4277379512786865
0.7074739933013916
0.7377479076385498
0.249783992767334
0.483165979385376
0.5405721664428711
0.4300069808959961
1.167587995529175
0.2892470359802246
0.5198190212249756
0.2579669952392578
0.291172981262207
0.1992299556732178
1.887073040008545
0.4309349060058594
0.3198549747467041
0.2945201396942139
0.6026389598846436
0.2947559356689453
0.2648179531097412
0.5046660900115967
0.5672070980072021
0.2870018482208252
0.7912731170654297
0.5216748714447021
0.269679069519043
0.2840261459350586
0.2284269332885742
0.4477269649505615
0.4466009140014648
0.5460860729217529
0.4348468780517578
0.2843170166015625
3.358197927474976
0.2274858951568604
2.749835014343262
0.335381031036377
0.3109440803527832
0.6563811302185059
0.6483168601989746
0.2373771667480469
0.3142211437225342
