3.175530915999998
5.233885369999999
5.835418447999995
6.398761210999995
9.319377430999985
6.000599457000007
8.246764919999961
7.275862876000019
7.505214301999985
9.934930779999981
8.473716770999999
8.859636578000021
9.699182929000017
8.873544785999968
8.282819805999992
7.37818370399998
7.093892931000056
7.114494875000219
7.285787053999968
7.758487337999895
5.863175069000079
5.257156527999996
7.001974348999909
8.105808675999924
7.806102223000039
4.553268443999968
10.64655076600002
8.231953188999967
7.681209038999896
5.800577497000006
11.84659355899987
6.682109132999926
7.397716138999954
5.687467325000057
5.988550712000119
2.730779663000021
6.150802572999623
8.378335393999919
7.32615992299975
6.902374253000062
7.972119178999947
8.362442821000172
7.052522675000091
9.179137126999763
9.245682006000152
9.099112514999888
8.489104609999799
8.858793434999939
9.876509679000151
10.3242606309999
9.586320670999726
7.18143252300024
6.319944759000009
4.357433987999684
7.347991735000051
8.590522642999872
7.343460564000111
4.569865329000095
5.469521615999952
5.634317293999629
7.042247386999861
7.306835480000018
7.700572532999558
5.61545989599972
7.368497536999712
7.529200790999994
7.670782721999785
9.134078205999231
8.469230867999443
7.637024785999756
7.478359714000135
7.729102814000044
8.19381063700007
7.181971953999891
8.462634941000033
7.915140826000197
6.28161566100016
5.158779033999508
9.136077749999913
7.778481162000162
6.307317707000038
9.929311891000225
6.685234446000095
6.878929340000013
8.315212263999911
8.237236894000262
8.323187106000205
8.692871467000032
7.913050492000139
8.098261317999913
7.720500096000023
8.243216825000673
8.870319459999564
7.741352574999837
7.363962016999949
8.316591613000128
8.767575379999926
8.467993339000259
7.604106874000308
5.050344372999999
5.942925444999999
8.302463927000005
7.429411226999996
6.697512908000004
5.936843078999999
5.738896342000004
6.33698575599999
9.201661380999994
6.174673447000018
6.047111921999971
8.895351885000053
7.45111593799993
7.45788071900003
8.807687231000017
5.334474072000006
7.654878208000014
4.833351871999952
6.837127165999902
7.124008442000047
7.006981124999925
6.365869983000096
8.677462126999956
5.406722436999928
4.353893238000069
4.097373872999981
5.191967928000111
6.228703162000045
6.596464582000067
8.232286622999879
6.008387336000169
6.061211376000017
6.906123254999898
8.090091466000217
6.220538513999827
6.382062949999863
7.400735270000382
6.115371897000045
5.888143013999866
1.740590636999968
5.958638385000086
5.456999400999962
5.984002305999866
5.423991046000083
6.054727948999926
5.926659641000015
7.11624555100002
6.606012552000038
5.886278376000178
7.541014134000079
5.440543976000072
8.828581829999848
6.228882108000107
8.29404470299994
9.448764697999763
5.841303569000047
6.380266839999877
8.934780562000014
7.859953759999826
8.536543762000065
6.670915700000023
16.05662554699995
7.547945104999826
6.016373078000242
6.607795654999791
7.765251743000135
6.350689486000874
8.213626719999866
6.032701946000088
4.852725692999911
6.229945142000133
7.745477760000085
9.040183028999991
6.101514755000153
7.833425148999822
6.280735238999853
6.559624166000049
10.87753874400005
7.10078371800023
5.498653468999464
4.869310723000126
6.120684226999856
7.136828376000267
4.606741348999776
7.587886159999925
8.102277952999884
8.983879930000057
4.672167220999427
6.979870084999902
7.385401431999981
8.024198566000678
11.38606587600043
7.507372188999852
5.983382065999876
6.853700876999937
6.309539109000298
6.059206218999861
7.834443088000398
8.097586435999574
6.692177052
10.294823053
6.793663348999999
12.15855960800001
8.989660145000002
9.048760177000034
12.10499665899999
11.65335361500001
10.41035211400003
12.35338238
11.02474863999998
9.421512527000004
8.466219492999969
13.39604633299996
8.438919425999984
9.036731895000116
10.78202347999985
10.752750225
9.212622231999944
10.339653064
8.528901867999934
12.55012577199977
9.930554781000012
12.33811817000003
10.35861559699993
10.24694694600007
13.90619978699988
9.98581007000007
9.163605009000094
12.31091930300011
5.523229102999949
10.06803968000008
11.1148798160001
11.09719884099968
14.73052283799996
7.73606762999998
6.604533315000026
9.632940928000039
10.06868620199998
11.21126008099998
10.44097454100006
10.05918167699997
10.58251353099979
11.57723107000027
9.768077597999763
11.28698240600022
5.398252378000166
11.45964690699986
11.06885471300006
10.25633594999977
14.54522436099978
8.889410393000162
10.57457405199966
12.52003560499998
10.77940367199949
10.42749573899982
8.483204847000479
9.987380599000062
11.97861540000076
10.24769772199943
14.06999074600003
11.56327970099983
11.52764891400034
15.51126642599957
7.640165759000183
11.54199041900006
11.57280314299987
12.03608599300014
8.504190692000293
9.350003716999481
17.80102549599951
8.894995063000124
8.806992834000312
10.14329070600002
10.71677625699954
9.735295591000295
9.609661078000045
10.27677069699917
14.4805100980002
6.78428189400006
10.00118499699943
12.57239110099977
7.609863253999265
13.247066055
14.96487584399983
13.24961333600004
18.38541469699953
11.77668727700029
10.93316335100053
11.39115080499982
8.785243248000143
10.55169904800005
8.623879649000173
8.547519583999929
8.270423433999895
10.01675303899992
8.897247934000575
8.05799460299977
11.47551927499899
30.891465855
61.40770677000005
51.45719200799999
42.38651521200001
53.37856196799976
55.84635549699988
46.62612781200028
60.44735519800008
48.98210733699989
51.90319242699991
50.24006112300015
52.29985255900033
53.63693363899984
47.10145786199996
45.15526841999986
51.17924390700045
60.12743964100036
33.0812974229998
42.93005599799994
57.33714538399977
43.52251851800065
34.67253561900088
48.28706975700015
51.38550740999926
50.6118936429998
35.98668783999983
38.32344056699958
35.84338012600028
65.10569019200102
60.45794195899953
52.73095886599913
53.79555257100083
62.07724407700016
43.96614296900043
44.70218910699941
44.60722673300006
45.67795635899938
49.20559072600099
39.93313839600069
38.06281957399915
33.21163199399916
24.86977321299992
20.7740416770007
43.7085071060003
47.57817772299859
30.34877151399905
32.9469285419982
32.30475901599948
40.32962187400153
34.34502125499966
110.9278170420002
53.54422758400142
55.74128961399947
64.48980985599792
73.48470682499828
54.38294665099784
60.43661754299956
57.4594399560001
57.80459880299986
58.23778163499901
61.6259033209999
52.06692989100156
56.78986423699916
55.50272310100172
47.27658474999862
62.93242580100014
57.20507874500072
55.15205279700058
62.8428161139982
56.03534717700131
74.30868823299897
46.93883944799836
59.32170065899845
57.18873993400121
65.60182985699976
59.66021769999861
55.49802778200228
48.59379808900121
73.40945553700112
53.08870123200177
51.62237029600146
60.64611085599972
59.54043592100243
65.42901139300193
60.11159149500236
48.12507975399785
52.3242552440006
51.52890810999997
52.83868450200134
55.155625960002
53.84947207099867
50.46421447900138
48.22769356799472
62.76209405300142
64.62015114699534
79.50940111099953
50.08193581100386
63.7295072489942
52.14418583600127
