16.847803794
16.171441381
25.00791273500001
19.52134596
27.45271694200001
22.992263517
15.62478280799999
27.75200681800001
16.67177423300001
23.03023201399998
16.771260466
18.63774321900001
31.42525085800003
15.84505212199997
19.57334074399995
24.00284936399999
17.793852888
24.55370959499999
24.22587600200006
17.61124484999993
23.93261615100005
19.80008565700007
14.869423439
19.01777989000004
16.53885233300002
26.77068005899991
15.876720826
36.64360980599997
33.09070364900003
29.51907076199996
29.5856095470001
28.24927536200005
22.33001633000003
21.98257124800011
22.23738984900001
22.77706779599998
20.49760301400011
18.47519391599985
28.21058765699991
18.33211563299983
24.14828261899993
26.25303184099994
17.8211406769999
23.78939790699997
28.74038107499996
20.50928951600008
9.345468594000067
13.62715505100005
26.1890332370001
22.23618302499995
18.93676673100003
24.94739478400015
25.98146026299992
18.10014401500007
20.93460261399991
21.22356626300007
17.33949891299994
22.05372211899999
16.60027885599993
28.85027611400005
18.13794960699988
21.29789049999999
18.57158267199998
17.37864457400019
20.8762224559996
16.25069046199997
17.82353369099974
15.24025622100044
18.81182016999992
23.96529733399984
20.01862466600005
23.384782954
24.224017086
17.19870132099959
16.07754680500011
17.79085015700002
16.87566360300025
19.26244953600008
19.76037250099989
20.67716285899996
24.1921014530003
19.78826470200011
20.37079726100001
21.63777310000023
16.6435318810004
14.39765322099993
12.04624598999999
12.72157258600009
17.40936019300034
16.8047179680002
24.84326313999964
22.34505351400003
25.221452064
13.40813628400019
14.50504073100001
23.46820514900037
17.63438629299981
20.81982982999989
25.76910917500027
31.120207431
33.718750314
28.82168698700001
29.39875553599998
38.57911976000003
29.05051233500001
34.96357093400002
25.65241321799999
30.83579490900001
31.95921891
27.91854354099996
33.700065532
28.580930674
27.79304759199999
36.43132411399995
28.27586536499996
34.31771640199997
33.12167174899992
28.54717792700001
35.46763875800002
27.32707958599997
38.89330318400005
27.94182055299996
24.304061295
31.47000580700001
29.63860749199989
23.34545498800003
31.06579982400012
24.0168434499999
34.57272073600006
25.75520453099989
37.89478187200007
30.82657413200013
27.01208639400011
35.05041493899989
32.4033647660001
34.95522617300003
30.335532672
30.92975452600012
32.62693684300007
33.77099186099986
28.138960924
23.62223405200007
30.57563638299985
28.99997548200008
30.08470814399993
37.26032327500002
28.3228367480001
27.99509570100008
34.81103916600023
27.61465413899987
35.69822652599987
35.34632563900004
28.34856081999988
32.34314322099999
28.76425226099991
32.78778761899957
22.68084609500011
25.84736173600004
36.55622171599998
28.35790231400006
27.25126969099983
34.333394193
27.36910002400009
24.19456900100022
33.1111056740001
28.74743492500011
25.02983440600019
28.229983791
31.45505852899987
30.62004802799993
50.36155323200001
29.29570277399989
30.33029776300009
28.34618621200025
29.980482983
26.7365628890002
28.9542052060001
29.99478016600006
29.59969932099966
28.1150369789998
29.08929078199981
25.70930713400003
29.45591287399975
28.96986949100028
29.12276208899993
27.27384894800025
30.46797290199993
31.00087881099989
28.06390666400011
25.27509647700026
24.18114942599959
24.23009424299971
24.84514511299994
27.13676546599982
32.4755142250001
31.96782453600008
23.62003970400019
16.89792913299971
35.843626016
41.975954241
35.360025861
38.365665374
39.96314909600002
46.88299961500002
32.69793559499999
31.500296666
36.24375360099998
30.53511570500001
39.87555382100004
32.07426456600001
37.08756809400006
37.73983645800001
45.39357680399996
37.46386004099998
41.30226048199995
44.33486915200001
42.84008811900003
35.04315149700005
35.03977177299998
38.5838630610001
36.51045406200001
35.00787545599997
35.25374731499983
36.34984388900011
36.89107643300008
36.54410229199993
915.7736806559999
1080.895951379
1145.072788263
41.55146265699932
37.47214934600015
33.60457244600002
55.96267275799983
50.28882771600001
70.55727838499934
67.19896623900058
58.98414070299987
56.4774844399999
57.44543409200014
53.8928435859998
54.107240155
47.29472153699953
52.43575308899926
46.91739775400038
34.81390865499998
39.2746240360002
41.47099472300033
40.75830685199981
43.76326179500029
35.05353091599954
39.14390754899978
38.38464978699994
47.45064740900034
40.15129998300017
35.15568662300029
35.24491341500016
41.54411120199984
47.45344487599959
38.77631879399996
33.09618021699953
41.79661026400026
29.22300796799937
33.18309587099975
35.19389717800004
46.10806820300058
42.37159470899951
32.69716861799952
44.39965315200061
39.84540429499975
34.07475669499945
42.83570604900069
36.63841705100003
39.54410560499946
37.26134912299949
42.44123208699966
49.50564007200046
41.46306963000006
30.04890239399992
47.25218354799927
36.46825007699954
49.02581410300081
35.79443673599962
36.54018570000153
39.74111302300116
37.33185489400057
39.88372780099962
34.42309752099936
40.15320873199926
41.96046981299878
40.55439492400001
36.73869045399988
31.95530396899994
43.86284592799893
37.69494395800029
36.70239090699943
44.41164641900104
32.33504130000074
31.661387616
28.81237028900001
31.129955604
37.02896715899999
28.209215809
27.948624548
37.93367445799998
37.95397725800001
37.895147114
34.13671881300002
32.69564792700004
38.49624668399997
34.02870408399997
29.91367714
36.190246495
30.17863716199997
35.67777622200003
33.89076234999993
31.88997081499997
33.39336958699994
33.32634615900008
35.01373107400002
35.41754932999993
34.33623196200006
34.3341403899999
39.47050108000008
41.84940653499984
33.66011943500007
33.01776367699995
37.66135032600005
31.31743880399995
30.10872131199994
43.21909482000001
38.38549670400016
25.64046346800001
17.23629336099998
35.52895297600003
39.90536128100007
37.61654616999999
31.63076112699991
36.10128280900017
37.24207853100006
49.26778794499978
41.132436289
37.87390854500018
33.93408910199969
37.28934536399993
34.38839889100018
38.76728783399994
32.7179722359997
29.81767648599998
42.17286944299985
36.37627681999993
35.92641647999972
38.10128654099981
32.60136806799983
42.30531504999999
37.88572554700022
46.31730818799997
38.87395260400035
39.21743726900013
36.89435672099989
36.44439795199969
39.0979592839999
42.90535925799986
36.72649465599989
39.41460521299996
36.048566553
41.02904391599986
38.60666857900014
41.10684383899979
36.37456674899977
38.606393432
44.77529613300021
45.02794023499973
35.3798867280002
35.63344712099979
40.56688451400032
46.47143655799982
39.6752560179998
45.19451271399976
42.44869694699992
31.03367072299989
32.83509456299998
36.45816191799986
42.74250500400012
39.06100470000001
43.35324882900022
43.92405367300034
43.22035434400004
40.6726996590005
36.48529938199954
35.89324566100004
37.91549763999956
37.77302540200071
40.34206254299988
45.16848524500074
47.11349522199998
42.24278765000054
44.935576755
33.557848488
32.046904919
31.21360535399998
36.43964466599999
40.14548952999996
38.03599977700003
45.84307567600001
34.32744871099999
34.72119461799997
40.160241864
38.17564232299992
40.16153888700001
34.60294668400002
29.90887018900003
28.05238014999998
28.84727034599996
38.18378988099994
35.54528617899996
33.28992833400002
35.08834085199999
30.44519244900016
41.01481350599988
37.44807102000004
34.66451394899991
36.17797698899994
33.71518576000017
34.02525745499997
31.44504418600013
31.92953325000008
34.11194417699994
36.44072324000012
29.474883052
43.27663842999982
33.60138700199991
36.50932314099987
36.2526523649999
38.62226488199985
34.77671364699995
36.50249716200005
37.92463661699981
43.64614951899966
33.77184495599977
33.61969689200032
34.55692727499991
36.36876904200017
37.34904906600013
36.01653862100011
39.07966395099993
40.395645479
37.4313388720002
38.32016060200021
35.46267195900009
38.32183157000009
42.81418638500008
41.47463801399999
33.0783188940004
39.56809219199977
43.22549585100023
40.73175452499981
39.39033938300008
42.43029374800017
33.60747084900004
42.62261877900028
36.55738165800039
44.29496320900034
48.90582649699991
42.69021827300003
31.42183502100033
29.93816705000017
40.52035510099995
34.52561673900027
42.38970061400005
37.37658235200024
38.45118292400002
36.03711198600013
40.23098580199985
40.02446111900008
44.44010502099945
37.45563797199975
37.02952620299948
30.76837101399997
37.71574148799937
34.62658322399966
36.654666034
30.53621687099985
46.62603670099998
49.55926517900025
45.6553351929997
34.17335747899961
43.57218656499936
41.89814831199965
46.41094061299918
35.96760686400012
32.35337528400032
41.78528670099968
39.06647711800088
43.04197482700056
39.75308355300058
46.099645529
39.014849971
37.492245596
45.17534735800001
35.75284610499997
45.50360547000002
42.42400821400003
34.30215828799999
44.31215806700004
43.31154827
46.30105282099998
44.47475639999993
34.46992350900007
32.87370212699989
43.43982594099998
36.39077533399995
35.16346732199997
41.66008584300005
41.46460378699999
36.96817133900004
34.91179515800013
45.44938089700008
41.34277548900013
34.19040469799984
41.32490315400014
39.99583911100012
41.26903941399996
33.73970804999999
35.23239116500008
37.36944259300003
37.22685336199993
36.28193211999996
47.05061733399998
36.68466372100011
37.13597461999984
34.41322132499999
40.41488410099987
34.00277292700002
24.5197694010003
19.11327927399998
29.58941615200001
36.76390088900007
38.71091459200034
38.44195286200011
47.69402951000029
32.915719395
39.63886331399999
78.88015062600016
39.78391251699986
43.70546752300015
42.75735130800012
31.28125277700019
38.04610117300035
36.46685720999994
41.90510671999982
37.88786493999987
38.27163068399977
36.07301202899998
40.12952903399992
41.13426877199981
39.00048639099987
38.80230341800006
36.70323773400014
42.415197197
41.73835322500008
40.62323908400003
39.54484141800003
47.73302849999982
42.49702435200015
35.61697754099987
40.20012390900001
42.13106073900008
35.05790263399967
39.39665190100004
36.8384128939997
32.80484409499968
44.95112068100025
45.21744759400008
43.5653374880003
40.33786619199964
35.78981938300058
39.52162063399919
35.07826139200006
41.44629198999974
35.62241136600005
36.22244997000053
43.5252461529999
40.16380450700035
39.67443625299984
35.02834510499997
39.47078743899965
42.12031678499989
36.470163985
36.59708493400012
38.68696810199981
31.76202037199982
41.57685026699983
35.90324262200011
40.40178174799985
35.586388879
31.687799934
26.31489402999999
34.72259013800002
33.37815532300002
39.043032119
34.95553776399998
27.48293516199999
33.26957154199999
33.96666443199996
30.30757497600001
25.11864935599999
28.07415960100002
39.66788929999996
34.64730970200003
26.88473562799993
32.870378179
29.74916896299999
32.60077243199999
36.06377954599998
31.022251224
32.43135323900003
31.65839405300005
27.25537801899998
33.73482489599996
37.30586445900008
33.83529200199996
29.95071637399997
33.02967699600003
44.72676256499994
35.85932943700004
32.85692871099991
32.15645187300015
29.3922244769999
31.63204483499999
31.74054648999982
31.59099346499988
35.02422999500004
29.5472217680001
16.59167157100001
24.84749151799997
15.80369205600005
202.6500515800001
19.16452944399998
24.62193600200021
25.07391709300009
26.03220684899998
22.1063421089998
24.02337451000039
27.7011875029998
23.5045886869998
20.49337685099999
20.97300147399983
15.88436598499993
12.70194743399998
36.726132968
23.7495449019998
18.70015349799996
23.24810625000009
15.65552816000036
16.12352744400005
13.78535479499988
19.9185283490001
29.55483297199999
19.63892321699996
25.28221820399995
18.31610478600032
22.337674978
21.3906747850001
22.14150607900001
28.23100909999994
18.37575332300003
20.4094878689998
14.97454850599979
14.04192875900026
23.45316751000018
18.12739910399978
17.60940382699982
21.17603617899977
17.30654159899996
25.25224762700009
21.89894825700003
17.99247168199963
20.03385728700005
23.42021418100012
15.26816675700002
12.45880366199981
8.580359305999991
20.76016715100013
14.9894540639998
16.23937654700012
14.729110752
10.29993270500017
9.418791240000246
14.74705935299971
28.24133233900011
10.3660619860002
11.26413714599994
15.33376145200009
13.327938219
12.135123661
14.06952860600001
11.23515478500001
15.779824451
12.24269016999999
12.98902616299999
11.30448193700001
14.38219346299999
12.23297807599999
13.186032318
13.033476417
10.95135680999999
9.481177666000008
10.46745803100001
10.52968828200005
14.12560828600004
10.99452033300003
14.86830694499997
9.485682649000012
10.851265829
15.99743085099999
12.49789978200005
11.63318743399998
11.44517244100001
9.298463033000019
14.04312194099998
8.876259116000028
17.67535568399995
9.603876226000011
10.94414669899993
14.80801577099999
11.79390740700001
13.45303482500003
10.90825238900004
11.67429775300002
14.44410125799993
12.55479025299996
12.87689519200001
11.64815541799999
9.57883137400006
11.21328574000006
10.39930340299998
10.00678859099992
10.89750288499999
9.083938493999995
10.61418620300003
8.854432817000088
13.08835446099999
13.83256333899999
11.17767874000003
9.785729666000066
10.733425356
10.54554572900008
9.788451413999951
9.962367757000038
13.23292021500004
10.41966670900001
10.74624987899995
10.579157549
10.40231249999988
12.93008075500006
14.85346837800012
14.68657402400004
11.80285486999992
11.32152717899999
9.906199238999989
11.42618331800008
7.370357153999976
10.26520978000008
15.07434524799987
10.71200541200005
11.94485919499994
9.683029199999964
8.633194799999956
10.361165304
10.68045363600004
10.29186041399998
7.439946568000096
10.92080593900005
10.57783925600006
12.80456469799992
10.41232536699999
21.33869407399993
8.52556107800001
10.92368075399986
12.3154287289999
8.836013014999935
10.15947616900007
10.60309505600003
11.85697929200001
11.70123592599998
10.47999719199993
7.598828637999986
8.806338395000012
17.95865573800006
10.2026967920001
10.2241666079999
15.21745563900004
12.304712654
5.641019045
11.784900356
12.679002303
8.882801752000006
9.933358441999999
13.059184649
9.137966218999992
9.044852002999988
12.71588440600001
10.378438147
11.273473247
11.40682539400001
12.343530547
16.162707152
12.723184788
16.14650768600001
11.43438557399998
11.45375218100003
10.86048416099999
15.38548233600005
7.933482765999997
9.675561216000006
17.19611257100001
10.40575128699999
11.843718352
12.87440532399995
9.907811794999986
17.897921623
10.58405179499999
11.37083158799999
15.63847339300003
11.73594716299999
14.44767251199994
10.51752005599997
10.80907239399994
13.688689458
18.66566073800004
18.99822144800009
19.53733553500001
16.68286830499994
17.73951064099992
16.01187565199996
15.87831025699995
15.07243375999997
16.84779526099999
17.45867137999994
16.44662650600003
17.52701982799999
10.17138307799996
22.52524011699995
16.59431626899993
13.95016998999984
19.3029704930002
15.30508523399999
21.05435194899997
13.36587777900013
20.39864765399989
15.91746966900018
18.72853252899995
16.91130875899989
18.43341286400005
14.18841341500001
20.39834146999988
13.63472548599998
20.21418118299994
13.34052332600004
22.69278668900006
17.25671103599984
17.17836037799998
15.12463465299993
15.96494028099983
15.98333099199999
18.602564261
14.36283238999999
18.33134005500006
14.58856071300011
18.7609157039999
15.85181662500008
16.77336988000002
15.61341425699993
19.78037512900005
14.18551719700008
24.33987065700012
15.68511249900007
21.35577605200001
14.59643899599996
19.758827096
16.62264955599994
17.44516195599999
18.01297547400009
16.72630222300018
13.87439497399987
22.55990718700014
14.15808575100004
20.53453851599988
14.12866711700008
19.24098060200004
14.08309460200007
21.335965975
28.023409454
29.72305224200001
24.719315524
42.435621271
26.94171123199999
28.49617077299996
25.90526573299996
24.304372366
24.57498538699997
24.32863843600001
24.986870135
22.17890397800005
26.08371977000002
30.10635464100005
25.14303917100005
24.35939394900004
29.53820989899998
25.17103781100002
26.70174439599998
26.21675956200011
31.45922780600006
28.87828310899999
21.07555137700001
27.91496452500007
25.29376726299995
26.35516684000004
28.34792579099985
29.22271991399998
23.06267116999993
24.00791638800001
22.30704744700006
22.16848155600019
41.40345643000001
62.47190061299989
71.42506543600007
64.02136175500004
61.94065659599983
72.29078008700003
74.11099964699997
64.56223777299988
61.01010074300007
71.66036546799978
66.90994698800023
67.95999626299999
72.39333491299976
66.40101998900036
68.38014429500026
64.17857314000003
59.77331624699991
62.57463709199965
71.16113755100014
67.45399551799983
73.76172736299986
75.29124971299962
72.92902064300006
72.5451047710003
67.00953355799993
58.29144695000014
65.25749723299987
65.88069046200008
63.72397054900011
65.07018046800022
58.93526349700005
58.11543778300029
66.5343661450006
64.33136679699965
66.79410669000026
71.70871078899927
65.57867869399979
73.79997795199961
69.09477369199976
68.20793118599977
66.78457683399938
84.06279713200001
73.3708684029998
70.26740122799947
71.1796934719996
71.03445433599973
66.34577980700033
61.61899459599954
69.5615249299999
71.99536612200063
64.57046687099955
74.91384966399983
59.92942683100046
83.3908696970002
68.66592330900039
71.06326265300049
73.78399558599995
69.73608459600018
67.26025885600029
65.8467471820004
68.62760278099995
66.9077833880001
63.93925963200036
61.87997268599975
64.40296040999965
67.99644067999998
82.596935632
92.13379857900001
72.81437802599999
68.76693214100004
77.04716647600003
86.10152303000007
78.02915715099994
110.762560055
65.42859205600007
80.33178972200017
82.98197607900011
73.38592030100017
83.91007563700009
84.43782206899982
92.49916049099988
73.76929507699992
90.26014470400014
75.74118998500012
80.44324397000014
72.83120206100011
67.44863455199993
85.56674977300008
71.31262126400043
76.20249522400036
66.75265386599995
75.03127503799988
74.24165257299956
71.36996727899987
76.81888226799992
86.30995800699975
70.12312326999972
64.54658506399983
78.05399754300015
84.52457119100018
67.01322042200036
69.90156981999962
76.54190063199985
75.60925982599974
91.29285697700061
76.73945117600033
82.39088315800018
81.76066413999979
74.87597939900024
66.80005597899981
67.31103382600031
72.21455574399988
118.2108929329997
70.39167176799947
90.083654432
81.24130228299964
86.55443009699957
91.81634794800084
82.10151188899999
97.57329869899968
85.59666810499948
87.09415767399969
89.18094965399996
74.03586455099958
103.6549079400002
85.45437689000028
104.1115063529996
82.79103463699994
89.22847040000033
97.90222848600024
96.13177595699926
85.85044409700004
101.1018726379998
101.6737958100002
77.5542248669999
89.96571021
88.92058075800014
113.2975322720004
99.94314984799985
87.57546440899932
97.23064273899945
100.425736950001
104.7142132339995
109.0878246290013
86.21853027200086
86.08003176799866
93.98657979300151
88.47235214799912
107.0345405810003
81.50141194400021
85.78579153500141
84.90362000200003
97.91942758500045
88.43139886799872
84.54944193000119
87.5397622090004
