2.87587224
12.171536907
4.498226873999997
3.166322359000006
6.013620309000004
3.594934865999988
14.691267025
7.694523277000002
6.389477448999997
8.97430350999997
4.844508502999986
7.256329875000006
3.279578648999973
7.968415541000013
15.64506618199999
5.095951207999974
5.249979228999962
3.018100643999901
4.865126047999979
5.433963497000036
5.127720410000052
5.657512622000013
2.869854405000069
5.620425021999949
14.55989592999993
4.759427453000058
6.930269972000019
6.154454287000021
11.29172044300003
7.318275335999942
14.30757892099996
10.48039884400009
8.820233958000017
9.899216720999902
13.69013819399993
3.731968196000025
6.588679240999909
9.311626661999981
6.327214923999918
8.298757326999976
3.26774883500002
7.071122215000059
6.951994699000124
5.7764486210001
9.573675741999978
4.354163385999982
16.04774161299997
27.90548249000017
7.79499848699993
4.496899979999853
8.815249241000174
6.025302087999989
6.570151558999896
8.524941292999983
12.41530292900006
4.02778444799992
8.254260982999995
5.101923939000017
4.929954273000021
5.147273686000062
3.923841283999991
11.4057966790001
7.672505554000054
9.732032209000181
5.603601096999682
9.576625086000149
12.55925250600012
5.174328699999933
12.165895654
5.840309349999643
5.89686280900014
6.681061925999984
7.226252295999984
5.361822780000239
5.134466447999785
6.714171134000026
5.935023261999959
9.795046873000047
5.403091103999941
7.107696643000054
5.957804723000208
8.583787065000251
6.216974987999947
6.354958263999833
5.931141657999888
6.121453139000096
5.283339867999985
10.19935614600035
5.917772184000114
4.570523042999866
10.31030226799976
4.181806273999882
3.98816557300006
6.110457673999917
11.38214317799975
8.283282397000221
4.240109364999626
7.715593388000343
5.242992225000307
2.886290647
8.738198046999997
9.726618635999998
7.573098626000004
7.635154014999983
13.12749258800002
13.676280459
6.768675841999993
8.122339518999979
9.32543728600001
5.908122623999986
6.945611818999964
5.263120890999971
13.23910711500002
3.832118006000087
11.99713907199998
10.972262462
4.707610971999998
8.005956255000001
6.193670690999966
5.806662419999952
11.2553819609999
4.052288226999963
17.154528562
16.63009856999997
5.757918699999891
8.693492548999984
8.904649626000037
5.359133923999934
7.449369835000198
13.78652406900005
5.819418117000168
5.486872778999896
7.737411870999949
7.096299381000108
9.960539897999979
6.351239858999861
7.008465797999861
7.874760713000114
12.19019106200017
6.199270557999853
8.415219300999979
4.324455875000012
13.6394707469999
14.87362693699993
4.964503177000097
7.961871381999799
9.591832930999999
4.922371483999996
9.678440317999957
7.900672937000309
6.800892724999812
5.688268062000134
10.81525442299971
13.03009388400005
9.603366465999898
5.181542245999935
6.708045459000004
13.36434359400027
7.69590727700006
11.8234325440003
13.24535211000011
7.780049727000005
11.06966673099987
9.836505436000152
7.426388151000083
7.023109760000352
12.8371891099996
6.965823746000297
7.089700403999814
4.783951470999909
4.049584030999995
4.670862157000101
8.090541660000326
6.927482303000033
6.507002125999861
12.03338468099992
5.276184502999968
8.242830463000246
9.190814884999781
12.12205447499991
12.19279867100022
14.45529440300015
4.113789423999606
12.28300031599974
6.087957098000061
9.428576691000217
11.07805217700025
10.34508363800023
7.971275500999582
10.35151237699984
14.15857564599992
8.193936703999952
7.736008930000025
9.106070993999765
7.041727094999715
4.805167905999951
5.266163059999599
8.872674330000336
2.890406113
5.038874908000004
13.15111178399999
14.96809631900001
5.557274664000005
18.53684282699999
12.10177609599998
5.484931090000032
4.614924030999987
4.129113491999988
7.518889806999937
4.497523114000046
14.31033098299997
11.09290785899998
4.223335471000041
4.792517412000052
6.372133184999939
7.108199660999958
12.92118353799992
8.021538609999993
9.939685033999922
4.284686628000145
5.781729224999935
11.81998397500001
9.413772913999992
13.53263116199992
9.739603360000046
7.758656591999852
14.01536785000008
91.01128103499968
164.4382216050003
5.453743968000708
11.48905576300058
13.6153129889999
10.13149119300033
17.94988096399993
18.62840462799977
11.0535285699998
15.89017570800024
12.62723393400029
12.00689307300036
10.63667101200008
20.39780758100005
5.894189425999684
17.90414009599954
13.51181336199988
9.319185508999908
8.806654477999473
18.4809946309997
9.5440514539996
13.25510693999968
8.965701345000525
15.42569226199976
10.24558745200011
6.843667412999821
6.489871935000338
5.244575659000475
8.379831909999666
7.244066729999759
5.237164873000438
12.26823465400048
13.35852273199998
13.80648077800015
6.428667959999984
16.54373948600005
7.778995414000747
14.66110711300007
11.89241239900002
6.509118083999965
15.19554399499975
6.067175932000282
7.413939181000387
13.93088614499993
7.401201260000562
11.55769620699994
13.2967210020006
6.796576030999859
10.61920385299982
5.359560885000064
6.360202623000077
9.055480017000264
7.570095474000482
7.779391676000159
5.207683987000564
7.544884681001349
5.701966791999439
8.001754896999046
14.59093045600093
8.147372648998498
10.15115346899984
14.54164698199929
9.931406055999105
15.28910679699948
18.12661411999943
10.9385670949996
13.85254653999982
16.06633489100022
15.22344729199904
8.547471399999267
2.898012969
10.353899074
10.14015240399999
10.76246171800001
5.740458716999996
9.120345625999988
8.264621427999998
7.977266809000014
11.53070793300003
6.995391420000033
9.110827384000004
5.902777842999967
13.75346976100002
12.38024162700003
9.677661349000005
4.064276479
11.42617561099996
6.291012955000042
6.29926849200001
8.411662282999941
4.998424265999915
15.46299895599998
13.19118697700003
11.19320431200003
10.61211698600005
4.323676711999951
10.06348510400016
14.8618935569998
5.907875552000178
7.264478943000086
15.61122531600017
16.33598099799997
5.174426216000029
9.774606909000113
8.160938916999839
17.86522622400003
22.10362546900001
6.287794337999912
13.82879996299994
10.14506534500015
13.79088661700007
16.63722631899986
19.1091972209997
14.12131546099999
8.28647436600022
17.3168372199998
15.40559721799991
8.230641139999989
6.634593963000043
8.567190769999797
18.65478147800013
7.768276460999914
7.633449595999991
13.44183520500019
5.320293113999924
5.879699428999629
10.45218290699995
8.767574775000412
9.031382072999804
5.840756449999844
10.90746284700026
7.317821056999946
9.104115240000283
10.29087988999981
9.392416622999917
10.40036111600011
13.28194454300001
15.85244486500005
8.973440577000019
8.57689670200034
19.00547950600003
10.29501084399999
10.18976218600028
12.39366046199984
9.839353455000037
9.642617840999719
15.28757907299996
12.48443746099974
15.86568964100024
6.25684755400016
8.582455946000664
8.262926690000313
8.736068858999715
11.64335640599984
11.92792147199998
17.96449190299973
5.955280649000088
18.11171425500015
12.89887245499995
6.850587310000265
15.39912760700008
5.369465398000102
5.509972186999221
9.969046965999951
5.420319863000259
7.474515875000179
13.38482315900001
12.6305645350003
5.828878495999561
2.898329509
4.289168402999998
5.735574992000011
9.157912708999987
15.21697739499999
14.23760717799999
9.597578560999978
13.60042287100003
7.051039232999983
14.07195711599996
11.87395683200009
10.40308354399997
10.48077834499998
6.848230270000045
8.33793412
4.544806228000084
5.901218812000025
16.17427506800004
7.726620606999973
18.539041161
18.19892915000003
11.82775043300012
4.938186309999992
8.644756450000159
4.964624238000169
13.47163892799995
17.53020762799997
19.71199778999994
7.101222724999843
12.96806214200001
14.4475903120001
7.058072418999927
8.966758194000022
12.93498443300018
5.934864611999956
7.137160654999889
14.24115650399995
6.873207155000046
15.73266090499988
11.4346294049999
8.970733628000062
10.02633572400009
8.107524835999811
18.04011998800024
9.248202571000093
9.320990571000038
11.91863507199969
13.81685300500021
8.452533772000152
4.836340684000334
11.26815906499996
11.65584023300016
7.947837166000227
8.88892763099966
10.13174504900007
7.694671919000029
10.91111001599984
17.54708518300004
12.83771720100003
8.111722232999909
7.364464274000056
11.94621530399991
6.967738413000006
7.953271844000028
10.37865753100004
5.142211102000147
12.46170267800017
6.971213234000061
15.98190383899964
7.397082096999839
12.44992881300004
18.97985090300017
7.018700569999965
8.929887253000288
12.96658647899994
12.85222809200013
8.670452926000053
11.43202234199998
17.31943684599992
5.08919541799969
18.38119838700004
16.6800298040007
16.22118276499987
11.56391365699983
17.43434272899958
17.23888910000005
6.943349781000506
8.648965665000105
5.726104694999776
9.281672637000156
6.538543268000467
13.05560159099969
10.66344809400016
10.72314935399936
17.5352548410001
10.90825412899994
8.449266133000492
14.21061835700039
7.31326737299969
2.883664342
7.030758405
11.460244758
11.45004522400001
17.046886148
6.846288221000009
11.91750430000002
9.369843411000033
21.02608096900002
14.288787829
5.631458533
8.203670579999994
7.567266387000018
14.44535930799998
16.65586209900005
4.502752170000008
11.40958613299995
20.40392400999997
8.218802415000027
7.330195520999951
17.07071004900013
18.37297742099986
6.468817225000066
11.42645791700011
5.633387000000084
4.198482962000071
5.292671748999965
8.383985095999833
4.385357551000197
11.65240655100001
10.47110798000017
9.024651220999885
10.16228367799999
7.92033650999997
14.63820463000002
4.89096474400003
15.27602181100019
13.14682102999996
11.69255404899968
9.85012391600003
10.01097610599982
4.746736913000404
6.481892306000191
7.815221907999785
16.64228996199972
79.36474357299994
17.93025339899987
7.819252594000318
77.83550637899998
12.10074647700003
7.526212906000183
13.69909602999996
22.65581552799995
13.91153074099975
13.07041295099998
11.26735989100007
11.28491814200015
12.47801273300001
13.84592362300009
13.97186632400008
14.04551851499991
7.400375276999966
11.38020980800002
10.35361389399986
11.89414837300001
6.682417916000304
14.57858643100008
7.982138838999617
15.26997817500023
12.19179155499978
14.31939095199959
6.438193201000104
13.4494511959997
18.51560487899951
11.75118106199989
15.59605322200059
5.531315390999225
7.590326491000269
5.496305441999539
7.354454291000366
16.33194977699986
5.877595797999675
14.54321517799963
15.03185003500039
7.795086680000168
10.24350334799965
17.89860544100065
17.31204977800007
12.99722128799931
15.4202533130001
6.329748748999918
4.048619797000356
13.80179312000018
8.70891792600014
11.34923367700048
12.95245831899956
13.10483202000069
14.4873102800002
14.16057957299927
2.887628512
12.412188706
7.692433582000007
5.002677574000018
11.64303231
5.313777776999984
6.173838746000001
6.012135173000047
5.793075115999955
6.072057427999994
11.513660845
6.104804946999991
4.605244510000034
4.678578960999971
8.305663989999971
4.169309430999988
10.59369219199993
6.300271647000045
8.19665686999997
7.45731971500004
3.216734219000045
7.978448427999979
5.164770245
10.301713554
5.556631965999941
8.441201036000166
8.32977641399998
6.179571068999849
10.62053284399985
3.642456448999837
8.745914757000037
6.361098582000068
6.454391944999998
13.22949831699998
9.212245486999791
5.623698323000099
4.401940488000037
6.116595911999866
5.704724066999916
3.975194626000075
6.279317317999812
5.079292360999943
8.622327886999983
4.004024329999993
7.463797812999928
6.758125095999731
4.723879845999818
3.92865401500012
7.844044794000183
5.027186312999675
5.518118879999747
7.329155726999943
4.553739951000352
5.662518479000028
8.567633321999892
8.795100024000021
5.78391099800001
3.888444232999973
6.983656453000094
8.272278393999841
8.972575686999789
6.817791770999975
12.533538142
6.072549477999928
11.56819703899964
4.453799261999848
3.659708153999873
4.752190051000071
4.139947150999888
3.705962990999979
5.663586546999795
5.66861916300013
7.209880073000022
6.089889358000164
10.48325847999968
9.171134815999721
5.501649021000048
4.474270918000002
4.423955186000057
4.023162184999819
5.520415845000116
6.178167518000009
4.67202547099987
3.583810406999874
3.548692655000195
4.839691362999929
4.39420735900012
4.13067663999982
4.848395081000035
9.954784615000335
6.415874442000131
8.734011688999999
4.224266217000149
6.829224305000025
13.00148575499998
5.835600983999939
13.96139567199998
7.131070903999898
5.287678110999877
2.888090492
3.650497776000002
3.749245391999999
4.377024738000003
3.793026402999999
3.98310524
4.495999075
3.281017208000009
4.524444114999994
4.966417675000002
3.169039556000001
4.35129265499998
3.236646194000002
3.230023077999988
6.163349686999993
2.873689583999976
4.300795719000007
5.006884459999981
3.512547925000035
4.264279402999989
4.148810294999976
4.429424979000032
4.661824053999965
3.069233880000013
6.110619472000053
3.932907650999994
3.737941745000001
3.363394797000012
4.244819163999978
4.573712117000014
4.330884065999953
4.401024307000057
3.664365099999941
4.171328058999961
11.28837400200007
3.418108010000083
5.33181850099993
4.260197226999935
3.757620795000093
4.113187449999941
4.539611300000047
8.087065299999949
5.255116606000001
4.618437047000043
9.487354869000001
3.88254545999996
4.738787552999952
4.616359710000097
4.494053214000019
6.542401449999943
3.843881906999968
5.143797315000029
4.666159977000007
5.369917568999995
4.461933698999928
4.237177932999998
6.581783252000037
4.557282041000008
3.846148050000011
4.920942878000005
3.92734219099998
3.789795210999955
5.716266817000133
11.03518878199998
4.065129559999832
4.05779596299999
5.15472431399985
4.28644825299989
4.54639434700016
9.734011087999988
4.793131754000115
3.791071796999859
4.898557658000072
5.434824969999909
3.92046464200007
3.939262808999956
4.933825296000123
4.057876037999904
4.899322659000063
9.804790313000012
4.995920456000022
3.861434489999965
4.091095205999864
4.546074978999968
3.622881464999864
4.892750081000031
4.457629200999918
4.496284441999933
4.57485465700006
5.004138538999996
3.62524948600003
4.733631357000149
4.747155865000195
4.697155274999886
4.476144685000008
4.440496339999982
16.58344963299987
3.824212141999851
4.461498886000072
2.887599057
3.482113248999998
9.979871299000003
3.833305191999997
4.404195560000005
4.828505609000004
5.226665806
3.786754614000003
4.372839118999991
6.190806263000013
3.333410020999992
4.864954240000003
3.128189176999996
4.631568381999983
3.364551024999997
2.999064228000009
3.738913129000025
3.540807760999996
3.970408217999989
7.181318443999999
3.227442578000023
4.185377254000002
3.646517474000007
5.994066099999998
4.22154767699999
3.470634270999994
6.504284364
3.099807241999997
4.194331347000002
3.473538724000036
3.895602880999945
5.345757533999972
4.490091192000023
4.110863152999968
4.379600487999937
4.217777877999993
5.82353440899999
4.88929019200009
6.838855815000102
5.089731085999915
5.585293870999976
4.184840768999948
4.573558709000054
5.558923524999955
4.620741648000035
7.335796716999994
5.060987838999949
4.168065027000011
5.426529288999973
4.861999570999956
18.303711593
6.642132830000037
5.250665721000018
6.561062790000051
4.989677050999944
4.031494985000108
5.149859592999974
5.846643308000012
4.503619432999812
4.258833077999952
12.30535332599993
5.68588514299995
5.181989653000073
4.63250671600008
4.134179365000136
4.247714919000146
4.188056385999971
5.257965648999971
4.501006653999866
6.057146558000113
3.75917108800013
5.011856249000175
6.65331675199991
5.16054741999983
3.784959174000051
4.769390491999957
4.395651109000028
4.181599789999837
4.336703207000028
4.012179594000145
4.628042848000177
4.86799709700017
4.438886477999858
4.560124478000034
5.335785047999934
5.066175754000142
6.74433547600006
4.475780128999986
4.045418079000001
5.528811861999884
4.189525528000104
4.756690325999898
5.483290465999971
5.642061895000097
3.590862189999825
4.545741536999913
5.191864760000044
4.311015618000056
3.693809487000181
2.896008719
11.99341033
9.708108015999997
7.697055269999993
6.092349323000008
4.752766091000012
5.796210290000005
9.24567330900004
12.88950201
12.17743318100003
8.764266534000001
7.215528719999952
8.898950812999999
5.062412445000007
9.002444455999921
7.383422752999991
10.80046280399995
7.196023035999929
8.519919045000051
9.513991415000078
6.515047848999984
10.13059746800002
6.174610240999982
5.228151407000041
5.562078380999992
5.181570530000045
5.862755777000075
6.06438614700005
11.55620006499998
4.936293378000073
4.21851074999995
4.666529763999961
8.050306786999954
10.65793830600001
6.520650506000038
20.58207975200003
17.2764224309999
5.430676345999927
24.11120547900009
18.3927454709999
19.74897747599994
24.67711551799994
14.33209085599992
16.86064376400009
24.95597107399999
13.48157251000021
14.37153656500004
16.92977533099975
15.55909512599965
25.76191206400017
26.18201107200002
14.77046212000005
23.05475499500017
30.86698912499969
20.41365021799993
7.747876533000181
16.67517201800001
19.37433419699983
13.68786746800015
12.7358062860003
6.111946217999957
20.03439066500005
15.9836645309997
8.465838226999949
20.31297511499997
14.92632778200004
7.398671220999859
6.098951373000091
13.24945055999979
18.30826706599964
12.28620350900019
7.151759964000121
14.20999293600016
19.62112861399964
10.50701791200026
17.61253141700035
23.78379695100011
14.65837059900059
23.09776456799955
11.48489967499972
19.48407008499998
22.38441588899968
21.45956602099977
27.59714701299981
23.34980994699981
7.202678251999714
24.1428695579998
6.210683192000033
19.96628518300076
13.63280801000019
19.97308572499969
21.48142992500016
15.06625941900074
22.77425032600058
11.90013353599988
12.33615946300051
22.41496019500028
23.63612846600063
11.40898644900062
2.892036748
21.434526834
23.45959136799999
19.22739041000005
33.29760365599998
14.01337100799998
36.30020510600002
6.849741091000055
24.209911809
21.07562412200002
18.16716332600004
20.47984672699999
21.04133224299994
20.65510480600005
17.36965097100006
12.84783317899996
27.95687194099992
6.124066051999989
9.24092055899996
30.06949906300019
30.43364932000031
9.023958547000348
18.90348635299961
9.679376574999878
13.29749526000023
30.14391124000031
29.4908920189996
13.66179563900005
12.93230244700044
17.96839900400028
8.233277009000176
30.07010029200001
24.62294870599999
7.934636677000071
6.738619380999808
15.65393511299999
35.61922126099989
15.609841168
12.02552107099973
7.69942700699994
18.74632082199969
24.75271967500066
18.04280703800032
23.24968422500024
33.97034154100038
18.32213113399939
21.06992468600038
18.2845472580002
36.51031274899924
22.46162691500012
19.81340639300015
31.19220909999967
11.93383288100085
42.73293924899917
18.28367923599944
20.37716191799973
13.26132316300027
29.1902053699996
20.8013005469993
13.78642857500017
22.9616933440002
18.83170111300024
45.24970795399986
17.78896526199969
23.43580869699963
19.10957619000055
30.41943496800013
11.50849932700021
11.23244729500038
29.47666658399976
23.03088928099987
17.29420846200082
7.603039790999901
14.51897844699943
26.25588724099907
16.12564848699913
15.50932665099936
11.94953653099947
9.620445773998654
34.25775277699904
23.10250323600121
20.91796156899909
17.41345181200086
9.74141497599885
30.68740697500107
20.16075848800028
35.65054824299841
5.804823501999635
6.75233188600032
26.98770708899974
23.57702210399839
