11.98396273
21.989356732
16.59809091200001
22.67740459300001
19.80451944799997
15.43370837700002
0.7363126390000332
0.9548505060000139
1.124602230999983
0.740941351000032
0.7775107209999703
13.37341580099999
0.4312330509998787
0.4337317049999001
0.9471214789999749
0.7982119220000072
0.9192693290000307
0.9869440210000562
1.025388560000067
0.5444409279998581
0.8297351829999684
1.120076519000065
1.002718485999992
1.06396554100013
0.4027045860000271
0.4732032649999951
0.7721552030000112
1.33504588400001
1.072209378000025
1.102701696999873
0.9796890300000314
1.214332904999992
0.6414415839998355
1.34601208700002
0.7168459980001103
1.578308547000063
0.499132937000013
0.9958869069999423
0.8856931540000801
1.213140418999899
0.6507378809998841
1.074448280000013
1.149754307000137
0.8805909640000209
1.063950186000056
0.8117986550000182
1.424654136000072
0.4038166890000525
1.847272248999957
2.531542651999928
2.708145479000223
2.161863667000034
2.370779941999956
2.564521751000086
1.574560537999957
1.572623806999957
1.956892840999899
1.514124636999952
1.520897250000075
2.144706170999939
1.325161972000103
2.249698545999877
1.543132337000202
1.539907208000159
2.603781648999984
2.362891674000025
1.035277516000178
0.9563272179999558
3.191490304999888
2.968045410000173
2.933997039000019
2.39486267999996
1.647875135000049
2.709642148000057
0.8664324379998334
2.974576094999861
3.318841898000073
2.571906078999859
2.106719582000096
0.881792151000127
1.874978966000072
1.103969471999903
2.060313318999988
2.117253298000037
1.270352387000003
2.923082815999919
2.957912235000208
2.032212864999906
0.8381037860002607
1.606676268999877
2.040466153000125
2.187813109000103
2.244144148000032
1.867941348000159
1.340165171999843
1.284747780000203
2.305616604999955
1.308948121000071
1.466230369000073
2.742470023
2.626677916000002
3.879967375000001
2.22048856799999
4.014504867000007
3.625279492000006
3.695788303999997
2.418104750999994
4.401911380999984
2.929336955000004
4.530119845999991
3.858002180000014
3.531986078999992
3.929292399999994
3.327874245000046
3.84198365200001
3.308870709000018
2.688787758000004
4.748909190000035
3.974274772000001
2.170946950999991
3.633306059000034
3.698634860000055
4.818007286999944
3.748241442000079
4.064346044000047
4.000794022999969
4.841227326000023
4.33517255999999
4.459618265000017
5.170501915999978
3.897195428000003
3.634465515999977
5.42808210900003
4.098711414999968
7.033206514999961
3.432902080000019
4.62250448799989
3.738584371000002
4.717830327000001
4.490094152999973
4.429234420999933
4.120081872000014
3.390021488999935
3.205299056000001
2.922454429999902
3.911430772000017
3.69585043099994
2.789834458000087
3.799308839999981
1.638494612999978
2.556472635000034
5.166292927999962
4.427524098999868
2.931324585000027
5.890356261000079
4.042213817999937
5.137731918000043
5.022349013999929
6.483683345000088
3.862962438000011
4.315926809999951
4.039747083999885
4.787542692999978
5.927667433000124
4.42620062200001
4.60069988999976
4.66728010199995
4.97737992999987
4.354488500999651
5.292814922000048
4.355370408999988
3.162840698000082
5.296871438999915
2.984350842000026
6.260562745000016
4.537027758000022
5.396930672999929
4.506584967999856
3.761824364000063
5.623822672999722
7.1334873039998
4.322451464999972
2.954258549000201
5.052425351000011
6.005011027000137
5.103249750000145
4.45906691100015
6.118890657000179
3.448073885000099
5.933539387999758
4.194832661000078
5.636393361000046
4.224740566999913
4.701036184999907
4.478288906999978
4.384287329000131
5.229790981000178
5.947978591999913
2.871731938
7.260868861999999
8.212383128999992
6.609921678000013
7.559378807000012
6.496810619999998
6.220076241000001
5.87388856900003
6.098142154000044
1.916789552999987
5.292683492000016
6.082021516999987
9.13303420099993
7.156484451999972
5.023163763000014
7.461652630000032
6.754386871999941
6.577287985999988
5.739152976999975
6.375323086999998
7.342430430000007
7.14441790500004
6.334277519000068
8.362767607000023
6.682343960000082
7.052864226999986
7.921882593000021
10.28010885299994
7.798484770000073
6.81617245800004
6.090925331000051
6.613502546999996
5.432607232000009
6.727940722000085
6.297124095000015
6.761920571999951
5.457272952999972
6.980085990999953
6.221702299999976
4.191280395999968
6.191147860000001
6.314661840000042
4.067843620999952
5.23446776499992
2.521983497999997
5.778556239000409
4.493134706000205
7.858985556999755
8.622955899999965
5.246498419999966
5.567855563999956
7.701042053000151
4.352953293000041
7.003695350999692
4.581487111000115
7.595530612999937
7.54468146499994
5.70862076100002
7.68938486099978
7.03852505500015
5.93019016400001
4.753991782999947
7.052983599999834
7.114355222999961
7.791132105000088
4.893305226999928
5.579609571000105
7.601300976000061
5.958403308000015
8.337954024999817
5.606343647000131
7.843884602000117
6.277636678000022
6.261822605000134
5.905610266999929
5.957939369000201
6.820151449000036
4.819049429000188
6.69633636600031
6.757646055000123
6.978116449000083
8.142129892000185
8.189190835999966
4.900505435000127
5.453995190000001
7.474942241999997
7.627215616999933
8.080626579999944
7.061280635000116
7.445386019999887
6.713868528000376
7.103189506000263
6.305689026000209
6.079574247999744
8.802033329999631
4.049924377000252
6.233024348000072
7.37469088299963
8.313363358999595
3.946470438
6.030482211999997
5.159331675000004
3.540145532000004
7.298892181999996
5.990151872000006
8.790685032000024
6.162076080999967
5.858261165000002
7.308422969999995
7.974996929999989
6.907073632999982
5.632554706999969
6.849361996999988
5.738693564000016
4.374767147
5.545983976999992
6.468457591999965
5.246470204000104
4.706379980000008
8.178682089999995
7.025841001000032
6.649369944
6.605478028000022
8.483874948999926
6.323198797999908
6.782487310000079
6.318575005000127
5.604681382000024
7.476693224999963
5.043114830000036
6.963304232000041
4.963180297000008
7.200074973000085
7.164584661000049
5.704283760000067
6.220097678000002
7.216537273000085
6.989734395000141
2.953344410999989
7.62335463800008
5.559047425000074
8.540835574000027
4.784035743999937
5.461376362999999
1.176308073999962
4.320945001999974
7.482730242000002
6.468346538999867
8.577040817000125
6.818820394999989
5.890271822999921
6.457298465000235
8.172860455000318
6.622328983999864
7.778974095999956
8.933110264999868
5.275704112000085
9.699927641999921
7.390713633999894
5.947356506000233
6.685267053000075
7.745444132000102
6.768664354999828
6.640797961000089
7.248427019000019
5.988245587000051
6.1401234289998
5.046211567999762
6.190790794999771
4.569635594000147
9.953209729999912
5.925180546999968
5.7538703849998
8.168669255999816
5.485587997999573
7.497734143000002
5.698503788000039
6.742240076000257
4.46562357300013
2.948042625000085
8.034517746000006
6.02159507600004
5.985629754000115
7.741473839999912
6.097931258999893
5.685392531000275
6.543035390999989
6.419030586999838
6.367026649999957
5.223663060000035
5.588731671000005
5.524698332999833
6.432774706999908
3.52040447000013
6.84250930799999
1.095342524000898
5.812370372000487
3.713574369999833
5.917038727
5.043521742
5.52353226899999
8.215015149000006
4.785291775999987
4.231207485999995
6.325087930999999
6.473442351000031
5.647497176000002
10.17468883899997
8.854664619000019
4.926288935999978
7.828322597999929
9.336125792999923
4.297804206999984
7.867130542000012
6.054156895000034
7.548826523999963
8.332213868999986
5.582919548999996
5.106259035999955
8.162934974000052
5.384775430000076
7.220696858999986
8.162288505000049
4.8992870900002
8.541740426000047
6.921281290999957
8.506698806999907
4.534477589999995
8.182187874000078
6.169191495999996
6.26828923000005
7.208548646999986
7.823380645999919
9.842314458000033
6.150883997999983
5.531483299000115
6.95113245500005
7.421460431999947
5.026231231000054
5.515019082000038
9.067433878999964
7.362111045000006
6.702996123000048
7.631421067999895
4.233837381999933
8.771856806999835
7.692750544000091
7.426894788000254
5.759946158000048
7.663983229999872
6.005315387999872
8.744100895999964
7.710829461000117
11.72020053999984
8.32311354300009
12.5421039150001
11.8487022810001
11.07939198399981
10.23936415099968
13.22285910299979
11.15079373899994
13.21811137000009
10.76055931200005
12.13133175200028
12.14955420300015
12.93535478199999
10.92852793400004
9.262621499000261
10.38596597099968
8.637958688999902
20.26575262600011
10.70610091299989
10.01074252199987
10.11104510100017
13.73218434300031
2.813552325000046
10.01828955099973
12.19685133100006
10.74954515899981
11.69763453000041
9.655984557999773
10.4942824960001
13.76256328499971
7.226246353000306
12.5144625009998
13.14390564799965
8.984083263000002
9.408550105999893
14.95695574899969
10.42850366500011
14.15333104399974
9.150011743000505
10.68534998200016
13.34142650100034
11.54546350200008
11.59933642299984
11.37714680699969
5.593554728000001
10.438774451
12.79304059899999
6.151794647999992
9.223165000999998
11.12890076400002
14.24304922399999
10.57473337600003
9.410302271999967
10.59564928600005
6.66230376499999
10.41067040200002
14.52965524299997
15.00150164400009
12.4297340039999
15.72959272499997
11.1056917750002
8.198776990999932
10.56167717700004
10.83997169899988
13.25290257599994
15.44957289599984
12.65534478099994
7.95266120999986
8.176736046999906
10.52133290400002
13.1909738400002
10.04087152500017
11.12926234500003
13.21485003199984
7.220352895000019
13.73933920599984
11.33728640399977
18.94851582900014
8.332995917000062
10.25020991400027
13.85112070900004
5.948327430999939
9.641359118000196
11.93858422200015
13.66515701900016
9.591247285000009
9.376978425999823
10.92775595199998
11.92840886599981
11.54992246000006
11.71702491199989
11.04301585500002
13.94801682899993
11.41175790400052
9.479014852999853
10.22265432100016
5.711334947999831
16.59058212199989
10.18969016399978
12.69216805599945
9.192878156000234
11.84074864600007
16.19156253200026
13.00633004399924
19.70466890899979
19.58029464900005
17.20906288999981
13.01784158600003
16.95810710499973
14.69799648199955
14.15062647500008
13.6471605390002
17.99049075200014
17.80982169200001
16.63759687800007
14.97178652900061
11.8180718829999
16.18327869699965
20.96818664900002
18.2234858319996
14.74416525800007
8.627920504000485
35.49775894899972
12.84103084200024
14.58890434899945
20.69611537499998
15.06997422199902
17.47497090699881
10.49205749000021
14.49538242899871
8.157331483000235
18.71974100599937
13.65650346000075
18.14384942900006
17.55722334500024
16.45927160499923
12.15345628600062
15.96970027000043
13.64730653400011
13.74302266999939
18.39790781099964
17.63557840499971
11.94024932800085
27.405526673
46.17912088600002
47.63087438899993
45.19477506300001
45.119535165
36.93129266499994
43.39808495300014
50.90743179599986
44.65338650000024
48.31266308400006
51.96399930500024
53.6086061769999
42.67735516199969
43.17328560199985
45.03071543500005
50.9878144420004
45.72727270099995
40.95342209799992
42.40208157200004
35.02975027900015
27.30963546300018
35.31793236299973
29.46372773299981
33.72641890900013
40.38861791199997
55.984829902
35.21612563100052
42.71701485899939
40.2054996490001
32.02992361800034
32.50521041600041
34.34938933299964
108.5134757220003
53.81575147600051
69.2334579329995
65.92164937800044
57.94976717499958
66.20437121700024
58.08209927300095
60.20030123300012
49.36721848600064
57.52895926299925
60.27629157299953
51.58446804600021
57.95679006099908
58.20377023200126
60.66156801399939
47.17590206500063
52.3000161430009
59.318899521003
61.72461037600078
61.96341949599901
56.47830111399981
64.80872564600213
57.43825620600001
63.33686346199738
60.26073347400143
66.29184156199972
58.55376617299862
65.57117066200044
58.43225283399897
67.37471076299971
59.1109073280013
61.82947030900232
49.50909412200144
59.28834983299839
56.15820561600231
56.8534943800023
70.87935423400086
52.99765982099871
70.6680156090024
50.34923826300019
46.01265653599876
58.67623724600162
46.89529740600028
47.11812148100034
63.60868812900026
50.49813053400248
65.77526182399879
57.59913029199924
63.23468204599976
54.75247849100106
55.78523846300322
42.54896119900059
70.64523620899945
55.35077961799834
61.15200625699617
58.4430988389995
62.11760074599806
58.4585373230002
51.1754846529966
55.2999371340029
44.1372730510011
47.92259615300645
46.77483797599962
46.23725611799819
35.50758359100109
34.78447193399734
84.64487922899752
