1.74420232
1.854109512
1.415706749
6.081731983000001
2.167417666000002
3.868010181000002
3.445873488000004
2.520585308000001
2.223224678000001
2.599202636000001
1.372296535000004
2.835748967000001
0.8857979969999974
3.442736779000001
1.446813871000003
4.039751078999998
1.534280468999995
1.867454569999992
2.658722513000001
2.574984072999996
2.784689885999995
1.031261149000002
2.429031780000003
2.810934198999973
1.720512584999994
1.840848767000011
1.793699462000006
1.612728793999992
1.555687215000006
2.041662430000002
4.124852008999994
3.005339488999994
2.015860887999992
1.683984425999995
2.526448151000011
2.414299493999977
1.232148059999986
0.8497588330000099
1.556605394000002
1.460173069000007
3.45294458699999
2.182705532999989
0.7118103610000048
2.608210779999979
3.830246936999998
1.475763435999994
2.130669800000021
0.9586676480000165
2.798245424000015
4.727978448999977
3.88316860499998
3.714139048999982
6.15194188800001
1.631703590000029
2.322520711000038
5.326191061000031
2.335674771000015
1.941865360999998
2.23284875600001
2.844896229000028
3.206544024999971
2.564067205000015
1.39762065299999
1.753658372999951
2.472870725000007
4.472590612999966
3.077589439999997
2.497637671999996
2.881572157999983
3.130527389000008
1.925184056999967
1.842034282999975
0.6642326850000018
3.993590550999954
3.506511268999986
3.00885175999997
2.045266253000023
3.016008209999995
3.067076452000038
2.387623337000036
3.147331648999966
2.562433290000001
3.39424344400004
4.234812835000014
1.085051335000003
3.603531227000019
0.467204014999993
0.8581156349999901
5.406120218000012
3.188252765000016
2.062341696000033
2.069422643000053
1.579664879000006
3.278071409000063
3.126246258999913
4.043154808000054
3.835231662999945
1.506792801000074
4.037725729000044
3.996549513
2.906314552
3.312631680999999
1.966573269000001
4.37527369
2.600945399
3.639326603999997
4.071673566999998
2.386544498999996
3.1208101
2.257682115999998
4.243954811000002
3.129126847000009
2.881985526999998
2.816474477
2.628564226999998
3.285689203000004
2.877962144999998
2.419035624000003
3.334591515
2.923740405000004
2.716885816999991
2.074011408999993
2.760386360000012
3.850008707000001
2.640637302000016
3.93460674100001
2.521140059000004
3.012849415999995
4.322387609999993
1.446414919999995
1.503026736999999
3.885845550999989
5.421024165999995
3.873158199999978
3.916340122000008
5.285866021999993
3.764801822999999
2.683594803999995
4.531917891000006
3.938095175000001
2.891408481999974
2.508682224000012
3.018988110000009
2.899574102000003
2.276813927000006
2.866793690000009
4.535441400999986
2.675103363999995
2.591305846000012
3.998074298000006
2.390405170000008
2.820789533999971
2.74787205399997
4.237868300999992
3.535104778999994
3.510325878999993
4.352791676999971
2.62146297999999
2.458299785000008
3.870984011000019
4.340631739000003
2.695900419999987
3.592415985000002
3.593306939999991
2.924246987000004
2.591457772000012
2.05988441400001
4.847631252999975
2.873516769999981
2.878463280000005
2.955104177999999
4.456330843999979
3.667246335000016
5.330734670000027
3.836847759000023
2.605819514000018
2.26121112200002
5.249961401999997
3.401560812000014
3.467837070999963
4.490862289000006
3.203964713000005
2.401728444000014
3.983094170000015
3.416324876999965
2.090358763999973
4.878856073000009
3.07660113899999
3.239686076999988
1.551894911999966
3.924208754999995
5.174114814999996
5.138266932999954
4.017944155999999
2.459986407999963
5.217528342999913
4.296111758999928
4.166025106999996
2.388107348
2.223929122
2.781082784999999
2.803115081000001
2.073590884000001
3.658913958999999
1.763220371999999
2.486234057000004
9.922028929
3.048704081000004
4.575958664999995
2.257863240999995
2.080279602999994
4.326846508000003
2.034085335
1.891345645000001
1.577897618000009
3.549740151000009
1.592618380000005
5.440362363999995
3.430126553999983
4.27609906699999
5.651150459999997
3.811353027000024
3.443554443000011
4.775392828999998
3.758648856999997
4.09259990000001
4.490271782999997
2.544638954000021
3.976720787000005
3.067540202999993
3.551944597999977
3.855143200000015
4.969511644000022
4.251993238000011
3.349712160999985
3.299406618000006
4.454836619000019
2.614854968000003
3.382358870000019
3.626480767000004
4.240279826999995
2.759205238999982
1.449213436999969
4.504074707999962
2.928076480000016
2.809777071999974
4.073781237999981
2.631318959999987
3.08982090500001
1.332613022999965
3.632181644000013
3.790694443999996
3.789472392999983
1.895768169999997
3.285056576999978
4.160602310999991
2.361396491999983
3.121439497999972
4.246759724000015
4.42740184500002
3.573251750999987
3.626763111999992
4.793243926999992
3.078805722000027
3.147208127999988
6.741303533999996
3.399899369000025
4.983721795000008
6.293695918000026
4.674682070000017
5.436074704000021
3.09227210399996
4.454306626999994
5.944632906999971
1.152688044000001
3.08395682400004
4.410377049000033
6.513761457000044
4.659692252000013
0.9742350869998972
6.493369432000009
2.987133416000006
4.740675507999981
2.889958953000018
3.129872682000041
4.813344606999976
3.649525885999992
4.188729917999922
2.74337509999998
2.870990637999967
3.476734813999997
3.554829073000064
2.557879831000037
1.91615437300004
3.993728220999969
4.739770066000005
4.16835990200002
5.952467443
6.302633180999999
7.819271746999998
7.845339705000001
4.276753762999995
8.365944329999998
6.957160378000005
9.232212618000005
9.085046136999992
9.107260820999997
9.790881853000002
4.098609457999999
7.690144282000006
1.172970694000014
7.203091706999999
13.51852265000002
6.503743541000006
9.128748892000004
5.866295248
7.390986366999982
3.036053366999994
11.32555005
10.347511516
10.08089442699998
11.32670405300001
11.20637679599997
10.326689961
10.16107985399998
11.81746118000001
8.817855845999986
9.908310260000007
12.21797415499998
11.828068761
9.370552478000036
9.384607366000012
6.654829070999995
17.41498787300003
7.539563483000052
9.082603013000039
10.563069563
9.950406256000008
9.022286013000041
9.390153250000026
6.658253142000035
11.45329568699992
7.157851746999995
9.516383087999998
10.83383535799999
11.88044637000007
9.895135989999972
8.885824759999991
13.34303638100005
8.636851460999992
8.567462146000025
8.339156248999984
7.301674241000001
14.60045259200001
11.496819641
12.62720950400001
11.44664140999998
9.982407575000025
10.56514513800005
5.119643455999949
11.04569123199997
9.00476422700001
9.664021497000022
9.345738295000046
11.19974505799996
9.316136905000008
12.24323413500008
15.28452696099998
12.38157194600001
11.50917439200009
15.20252254399998
12.33110142600003
12.20957707399998
13.52227691500002
16.00968833500008
11.91622145399992
9.350403704000087
9.107429753000133
9.307857320999801
11.4780554670001
15.97955959799992
12.94769438499998
13.0476450619999
15.51797874899989
18.17843581200009
13.15184461300009
16.51462547200003
24.84742265900013
13.49818060100006
13.40850442700003
21.92521110000007
15.61968040400006
10.50232810399984
8.908907044999978
14.18708227299999
17.39033124799994
11.632490901
14.397902821
16.121339575
15.85759747700001
15.78844657800001
17.794918767
15.32774598400002
17.54433960600002
15.421555638
13.554105604
19.12606061399998
16.95209942399998
14.358529046
13.35423849099999
12.75003730100002
17.192865488
15.12494702400005
11.87397109800003
16.68127344199996
18.87009552399996
14.289434648
14.25473302099999
18.11666857400002
15.39835441600002
15.75626990399996
15.28388010099997
16.12862282700002
14.66461232699999
10.74116283199999
12.72668210200004
17.51453258200002
13.49434201899999
14.39877635799996
16.12652967199995
17.95659611600001
16.53423788999999
12.43868904700003
17.10725729199999
24.29512312199995
11.67913108200003
14.604264242
14.64199549
14.29071805799992
14.70912664700006
17.06628801500005
16.31102572700001
13.03687151700001
16.60247193400005
17.87636551100002
21.05933278700002
13.883110311
13.94478643799994
14.10496297300006
16.04251339899997
9.928793571000142
17.45271584400007
14.30346666599985
15.66552898800001
14.33230587399999
17.53856739100002
14.7522587819999
14.49627164100002
16.61717391699995
10.94567233399994
14.13022237199993
16.76237441099988
15.68105782100019
14.77280729600011
12.80250673800015
21.03213521099997
17.842934044
14.49368527399997
17.90950958400003
12.49514356999998
16.77399568500005
14.27991171600002
14.02625254500003
41.50833761700005
21.82632695899997
12.98016251599984
14.21849712599987
11.42473883599996
16.32858954499989
18.79125215600016
19.27032371199994
18.517756577
15.20338843400009
17.18525397600001
15.88979384000004
16.51978802500003
16.34517958900005
19.27095999800008
20.87165484999991
19.09404365299997
20.66227253900001
19.40882479600009
19.54797715800009
17.83520900899998
20.30233325800009
18.06370764
16.188764453
19.027482904
14.21964430000001
15.342283928
14.337334614
21.08050265299998
16.99361065599999
14.67900730000002
17.43448000399999
16.42373414699998
21.17269879199998
28.43214370800001
25.900955657
33.06431858100001
33.74120713299999
28.574457827
24.79620307200003
27.81393776300001
27.58413550699993
27.74255609300008
26.7227898650001
25.08570133599994
33.58109085600006
32.11255485300001
33.61138458799996
32.60173966399998
29.02727964299993
28.23662748499999
21.37871235600005
18.66114450100008
27.89446493299999
33.85552370399989
23.86608099
30.52784330200006
27.41099636000013
29.61184805199991
26.1719944649999
30.90013048300011
27.023327225
27.04650989100014
28.0779494840001
28.81476204600017
29.49466523899991
24.63589380300004
26.54281741
25.85141523800007
27.51641441100014
31.29028614200001
25.44579415199996
25.61016906200007
23.61403335999989
28.62966965100009
27.85818654399986
28.91838091800014
26.60595736599998
29.03387660899989
27.07207874100004
26.3820670749999
24.66815356400002
28.20867127099996
25.82115156399959
28.95131611399984
25.96659110099972
29.62026317099981
33.39227677200006
30.75634137999987
26.21080947400014
26.00989144000005
25.49851054100009
20.59015355500014
22.69508027599977
19.53287254799989
28.59026336900024
31.92061367299993
26.31922187300006
25.46413689400015
28.46031245400036
25.48190686899989
23.69635846899973
22.60148979899986
28.6463010450002
27.53104048400019
26.64495573800014
25.65486653900007
27.05091733200015
29.88825783099992
29.42853785700026
25.58373288199982
22.93332730400016
30.64080658500006
27.63034489300026
27.97920450600031
29.74415422599986
30.74108317199989
25.6656277459997
25.8135960489999
22.96539881699982
21.17711147299997
28.36222952
31.59688415700001
27.692263587
31.461773389
26.69324292100001
28.921678762
16.923891895
18.62550317099999
25.54632793400003
28.53620501
31.67501295
26.02309167700002
32.43610238900004
33.84994376399999
30.93999914300008
26.78693819300008
24.78712126000005
27.03349877000005
21.70767344400008
24.33126363400004
28.62499439300007
29.89930479700001
33.12300415700008
25.15099904499993
15.80047137999998
26.98387910999998
35.66501427999992
25.81893247999994
27.29529137899999
31.69948514199996
31.52287418500009
25.55348877300003
30.08301981700015
26.32993087499995
14.88592933600012
27.23212868699989
31.61588111100014
29.59257972
27.06125262400019
28.42557141400016
29.24659127900009
23.84704769200016
29.62650588099996
26.40095072299982
20.69892881299984
29.08971830600012
32.37416803800011
28.02586493700005
44.90506144899996
46.07147521899992
41.06684683499998
40.97982487000013
43.91980427400017
42.27509256799999
30.0235294629997
37.88746506900043
38.17304810600035
36.77868586800014
34.05330465499992
39.41080941300015
34.49255807000009
40.47283633300003
34.9043457570001
41.98281238700019
38.56111778500008
39.39478230900022
38.59482593200028
35.34289933900027
36.84111292499983
32.41222990999995
32.70562215100017
36.02916076500014
37.2876524090002
37.62969980199978
37.18634138500011
32.86731087599992
36.35796692000031
37.60371929699977
38.83277765599996
43.73313432900022
41.86045285499995
43.42070922099992
44.95847317200014
41.75174577299958
42.86171224300006
37.69217464299982
33.74939110800005
35.95560654800011
36.58004778099985
30.87454633099969
39.5794578279997
41.59153993199971
41.14645051100024
39.67268131799983
36.91402446400025
29.64831780900022
41.86219651099964
42.06122414999936
33.60400092300006
29.768910348
39.52124901299999
35.82767767499999
31.25721378
36.77370503
35.48117347900001
47.75806489199999
42.02217611899999
36.11960234999998
37.17328470000001
38.21871690699999
35.20358514600002
37.5180901089999
38.14741421400004
36.77981743099997
37.34849436800005
33.9711255499999
33.27524726499996
29.18507119499998
40.14962923999997
39.8258106940001
40.48786581000013
49.57941351299996
40.14520417800009
38.72354275499993
39.72783720500001
39.64374400499992
52.62904797299984
54.97134055300012
54.70187233299998
41.51061593300005
36.05890438300003
41.83456719100013
35.5687691390001
40.48990562200015
41.75554853500012
38.73856620999982
41.22097633699991
36.70843837100006
45.44724341200003
41.55004794199976
42.27018537100003
33.15498901699993
35.07661232400005
43.01185977000023
41.21660888699989
38.11118527100007
39.25751323400027
38.65266087800001
36.09428746799995
36.96577584700026
39.71322963900002
35.16832662700017
37.66075572699992
35.24991600700014
32.03466369399985
33.01820567999994
34.52460265199988
32.13023547100011
39.63220798500015
35.59325186699971
34.43988477199991
34.26670272000001
36.48785813100039
32.66637752099996
31.0206771029998
42.67921907800019
26.94430901999976
22.91749471100002
30.27000431399983
32.57017311300024
30.76235508699983
33.44945780199987
43.91736058700008
38.02862649400004
34.94755912800019
32.30720340000016
37.98217274800027
32.94208803900028
31.86475124400022
32.82236908799996
37.66392184999995
28.65469273500003
33.9055941079996
46.51099756199983
38.45113791399945
34.21826254000007
36.77251007999985
36.85552701600045
34.98957803699977
33.18878009499986
39.35784000199965
34.87948047500049
36.6472664339999
30.97993501000019
40.2035949709998
43.66014598299989
41.86000729100033
39.1571617160007
36.756986777
36.43862579500001
38.67715375799999
33.17188405000002
31.23664035100001
30.42679683499998
37.03040649899998
43.247292378
38.67036774499996
36.92332158300002
28.25866769599997
26.69801831099994
34.80154883299997
40.38311570400003
38.24519092399998
30.38935539700003
37.61877925699991
33.61793390999992
38.70314419199997
43.36914256999989
38.97810611499995
37.74468501499996
35.87115086599988
34.94982559699997
37.41171706399996
43.19487590400013
38.10345325800017
39.68829238099988
36.01710159599997
42.5383260210001
34.20651126899998
37.13018420200001
32.76579352099998
34.772887438
38.25036524500001
38.63756385099987
51.39073388500015
35.90633935400001
44.19882433299995
36.37595678799994
40.70983351100017
39.57816965300003
49.51935280400039
36.45999591699956
36.49715933300013
41.78868185100009
35.70546551200005
36.34383361399978
34.02156296400017
35.67883715800008
33.48345839499962
39.87461977200019
44.39941231100011
46.06427905800001
37.22062790100017
37.91808789800007
41.10302946000002
41.42055936299994
35.78449873499994
42.38985182399983
40.18365443499988
41.07409729900019
38.04778226299959
29.18433877200005
36.04465369900026
41.03950705700026
42.25280138900007
30.96750612000005
40.78168122899979
43.29279114000019
37.79356824999968
31.07668592099981
41.05490324799985
44.27000878799981
40.97303481400013
38.31849041900023
31.84406221200015
33.85833759000025
48.89871747000007
43.61967953800013
37.65761443500014
40.85739367499991
40.23417799399977
42.39212275700083
39.9571837780004
43.56662359300026
33.93052688700027
42.9775689220005
42.42811480599994
35.35804137200012
37.52006576500025
45.27158522199989
38.74499634900076
38.200280948
45.90999197299971
31.34309149699948
36.95750195500023
39.98732228300014
37.42865432800045
36.815133022
38.506407958
37.132907616
40.956740811
37.64375461999998
33.22649732299999
41.42168511900002
35.74614163300004
34.08192488700001
39.30374023599995
38.40614023800003
33.14995522499999
33.16865098100004
42.9476792779999
39.53438264499994
39.64293272199995
40.55255526999997
34.61168045099998
34.90900605999991
38.39745442800006
36.03901739699995
30.32285745699983
28.89869192700007
46.48304442900007
37.78042196499996
38.53539133599998
43.34474060399998
34.02006715499988
35.77122826499999
40.98463221300017
39.07460306799999
37.02522035100014
38.656057874
37.71162647300002
34.75131844499992
39.75676554400002
35.26769994200004
35.43899076499997
31.22605996300013
30.05397158599999
35.76255327400008
37.96226143800004
39.165332562
36.48931196700005
41.24901416600005
34.31517544999997
35.58457357799989
39.71145622099993
36.71513774000005
39.1364904889997
33.38799082000014
34.84131521300014
34.73515149500008
39.02762649999977
37.35894615799998
33.4312375479999
36.15795555899967
34.53147244299998
40.36648498500017
38.1961604940002
33.09711064599969
37.79789552800003
38.94279203299993
40.49258239400024
36.77796706000026
38.13275576800015
35.14299348300028
40.03180648599982
42.58324140199966
35.01142195800003
43.15779979300032
37.4400603590002
42.27050671999996
34.96153993400003
41.29628291299969
40.49167523200003
41.79957666000018
37.55135499299968
43.19884094000008
42.59160831700001
42.23677028500015
42.43934724300016
40.09136517799971
39.93698573599977
41.68852688800052
41.08139316100005
39.85868037399996
32.74325315500028
36.20471555300082
40.36509815600039
44.93118629299988
47.96724901899961
41.87197887099956
40.93702367800051
44.72297031800008
44.2159544670003
45.15935370900024
40.02853703899927
41.45461490200069
33.349477789
40.07126028099999
36.11365917799999
36.29199953
42.624089564
33.73432444099998
35.55300658200002
41.170189204
36.233284556
36.77339557700003
49.60784493799997
33.53717943999993
33.70029926500001
36.78884909299995
42.34823399200002
42.06881982699997
39.68302622800002
37.45450056799996
35.47523810500002
45.32419570100001
44.49210171399989
41.43674140799999
36.58426515700012
45.57174997599986
39.55646899699991
44.44533854699989
36.02383276499995
36.23710191200007
38.99758981200011
44.25823658700006
46.01723037300007
36.83313032199999
37.57632333799984
35.85732199499989
34.07385627600001
36.20775890000004
37.85543707700003
40.46170067599996
39.75784053300004
37.3636136560001
36.64657517899991
37.16053642900033
43.8005037150001
39.84003799499988
39.78108592499984
44.65530750900007
47.12958859000037
39.74959096799967
41.21713236300002
41.90603380200037
32.76521402099979
40.02268338300019
39.60706278999987
42.805450544
41.33937387500009
42.9634435779999
39.54612425200003
37.95826164600021
39.61531073099968
37.18323315199996
34.40387716999976
36.95946002600022
40.54186579899988
35.22234070600007
40.63379980799982
35.4996962969999
38.04682657800004
40.47163519700007
40.62981737600012
41.26905891800016
39.3205119270001
36.73509990299999
35.75721365800018
31.56697478199976
37.80298318700034
33.85932993899996
31.16008648499974
31.03736941099987
22.60322123199967
27.34571495
39.52691808200007
42.12671633199989
42.53562581299957
43.50327469000058
23.78474836200076
28.22915852799997
38.06301572599932
39.86886342099933
82.43847808999999
18.42545320199952
39.4613990910002
38.93690436700035
34.2646689510002
43.59237284199935
38.39636433899977
42.12177465100012
40.50609197500034
34.88365403100033
36.10592344799988
38.626894814
37.699765383
38.66078304200001
40.276651208
33.70717603700001
44.27906073399998
33.92308714699999
49.592436341
40.51234984199999
45.29685265799998
44.37384888599996
38.57060553200006
37.15113583300001
39.30897717599998
37.46324084299999
37.44949002099997
46.21555640400004
37.54985684600001
34.54030144000001
35.79882639599998
33.89948899899991
31.24071950300004
32.99745233800013
36.39399941900001
46.162331365
35.93423288700001
34.53249418299993
47.67074930300009
41.26949860700006
40.76757902000008
42.79515682200008
45.177455904
34.62346289599986
32.213831046
34.73696831099983
29.45330391000016
3.561535192
3.534982791999999
2.559097623000001
1.624768891000002
2.248643426000001
2.140767967000002
3.657075407000001
4.521695887
1.456780073000004
2.445712454999999
1.707234086
1.532220652000007
2.452416638000003
2.325681355
2.572058534000007
2.971240176000009
1.780633230000007
4.078831808000018
2.546917294999986
4.254979945000002
3.220735096999988
3.009865504999993
6.736954531999999
6.825167356999998
6.818039080999995
7.346641824000017
6.527708816000001
6.464194735999996
6.211444121
2.828394148000001
7.05665323300002
4.546913978999982
4.250693883999986
5.370661423000001
5.550229466000019
4.544036851000044
5.05253964100001
2.76362865599998
4.391229838000015
5.480096874000026
5.52537665899996
5.675358777000042
5.760858685000017
3.553556320999974
6.142797675999986
6.589356228000042
6.568253884000001
7.625244994000013
6.679463004000013
4.843285207000008
4.748423894000041
4.032442623000009
4.264163841000027
5.498952379000002
5.543943422999973
4.985928855999987
7.689594080999996
4.776158597000006
3.957592656000031
3.835729796999999
5.540316001999997
6.382888071999957
4.407798700000001
7.840158531999975
7.199132446000021
5.305557814000053
6.29603510600009
6.090818774000013
6.185920769999939
5.914493384000025
6.320201236999992
5.81004687899997
6.714070661999926
6.09118920200001
6.390317849999974
6.116500152999947
6.252321725999991
6.549580225
5.498148179000054
6.32808095200005
6.878561726999919
6.449572497000077
3.846064127000091
0.7812851529999989
2.666890848999969
2.809885517999987
6.463357705000021
9.041066238999974
6.414360310999996
6.012000205000049
5.996426959000019
5.498485296000013
8.807920910000007
6.402789936999966
6.384453183999995
6.833592325000041
6.474743728000021
4.111646367999924
6.011637550999922
6.579331612000001
4.427123525000001
6.810762100000002
5.166310486
6.313195168
3.473720182000001
5.638687808999997
6.823145903999993
6.421890106999996
4.979392392999998
4.420052860000013
8.25194691099999
1.952427718999999
5.589832264000009
3.414055494999999
6.631870402999994
3.077389734000008
4.312765159999998
7.063818790999989
7.249320168999986
4.327846596000001
6.760558171000014
6.745556823000015
6.490346144
2.960457872000006
8.582176674999999
7.036121237999993
6.382923070000004
5.578737531999991
5.59714182099998
7.853983292999999
5.137633705000042
5.208763970999996
7.893709188999992
4.653869897999982
6.082194777999973
5.812936583999999
12.21385057099997
2.725212024999962
8.156010143999993
6.528068843999961
10.10312367900002
4.937004345999981
8.602518597000028
7.605339808999986
9.997870840000019
4.800920342999973
5.991078615999982
7.593422651000026
12.22994824199998
1.85567594500003
7.686323119999997
5.874763676999976
13.23908077800002
6.100704114999985
6.187722262000023
3.722819630999993
10.75491551300001
12.07390423800007
11.42271165599993
10.18666445200006
11.39758406999999
12.3197566990001
11.62948212699996
11.67970647499999
11.93048631600004
13.13372700299999
7.623863639999968
9.595232753999994
9.374586571000009
10.50632798300001
10.49318535100008
9.623163366999961
10.54230544799998
6.624829976000001
10.35370558400007
9.032211909000011
12.05888565100008
11.44050079499993
11.29381038199995
9.596255897999981
11.56404874599991
8.451866945000006
13.74514617900002
9.497748817000002
11.19563557599997
10.23068057499995
8.607591629000012
9.166001200999972
9.070358861000045
10.70036755399997
6.830362627999989
7.068486407000023
9.978302441000096
11.32618683500004
6.72488915200006
8.713850253999908
11.69610696800009
6.536633316999996
9.012954893
9.626763668000001
11.368616045
11.244062332
8.655897852999999
9.729098389000001
12.00357157399999
10.044115609
8.825783975000007
11.567984044
7.554191271999997
10.16132119100001
10.96132600700003
5.79469048499999
9.456124213999999
9.932517001000008
9.348397991000013
11.736545259
9.841073304999981
7.882016360999984
8.515251462000009
11.43990115399998
10.84214236100001
7.97042567799997
9.768644355999982
13.01986701999999
11.30737511399997
6.856351565000011
9.392873441000006
9.610740855000017
11.09403032300003
10.41324211300002
8.450267120000035
8.181740026
9.159008044000018
6.497083309000004
10.48013862300002
8.909055508000051
9.151694930000019
11.07181807399996
13.729639642
10.97520387400004
4.485886356000037
9.472244751999938
11.28717933600001
7.637235007999948
11.83392968400005
8.194645814000069
8.068743634000043
6.712707847000047
10.358983459
6.878249082000025
9.653597786999967
12.24034285800008
4.148585419000028
9.993126336000046
8.889093600000024
9.537124392999999
8.948120594999978
7.374262746999989
9.533860428000025
14.13645655300002
2.285057005999988
9.733174036000037
8.737336833000086
8.494094182000026
10.65584467399992
9.36978507699996
9.907293165000056
7.014168118000043
10.151876958
8.985462023000082
11.96507290599993
11.661012443
9.686961578000023
9.936016828999982
8.85756281700003
6.996125488999951
10.69811595900001
15.21035051499996
11.43637686099987
14.36749537500009
6.529768768999929
8.634002667999994
9.918080615000008
10.57926183500012
8.839356446000011
10.02199106700004
12.44407281399981
7.954477215999987
7.556149904999984
8.759052326000074
11.98247190300003
11.34808620400008
10.09230844300009
7.673182648999955
1.823480450999796
6.408509810999931
13.97274226700006
7.948245915
12.721970847
5.983365417999998
9.293284067000002
8.018271720999998
9.603743732999995
8.319216396000002
7.353524625999995
8.276445870999993
7.993411893000001
7.569362057999996
9.009908418999999
7.206825741000017
7.671244740999981
8.159610794999992
6.276935626000011
7.979690414000004
7.500776594000001
8.672577667000013
9.086361777999997
5.687994914000001
6.916033545999994
7.47571739
9.374736215999974
9.404202757000007
6.70877716900003
9.032311091999986
6.450460910999993
11.63259851499998
8.215659058999961
6.518093555999997
9.600830770999949
9.941789210000024
7.386708480000038
7.084109689000002
9.992433063000021
9.26132469800001
7.01702146699995
7.36043185799997
10.94715039300002
8.686415572000044
10.74298577000002
8.651935979000029
8.688833625999962
8.18849929299995
5.985233141000037
7.214590878999957
9.74017037200008
10.98882123200008
7.520478120000007
9.039077966000036
8.961927230000015
8.712831463000043
10.23598713799993
8.192658749999964
10.96002079200002
9.812235571999963
7.229399876999992
9.211103511999909
9.607311776000074
7.525317523000012
10.15282608000007
12.08110759500005
7.72686955000006
8.684892003000073
6.675836812999933
12.31448053300005
9.676527214999965
9.407988628999988
11.80316088099994
8.798229679999963
10.22430352799995
10.14634047099992
6.626015629999984
11.62218498700008
9.048236370999916
10.94767466899998
7.722908335999932
3.50257869699999
8.109425393999913
10.13782984299996
9.586186471000019
10.31292894599994
13.54789755500008
8.838598712000021
8.63397791500006
12.68327874699992
6.703369730000077
9.657697675999998
6.919414613000072
6.756465330000083
11.99615096100001
10.52699734999987
11.45440639799995
9.268756087000156
7.462719753999863
10.09305991100018
10.81550517599999
9.668365101999825
13.164362374
16.692522765
10.757500579
15.45654069399999
14.56459444900001
16.18733474599999
17.07511963200001
13.25843974600002
11.34294344399999
14.18711109900002
14.05846072899999
20.62222818799998
14.410777607
12.799917032
14.74782085499999
13.428040694
13.34958005800002
14.05427200100002
16.11547141400001
15.93903583500003
11.75152727799997
16.429228067
13.98166757800004
13.833202868
18.62354423800002
13.17622138400003
11.78898013100002
18.65656058500002
13.21585609300007
9.91790301900005
14.74188592099995
13.451813453
11.61978913500002
14.09410972600006
13.37154794900005
12.70652466400009
12.32184420800002
13.11506880799993
15.04093389600007
24.90680122699996
13.14645758199993
16.06044144400005
13.90902347200006
7.930668101000037
16.44866875399998
13.30127254500007
12.39512948300001
15.14083443499999
12.27434065800003
14.60741944699998
13.36829343700003
15.33594685200001
14.55353834799996
14.12972743800003
12.19278699499989
13.41882241400003
13.99659377799992
12.52863727800002
19.0060847929999
12.61727629500001
13.83272128900012
19.92762407100008
14.02262306700004
16.91335155299998
15.91202648900003
12.61121122600002
14.05549633700002
18.57954986499999
12.98719051500007
13.70674105100011
14.9495942210001
15.95876662399996
12.19788727799983
15.35767113300017
13.70837097000003
8.922789401000045
13.18684390199996
15.22733060300015
15.64144663299999
14.17017476900014
12.74369981199993
11.85349185600012
21.48746761100006
14.50997799600009
13.46468459700009
13.97462348800013
13.99937611099995
12.42973355100003
14.17514022
14.56700288999991
13.88224126199998
16.40956645100005
13.03660063500001
14.77256347899993
13.65877907200002
15.17865738
14.382982674
17.30451012000003
13.46868608799991
52.19141825000001
56.352458187
61.709251682
64.81051343600001
61.05634611200003
83.83087264799997
66.09535483299999
60.85176923200004
75.08704054899999
68.56358272300008
57.50032598500002
69.88417875899984
67.67145109800003
69.69258658099989
65.64644388400006
76.82610432599995
64.04008955800009
63.76229725899998
58.41310471999986
62.52101174800009
63.92742371600002
65.30903116700006
73.53182840900013
67.83858117299974
60.16576183899997
55.52966249300016
56.75522795899997
56.34033014299985
62.07946800300033
60.37899991899985
66.88643919200013
73.10243162699999
62.04651732800039
65.94482853499994
66.64123113999995
61.9724623750003
81.44721352599981
76.52102536400025
71.4060422700004
72.93185122799969
70.10528149399988
65.02360914900009
77.07911896800033
67.45585104700012
60.1647696949999
67.66780195299998
67.67391235199966
69.77307450599983
84.30087905599976
61.12140455600002
71.47187677300008
73.32936775399958
66.08687702899988
66.3095422790002
67.67664211600004
62.46560789599971
61.45691921399975
74.06690764300038
74.74787317399932
69.87647639999977
67.62380425399988
69.30652847700003
70.30540748899966
63.17365366300055
66.80312364300062
65.72761127600006
58.70312004099924
65.92291311700046
64.41027134900014
84.45811387799949
63.67702723900038
65.35296613599985
66.56477093899957
61.43988485799946
66.51015392600038
64.41253431400037
64.52031956900009
68.51466670799982
64.72620085200015
61.41744549800023
62.15604760599945
65.75331190599991
62.66508524900019
73.40505919999941
67.82683757399991
64.61346492899975
63.22236216100009
66.78085187899978
73.82788695900035
67.6829095130006
65.54966178999985
67.72169925900016
71.53377302699937
65.21189611699992
68.74640146600086
63.25525454700073
65.74981705299979
60.69581269899936
72.96805724899968
70.448960649
71.41558663400001
88.452407128
91.97285477099996
120.1096547459999
54.76444680399993
66.59007629999996
99.534968908
63.06899994900004
71.30794155700005
67.10080888699986
82.110999537
80.24964443099998
82.44085531499991
77.38474616500002
84.36550458300007
80.00657597599979
82.80610119099993
82.67819658600001
72.72143142499999
74.89553428599993
75.94135095199999
71.78565625100009
85.86976548799976
89.10751567600028
70.51619072100038
84.46899176699981
72.37619512900028
72.20886861100007
69.94022201400003
74.83718824200014
58.46383404800008
89.06183924399966
79.12008320399991
85.82225810799991
67.48915156200019
92.86749489400017
76.0590579159998
91.75761858000033
91.71199948000003
72.2697966249998
78.56353314500029
86.05992902100024
84.61581279700022
55.93806570699962
113.9646383959998
89.96020509400023
76.98119016100009
98.95105208400037
77.22404605700012
98.79696121500001
97.30337769000016
80.62473497799965
100.2806392679995
80.03199897200011
103.4043006170004
91.71337525200033
86.92408773600073
85.75781998000002
91.57476798500011
82.95181162799963
86.90926945299998
91.77584627299984
99.75982698299958
101.4697524650001
86.54345054500027
82.68294931499986
103.3819081640004
91.36333232699963
111.4532403080002
105.255517095
110.8958095279995
87.41199807199973
101.1044684010003
101.1970468990003
89.61908191900056
90.39738974200009
77.71863711700098
89.64032548899922
105.2476374740017
94.99292329899981
90.0633948930008
90.61135663999994
99.22817495399977
87.46850878300029
99.25916832299845
90.00374315699992
105.0030499280001
97.19767544300157
73.6095360649997
82.34996297399994
