1.173516616
2.349359941
4.007547162
3.957967646999998
2.115630813999999
14.561920033
2.104726685000003
1.699233176
3.880420678
2.287829142000007
1.588079667000002
3.057590717000011
2.475831184
3.799970673999994
1.501489873000011
3.807457477
3.079848916000003
3.149234468999992
2.734176919999996
1.662449625999997
2.679640699000004
2.008960903000002
4.895459313999993
2.380129665999988
1.421028481999997
1.742003890000007
2.716203836000005
3.921758823000005
3.035247279000004
3.245704085
3.066149359999997
2.434989639999998
1.494099058000018
2.766757226999999
2.72726031900001
1.948638455000008
2.76604866400001
4.069720269999976
3.663731018000021
5.144864026999983
2.613658203999989
1.711398618000004
2.598669478999994
5.438875029000002
4.689159735000004
2.943296269000001
7.547790338000027
5.877578810999978
4.247556485000018
3.369696580999971
1.800767550999979
1.536470127999962
3.616951128999972
2.020876692999991
2.532371619999992
2.299290518000021
2.105427403000022
1.79487632300004
4.665616229999955
1.65801746599999
2.244891214000006
1.664352463
1.965418034999971
2.562622465000004
4.436721290000037
3.79913959199996
1.594725793000009
1.512364684000033
3.852392644999952
1.625766096000007
2.185723320999955
2.419189908000021
4.743606084999954
3.652419944999963
1.602996115000053
2.205715782000027
1.516358099000001
2.71456359199999
1.661105366000015
2.883721546000004
1.661542919999988
2.984947226000031
2.543366471000013
3.823374645000001
3.033869807000031
3.535065402999976
1.497408428999961
4.267517478999991
4.848893734000001
3.133781732000045
1.813613658999998
2.011860091000017
2.52109831100006
4.548701132000019
2.172904673999938
3.103221342999973
2.441904448999935
11.02709573100003
2.667749193999953
1.161878289
1.162835100000001
1.381941332
3.047691454000001
2.658644611
1.640440584
4.035020557999996
1.152474294000001
1.857857162000002
2.066440801999995
1.177895813000006
1.366922037000002
1.421695888000002
1.364175195999991
1.367110701000001
1.977582894000008
2.169384919999999
1.822379126999991
1.782097906000004
1.871830146999997
1.708161415000006
1.939812485000004
1.869630908000005
3.948197601000004
6.23737472900001
1.233095149999997
1.709064571999988
1.824771279999993
1.330997236000002
1.624255040000008
1.443636089000023
1.285389280000004
1.209066541999988
1.246033221999994
1.435931197000002
1.341786262999989
1.406000937000016
1.430670816999992
1.565386168000003
1.881314846999999
1.719045483999992
1.377602480999997
1.876755215000003
1.511774978000005
2.043810885999989
2.907937424000011
2.296284286000002
2.634000835999984
2.00255849200002
2.047656899000003
1.662690001000044
2.132793106999998
2.011753087999978
1.666757227000005
1.61081137299999
1.930053990000033
2.076558690000013
1.528005038999993
2.203670025999998
2.145991761000005
1.985231026999998
2.249487756999997
1.533833571000002
1.59666492499997
1.656854887999998
1.76133891500001
1.644565677000003
1.740602774000024
1.606304951000027
1.740871279000032
1.503226530000006
1.91488015799996
1.738992541000016
1.602322185999981
1.470340897000028
1.679998188999946
2.19516597400002
1.864673068999991
2.424061075999987
1.525647978999984
1.604949984999962
1.685304450999979
1.764071580999996
1.543021826000029
3.101360329999977
3.379079023000031
13.27622351899998
3.315257207000002
1.583871522999971
1.882162235999999
2.812545539999974
4.906586001999983
1.733884160999992
1.769605484000067
2.140591258999962
1.711382084999968
3.193316359999926
1.516584463000072
2.586747049999985
1.16701577
2.000101035
1.587941958
2.163378944
2.364365113000002
1.628397803000002
2.223763229999999
2.993349913000003
4.154003988999996
1.581339034999999
2.081539956
1.72985224
3.209873740999996
4.395634217999998
1.393328122999989
2.733427898000002
4.226201593000013
11.12277095899999
2.42077716899999
3.688052188
1.413820818000005
3.56214551399998
1.230969974999994
1.277735593000017
1.496932711999989
1.990048927000004
1.774988726999993
1.669576860000006
1.63676584000001
1.780543543999983
1.865491947999999
1.864243638000005
2.167366343000026
1.63473664
3.33369312100001
2.229165294000012
1.361468862000009
2.025470017999993
1.843582349999991
2.005084014999994
1.581837661999998
2.225293472000004
1.590364753999978
1.800122668000029
2.398154605999991
2.970394372999976
1.941542071000015
2.912959924999996
2.787772732999997
2.075428541000008
3.04176525500003
2.211224883999989
14.14889837200002
1.771611730000018
2.262673323999991
1.907168101000025
2.370637600000009
2.141215835000025
2.215750896999964
2.975511760000018
2.558259840999995
1.865173581000022
1.84202030199998
1.602861986999983
1.760388268999975
2.090333774000044
2.578476232000014
2.200409895999996
2.060582974999988
1.866619996999987
1.947601755000051
1.491576322000014
1.602209833000018
1.571101137000028
1.413154464000002
1.76320892800004
1.673487046999981
3.838525634000007
2.097962779999989
2.459369889000016
1.899498198000003
12.60674238399997
5.129105054999968
1.737489610000011
6.324273607000009
1.989143151000007
4.333227353999973
3.034183895000069
4.740674786
1.834034127999985
2.629712885999993
2.246354164000081
2.158470214999966
2.683910706000006
2.145403375000001
2.325873046999959
4.731916602000069
1.867706104000035
1.793300998000063
1.168669602
2.856025233
1.475977238999999
2.468474395999998
1.461769711999999
3.789147137
1.436888537000002
2.274476606000007
2.872672594999997
5.089024167999995
1.353397339000011
3.922279066000002
3.734241440999995
3.471426596999976
9.464645527000016
5.070130520000021
1.782440531999981
3.173313494000013
2.524945771999995
2.49384794300002
3.591980575000008
7.532300604
1.441924940999996
1.859340360999965
1.379997286000048
2.526790360000007
1.848876152000003
2.535887279999997
1.695187777000001
1.704197277999981
1.243342712000015
1.972480254999994
2.19933869700003
2.092324351999991
1.33262032600004
1.42879106700002
1.803165632000002
1.456053419999989
1.524349755000003
2.260763860999987
1.476080528000011
2.604388588999996
1.684438567000029
1.587767146000033
3.804915267000069
1.611937592000004
1.532877687999985
2.380101767000042
2.566114680000055
1.696526362999975
2.178271598000038
2.15398162200006
1.951877685999989
1.661409478999985
2.932715436999956
3.166833336999957
1.52298499699998
1.535582134000038
1.668736418000094
1.498106692000079
2.11765960799994
1.592451547999985
1.713779025999997
10.73896239800001
3.681737780999924
2.326377840000077
1.559330627000008
1.868068809000079
2.826187992999962
1.780536377000089
1.947319525000012
2.225658192999958
2.24773304100006
2.535272649000035
3.061791884000058
1.694811252000022
2.501601735000008
1.944567686000028
2.119425316000047
2.402796138999975
5.909735819000161
2.944547629999988
3.431295437000017
3.021568779000063
4.266328110000131
1.415210352000031
1.673707637999996
1.845647552999935
2.337834537999925
2.292023069999914
1.373914432999982
2.799488586000052
3.232378733999894
3.822900869000023
1.884926296000003
3.481698955999946
2.296038707999969
3.570142046000001
1.713498853999909
1.162903114
3.704079049999999
3.500398469000004
3.702334036000003
4.354011943999993
2.034698919000007
2.019322443999997
3.827581442000024
2.084302019999996
1.433886694999984
3.588162778999987
3.309237914999983
3.604982382000003
3.06201641399997
1.577516688999992
4.747815690999971
3.714693479000005
2.737620069999991
2.06818512000001
2.669769826999982
3.08772718299997
5.403591329999983
1.945390540000005
1.38143149900003
3.487088466999978
6.021948565000002
4.513855562999993
1.875341875999993
1.786942328999999
7.567403157000058
4.063950777999935
2.042604223000012
1.874294953999993
1.510543926999958
2.779130291000001
1.490057544000024
2.065828278000026
1.781741232000059
2.343153929000096
5.067029767999998
3.798205116000076
4.133502856999939
3.691151075999983
6.332456247999971
3.018123321000076
3.397287463999987
5.462174614999981
2.033967904000065
3.522929828999963
6.143403051000064
1.935193452000021
2.166384166000057
1.739033243999984
5.070074073000114
5.56331866000005
1.936536647999901
2.22815751600001
4.785460392000005
2.031964150000022
1.683236843000032
1.912576427999966
3.028634772000032
1.558454096999867
2.288472257999956
2.539627345999861
3.304828782999948
2.146564903000126
2.659482308000179
1.755448746000184
3.906669297999997
2.241452310999875
2.828116548000025
1.670311036999919
1.500469988000077
1.904340884000021
2.065432968000096
2.264276777000077
1.534047959999953
2.239686397000014
1.974920302999863
2.678397723999979
2.560678124999868
3.261221364999983
4.192965717999869
6.188921084999947
7.15036436000014
6.019723968000108
4.078108475999898
5.510710231000076
3.333757750000132
3.507181229000025
4.141167781999911
6.607360328000141
7.87085951600011
2.313209171999915
4.413105919000145
2.83707576300003
2.174911072999976
3.772821880000038
1.163899818
2.951997218999999
1.381295307000002
4.020534853000001
3.570361041000012
5.222595368
4.40092029600001
3.323488359999999
1.453492032000014
1.356237721000014
3.824514907000008
1.260140699000004
2.290347488999998
5.590974318999997
3.195924841999954
8.936417324999979
6.200028533000022
5.486758999000017
11.18128534300001
6.635943034000093
1.619087550000017
6.634179448000054
4.797120624999934
5.255850659999965
7.304819978999944
2.904854716000045
5.036813946000052
2.618282608000072
8.141577039000026
4.745093197000074
2.914025995000088
2.695146238000007
5.659906951999915
1.430712240000048
6.079829038000071
3.567745322000064
2.329015974999948
2.429359376999855
5.706068342000208
2.180206369999951
4.418518373999859
3.206023889000107
2.37432357900002
8.589457114999959
5.416164878000018
3.828466019999951
3.175773803000084
7.062814896999953
5.02193016199999
10.38318547699987
6.670850124000026
3.344121216999838
6.31673484199996
2.335579559999815
5.249811602000136
9.989887847000091
8.476409689000093
7.786551840000129
3.946193937000089
5.05974894499991
1.452023598000096
1.789633996000248
3.742644115000076
2.782373387000007
6.48947082199993
6.669231706999653
3.995884105999721
3.090968847000113
8.405832794000162
8.427088690999881
4.052197432999947
4.929803270999855
5.366995553000379
1.57818538399988
5.240400588999819
1.521914358999766
6.428262794999682
2.353274433000024
7.110929363000196
3.723782108999785
8.345657317999667
3.759160005000012
1.771496578000097
8.06377501399993
1.946894284999871
9.182720625000002
2.039973135999844
5.840654282999822
4.642710654999973
6.311638948000109
8.247538061999876
6.12102469499996
7.412748377999833
1.824182798000038
2.262048923999828
7.327513533000001
7.030958447000103
2.604562539999733
3.983350785000312
1.162998367
6.899581755999996
4.69622926400001
1.504171508000013
1.252359474000002
3.728250290000005
4.674004175000022
6.35247471400001
11.27749880699997
5.144345934
7.887931194999965
4.699692646000017
4.290862584000024
6.414730003999978
4.991477240000052
5.952559876000009
4.68227093400003
5.311276851999992
7.834563815000024
1.945700991999956
5.06474343299999
3.42249739600004
7.148514782999996
5.665645574999985
1.922212058000014
3.280000376999965
3.179756300999998
3.271696332999909
5.745053369999937
9.398029150999946
8.381269604000181
7.187059685999884
5.462405074000117
7.268467400999953
3.24896250300003
5.112392882999984
5.162590458000068
2.122378816000037
7.092506975000106
4.709065996999925
9.044608154000116
9.632775117000165
2.321010723999962
6.942035315999874
7.355608735000033
9.394026267999834
3.969070791999911
4.367165878999913
2.828621846000033
4.154831250000143
4.744234535000032
10.79136853099999
4.414603658000033
9.130949750000127
4.112620186000186
3.680371336000007
12.42127743699984
11.54408483499992
8.904756351999822
11.96621049800024
6.962946857000134
8.224151708999671
4.454980028000136
7.505808721999983
11.55890671799989
2.844011679000232
12.04959025800008
3.87617142199997
1.567571110000245
10.79773578899994
7.635985138999786
2.250976241999979
5.174595254999986
11.59835829699978
11.86640665799996
12.01601734199994
6.168305511999733
9.522097650999967
12.12177114499991
4.05149227999982
7.197379341000214
3.355253137999625
4.085573706000105
9.256345074999899
3.787225269999908
3.959936416000346
5.788790271999915
3.884018146000017
9.651308020000215
9.698398558999997
4.419411252000373
9.973653741999897
2.53753942100002
9.03744909299985
6.350552855999922
7.205461388000003
8.83418488999996
9.745752853999875
2.285357128000214
1.164021718
3.823201558999997
7.433541477999995
7.387336462999997
8.305209504000004
5.763463292000012
4.286251955000012
3.967504671000029
1.538573419999977
13.003531415
5.951611468999999
9.564923270999998
6.664470451000057
9.290729778000014
12.09340145600004
3.622933747000047
12.825067289
3.810374181000043
18.69337463600004
3.95293251399994
11.20089972800008
10.38799971599997
2.790804098000081
10.94517915599999
16.410062423
4.290638435999881
3.859682763999899
14.63928449199989
8.440877531999831
3.281059809999988
5.145921733000023
1.246967197999993
7.693094749000011
9.751847307999924
6.926878815999999
9.945640921000177
3.890258896000205
5.528767652999932
11.42343619799999
14.65505569599986
8.342098507000173
3.456528911000078
11.37525642200035
3.264119146999747
3.250613254999735
9.114687101000072
5.011728566999864
11.22444325600009
3.607777705999979
5.164282877000005
5.153189659000418
12.56245361500032
8.017834506000327
4.341769739000028
7.991617810000207
3.53437852199977
10.3815971009999
3.168773357999726
1.792770291000124
6.929642187999889
11.89091196999971
7.655008927000381
11.58110553400002
10.68262880500015
5.640931361999719
5.324308738000127
4.865571134999755
1.544426710000153
6.602092034000179
5.802179494000029
13.60171024499959
3.203699335999772
6.21411329700004
10.10173458300005
3.851474549000159
7.684526771000037
7.965576788000362
4.854088562000015
10.48438152100016
7.028341313000055
9.944296660999953
8.546701369999937
10.7836121739997
1.592415093999989
4.063650735999545
2.679674654999872
11.48009398700015
5.39339793399995
10.02960486599932
5.055982689000302
14.49041385199962
9.052496422000331
10.65251875200011
6.693033129000469
11.9311534970002
9.954284039000413
9.481260876999841
8.695701212999666
10.02431966099994
1.16525166
5.256767631999999
8.964558406999998
3.924151548999987
7.800179350000008
17.565825862
2.033368256000017
3.451548936999984
5.550730338999983
7.317929356000036
13.81007881399995
7.980040883000015
3.917475501000013
2.929359164000061
3.97362147299998
4.933954599000003
8.421404309000081
2.536628216000054
13.98908742100002
11.87635906200001
8.631068231999961
6.177541629000075
11.08455152199986
5.476536005000071
13.49045486699993
9.495294320000085
5.489707792000218
2.892757152000058
11.62310885900001
3.047497669999984
6.825272725000104
18.44652954899993
8.669940514000018
3.089563539999972
17.80064214999993
2.06481536199999
2.465552007999804
11.14424743299992
6.828921528999899
4.743262478999895
3.380474271999901
11.16154868800004
11.75848078299987
10.45771297900001
1.495085292000113
6.36327522800002
7.688624243000049
4.113675989000058
9.341095231000054
6.128235808000227
12.58540485599997
2.4161599629997
6.843445519999932
3.650761526000224
2.832801132999975
7.33356347300014
2.715799743999924
9.782687832999727
9.820651508000083
13.81359080099992
5.676942395999959
9.861805336999623
2.665458693999881
5.971161107999706
15.07529855299981
12.92952760599974
2.82367412099984
2.585403389000021
17.31072323999979
5.938830902999598
10.47255672900019
6.930282443999658
9.080447332999938
6.829693100999975
7.3792179269999
2.661912694999955
8.851334662000227
10.6836937359999
6.433821038000133
4.013231951999842
5.474418926999988
7.685998485999335
8.958402844000375
8.750601888999881
4.183598079000149
10.55683727699943
6.441991761000281
9.618575774000419
12.70729958300035
4.147887821999575
10.1114703230005
8.104409212000064
3.392468884000664
2.808646546000091
8.7513075880006
5.67842875199949
9.114233362999585
2.884044399000231
3.097835548000148
1.165564607
3.053469949000004
10.132971926
3.629095275000026
7.098732157000001
5.623976456999998
11.16691350799999
3.222643897000012
2.148239541999999
4.037018503000013
7.362980494999988
7.457345992
15.93952170700004
11.798884821
8.700741026999935
10.37217700099995
5.961848624000027
6.499146741999994
6.049208110999984
3.738013226000021
5.982272134000027
3.087510287999976
3.861105981000037
9.009726897000064
5.754952266000146
9.476292818999809
2.24599755600002
3.498901577999959
3.914623476000088
3.469831755000087
7.198342835999938
3.28212293699994
2.537157874999821
6.859838306000029
8.592629468000041
9.507914632000166
3.62547382799994
9.325535746000014
2.906927690999964
8.389629983999839
12.11128462900001
10.20734100200002
8.858715833999895
11.10545137899999
11.70166171300025
11.95474854400027
4.076292847999866
10.41431451300014
6.834953522999967
2.641068836999693
3.841832683000121
4.553666030999921
8.897069383999678
8.784214877000068
10.63137577500038
5.292721260000235
4.683278407000216
4.495557832000031
3.904810415000156
5.609331870000005
10.97223334499995
12.79189018999978
14.54783605000011
1.572141306999583
10.08683313000029
4.579136114999983
4.107313344999966
7.086358304999976
6.198077569999896
11.4649170990001
4.000155248000283
3.308518810999885
3.861384092000208
8.055224376000297
7.450912587999937
4.982494949000284
7.204578948999824
4.869719769000312
8.884514450000097
10.21103676199982
6.768904804000158
15.98801393999975
9.855267126999934
3.865464430999964
8.988805064000189
3.414865054999609
7.565420400000221
7.444290041000386
13.96374995199949
9.45552273300018
5.121650105000299
2.833110732000023
3.560403325999687
5.376711869999781
10.43477793799957
4.871611117000612
8.749065434999466
7.883538938999664
4.163143476999721
1.172158841
20.356687039
10.09782350099999
12.53593830199998
2.105566718000006
4.017393787000003
5.763175641999965
6.939604056000007
3.301555168999982
7.570102097000017
13.56148516099995
7.638081091000004
3.102940704000048
3.410775459999968
17.4310336960001
8.221442863000107
5.244219067000017
3.603417801999967
3.802615265999975
8.392665032000082
4.164092473999972
4.817883492999954
3.687898365999899
8.379092810999964
5.464774060999844
8.347425249000025
5.187348376000045
4.603459891000057
6.759968927999807
3.521340831000089
5.350542413000085
2.809660047000079
7.941087032000041
7.170611128000019
1.583707769000057
1.245921972000133
16.63448514599986
11.69669894100002
2.784922699000163
4.57387947899997
11.2648729340001
5.691167804000088
11.35443012299993
16.43019024099976
3.397102029000052
3.217385403000208
3.755426483000065
8.549857085999975
8.728962185
9.100330983999811
9.530636373999641
5.09366036900019
3.567728910999904
3.177230195999982
8.059733594000136
13.27042260799999
1.711926307999875
11.40119243299978
6.298311294000086
11.12100216499994
5.492588030000206
4.226700267000069
7.346489420000125
8.918341169000087
3.855712262999987
6.433147012000063
7.929707587999928
1.525259062999794
7.826558231000035
4.348930104999909
1.906254389999958
5.326048735000313
5.169299820000106
4.85502901000018
2.353229870000177
9.461514698999963
10.39935935199992
7.306072164999932
7.041416340000069
1.999822194999979
8.943445062000137
6.728980454000066
14.9103533360003
3.081114394000906
3.440303699000651
8.123750382999788
5.335928999999851
7.448245925000265
8.75068521600042
46.06928994099962
5.56257400100003
4.635389549000138
9.827397087999998
4.263416757999948
3.62794916599978
7.955813967000722
5.374550868999904
8.272645367000223
2.997065481999925
1.1628031
10.497748718
6.837429443999994
4.139892895000003
5.961015788999987
8.89246157300002
10.619349564
5.74460583900003
7.65242785199996
6.458559412999989
8.250919672999999
8.975491238000018
4.644615669000018
6.429567544000065
10.44468532500002
11.35880952100001
2.19712447400002
8.70305435299997
4.35580061600001
4.181488836999961
9.376036597999928
3.573769899000126
13.95685776000005
7.979698570999972
2.498919978000004
5.514083366000023
3.265604879000193
16.92519711599994
2.491389009000159
6.397751613999844
11.26970595900002
16.89496977499994
6.195935833000021
7.530820381000012
1.957870740000089
13.28450486600013
10.93790622899996
1.15926785
1.40610398
1.532443717
2.174355579
4.802170345
2.714744385000003
7.613304161999999
1.576847444000002
8.019997955000001
4.726829864999999
7.528692683000003
4.955704437999998
7.646994457000005
4.032429607000012
5.221069595999992
5.584316504
10.382883858
10.538820128
5.595193654000013
8.120497787999994
2.823304599000011
4.093027321999983
1.624583634999993
1.908444412999984
1.269593920000005
1.458613393999997
1.464465985999993
1.422708618000001
1.768263551999979
1.35749739100001
3.670222803000001
1.619928084999998
1.583715040000016
2.413866143999996
1.799948284999971
1.748617992999982
1.372140678999983
2.128980425000009
2.056084067999961
1.400036116000024
1.793668248000017
1.915924503999975
1.487860444000034
2.083817998999962
3.457666927000048
1.515782691000027
1.746610122999982
2.484995601999969
1.715711741000007
1.792861291999998
2.096760206999988
2.04493285999996
1.782619495999995
3.746303066999985
1.963855285000022
2.169526431999998
2.036659939000003
1.945393668000008
1.712169827000025
2.560039524000047
2.599295391999988
2.004667375999986
2.127697402000024
1.859734369000023
1.813951739000004
1.712437529999988
1.844977501000017
1.805434870999989
2.06109075400002
2.600214248000043
2.24623033499995
2.08768275400007
2.093611555999928
1.582906318999903
2.050071294000077
2.038561307999998
2.461162226999932
2.34643668700005
2.103356880999968
2.019930917000011
1.827697503999957
3.018370395000034
2.535085175999939
12.08330752699999
6.328471579000052
14.78146065300007
5.003509835999921
2.006298850000007
1.476554319999991
1.775641223999969
1.605331756999931
1.87744873500003
2.951091669999983
1.935549258999913
1.799325846999977
1.837306284000078
1.902826991999973
3.847519395999939
1.724201137000023
1.161957623
1.274501543
1.542105106999999
1.835276004999997
1.536855014999997
2.165878397
3.512345459000002
3.200994723000001
2.044714603999992
1.834898847999995
2.36300854800001
1.791687496999998
11.750859041
4.160912323999995
2.885796954
4.825657456999977
1.775559291000008
3.744581091000015
1.794682722999994
2.032099973000015
2.881117019999976
1.292897726000007
2.594323313999979
1.216916993000012
2.282719844000013
1.437167856000002
1.381883433000013
1.226654014000019
1.804485378999999
1.537698755000008
1.854708203999962
1.406816461999995
1.914100327999961
1.705459824000002
1.380791353999996
2.18126321699998
2.061419497999964
1.892813629999978
1.816067853999982
2.40013983099999
1.747854771999982
1.575326496000002
1.355156091000026
1.489630497999997
1.805984618000025
1.798733995000021
1.601301891999981
2.263105360999987
2.708948170999975
1.745020162999992
1.789528201999985
3.401714027000025
2.238719003999961
1.603410963999977
1.491483307999999
3.507342595000011
2.427080880000062
3.764044601000023
2.142556291000005
1.897308652999982
1.572416844000031
1.962966363000078
1.829764185000045
1.944794946000002
1.495212865999974
3.093377240999985
1.672589921000053
1.809422263999977
2.163145468000039
2.196277420000001
1.91331350400003
2.001507478000008
2.541622759000006
1.684861474000058
2.429772931000002
4.241169656000011
1.74841737099996
1.684860885000035
2.288576127000056
2.468920734999983
1.729500183000027
2.215470227000083
1.752847353999982
3.007401367999933
1.579912143999991
1.675128891999975
1.917619845000104
2.631161450000036
2.147148701999981
1.55192218000002
1.907853781999961
2.729009560999998
3.627219269999955
3.01688344899992
1.59265072200003
2.451930626999911
2.494993332000149
2.261709054999983
3.011324405999858
1.163163675
1.448526110000001
2.621977320999999
1.519836030999997
1.966650738999995
3.404208791000002
1.383657493000001
1.881964101999998
1.442306131000009
1.527634831
1.922008242999993
2.022006077999976
1.230922498000012
1.725910679999998
1.714163495000008
1.873777200000006
1.557014788000004
1.207102055000007
1.507344211999992
2.302130331000001
1.99818314800001
1.688915973999997
2.658979805999991
3.419660135000015
3.51175613800001
1.665430205000007
1.216953846000024
3.261018429000046
1.363819621000005
2.036481548999973
2.13027800399999
1.484461254999985
1.677287644999979
2.511494956000035
1.395586901999991
1.531474797000044
1.852175724999995
1.942933823999965
2.396336512000005
1.467924633999985
1.559521491999988
1.762345335999953
1.852214783000022
2.971177847000035
2.128709331999971
1.986355706999916
1.923173807000012
1.862898329000018
1.734448111999995
2.440966303999971
15.18757953099998
2.511996593000049
1.824216323999963
1.679957890999958
2.663942758999951
4.124907163999978
1.687525631000085
3.876862107999955
2.113865695000072
1.532572542000025
1.862363834000007
1.935847469999999
2.202528796000024
4.955024990999959
1.645023485000024
3.253665791000003
1.853316071999984
1.854936319999979
4.599945111000011
2.709162321999997
2.693868909000003
1.908286282000063
2.724720630999968
1.821193379999954
2.598639806000051
1.699388274999933
1.762789345999977
1.552265931000079
1.839960345999998
1.873589055000025
2.586489814000061
1.69174986400003
1.630760531000078
2.079371212000069
2.084914388000016
1.706356496999888
1.757839026000056
1.653668016999973
2.121841114000063
1.8024705549999
1.877759792999996
2.961345944999948
1.973771512999974
1.513663771999973
1.767748915999846
3.075214670999912
5.039863819000175
9.335889235999957
3.025531470000033
1.158362572
1.238908461000001
2.028039615000001
2.059738555999999
1.407878613000001
1.386316606000001
1.327045745999996
2.683208395999998
2.159710992000001
1.897921933000006
1.599540161999997
2.505921620000009
1.573170578000003
3.549184025000017
2.456279031000008
1.666294853000011
1.268164686000006
1.952644534000001
2.987813034999988
1.945978156999985
2.255097522999989
1.649717707999997
2.291436338000011
1.948364513000001
1.426079899000001
2.204810774000009
2.112658445000022
1.729944663999959
1.431762696999954
1.783374273000049
2.476862789999984
1.579982535999989
1.432468455999981
1.55231775499999
2.987369012999977
2.378691097000001
1.854325576999997
2.02644958999997
2.551282618000016
2.176924122000003
1.538195305999977
2.584249376000002
1.462476998
1.560638730999983
1.798041323999996
3.958254891000024
14.10160941800001
2.384482565999974
3.004563621999978
1.601846033000015
1.667772817000014
1.839174817999947
3.313995529000067
1.652118743999949
1.511463912999943
1.718120346000092
1.560163192999994
2.209745878000035
2.295221110999933
2.411739220999948
2.350185228999976
2.082531955000036
1.722164583999984
2.437692717000004
2.091357133999963
2.049267520000058
2.420680602000061
1.738856941999984
2.818972247999909
1.852704702999972
2.03728830700004
2.528599424999925
1.502156180000043
3.276184838999939
2.373731721000013
2.155766883999945
1.616121624000016
2.111685084999976
3.829948087000048
3.031585590999953
3.278116010000076
2.334526510999922
2.552293723000048
2.393215160999944
2.025598059999993
1.850714668000023
1.660383261999982
2.255908299000112
1.943828657999802
1.657312272000127
1.45620167800007
1.959455306000109
1.579887475000078
2.01583034600003
2.784624028000053
3.996689629999992
11.41885531499997
3.563302708000037
2.116462138000088
1.165074563
1.498256083999999
1.391022857999999
2.821586929999995
1.895247049000005
3.207447748999996
1.635966875999998
1.978729320000014
3.399797508999995
1.784373458999994
1.632626683000012
2.261520855000015
1.343035883999988
2.346718654
5.297767611000012
1.429373698999996
1.971510509999973
2.324425779000023
2.149717782999971
1.629554124000038
1.216367638999998
1.895272607000038
3.137322205000032
1.627121352000017
2.216918142000054
1.62543945799996
1.793821697999988
2.933073554999964
1.795137755000042
1.393479398999943
1.635631125000032
1.614871237999978
1.583539410999947
2.040118767999957
1.649157900999967
1.579876728000045
2.104445506000047
2.422948546000043
1.996819119999941
1.573775642999976
1.799629179000021
1.360638967
1.394906157000037
1.720356966000054
10.21756999899992
1.866524475000006
1.916265930000009
3.491530803999922
1.56628187199999
1.705483671000025
2.152868831999967
1.885426335999909
1.918822271000067
2.34460586299997
1.906058876999964
2.083453912999971
3.720573251000019
1.630429889999959
2.763032898999882
1.674613962999956
2.190612820000069
1.672458003999964
2.623867869999913
1.920924173000003
1.468407343999843
1.547766880999916
1.926005155999974
3.051085738999973
2.289938110999856
2.515057744999922
2.236880162000034
3.001247953000075
1.765136988999984
1.90648712899997
2.183399993999956
3.596918695000113
2.484999603999995
5.082575204000022
2.342733390000149
1.633468455999946
1.94229385299991
1.628147209999952
2.414197923000074
1.505866558999969
2.865345579000177
2.964384993000067
1.769815483000002
1.517731057999981
3.041604355000118
1.922404458999836
3.084200316000079
2.129833573000042
1.521389800999941
2.70416990700005
2.362623614000086
1.913631241000076
3.914201330999958
2.375289006000003
2.57346088700001
1.161077075
21.695459498
24.91403287900002
21.84533164300001
11.31930386499999
8.755092937000029
3.779462437999996
12.50123336900003
8.026464116999932
4.671504212000059
5.431308876999992
18.36971707700002
16.37728195799991
10.75306352100006
15.62989591899986
3.332886958000017
6.254203760999872
8.542264542000112
16.29798451299985
12.5639204659999
9.146469046999982
17.08855752199997
5.425715428000103
5.891259343999991
8.605619337999997
17.61142278599982
17.59228093599995
17.53564858200025
2.846284466999805
8.049002750999989
10.2453405719998
7.867520090000198
10.00070784800027
21.67334266399985
5.641936233000251
9.394404300000133
11.04583580200006
16.47930250499985
14.5739262459997
15.07774410699994
15.27282433400023
2.752917294000326
13.39870138000015
7.09983707299989
18.64050767900017
27.02529275200004
2.576012856000034
5.295531031999872
4.807455612999547
15.6907119539992
14.0233501470002
6.670529347999945
7.687699213000087
3.233414249999441
27.70076894699923
4.072326028999669
23.75515744200038
9.118191717999252
9.461835272999451
4.827098343000216
8.705046053999467
17.25674520800021
4.264989512000284
4.273067179999998
15.85731362599927
6.809552423999776
15.99859652299983
6.865729045999615
13.6932680230002
10.54278333900038
6.285651711000355
23.57869290300005
16.08813022599952
13.63848479300032
5.238380555999356
15.0447199399996
16.07319250799992
1.610662236999815
8.573460534000333
13.77819189299953
8.927783742000429
3.95687369999996
14.5644109219993
19.33507418499994
8.698276193999845
9.917235763999997
12.09389886899953
7.721922962999997
7.956759435000095
9.363343756999711
15.93699054399985
15.97265957699983
4.985079607999978
11.97712053699979
8.312473549999595
7.876646552000238
12.98065710999981
14.34553254599996
9.388834019999194
1.158346875
9.750065390000003
3.229210136000006
19.43707683600002
11.62617143699998
14.90754623600003
14.73889772000007
26.98916548399995
16.81197082999995
9.529840061999948
26.06113751999999
23.27421868400006
14.60940522200008
16.97932182900013
3.559750769999937
15.35559655700013
18.45319475299993
10.13759844699985
14.83488667300003
17.12907688399991
15.64528262399972
16.75728307899999
5.41835591600011
2.881865528000162
4.023398135000207
14.09697960499989
33.23111004600014
6.921779548999893
19.60322192900003
14.10534649900001
12.29624349400001
16.58146799199994
10.43132949900019
12.85430780300021
4.499764240999866
5.885915092999767
13.653707123
5.622217884000293
2.788324843000282
6.20154307499979
14.74695200800033
20.29451629799951
6.336307374999706
5.996161394999945
17.63173874499989
8.953641910000442
6.145289937999223
4.260317655999643
21.92806149500029
10.49077219399987
33.63994254099998
8.717316452999512
55.55437813700064
33.47337084199989
8.418564960999902
4.161685843999294
6.866201593999904
7.699375824000526
20.84067990099993
25.96513756999957
3.952624937999644
17.87924763699993
17.499123177
16.85114225899997
17.86193230299978
15.44939038999928
7.631994059000135
28.7859306119999
8.395492458999797
6.535210349000408
6.266599243000201
6.958321984000577
6.762429370999598
13.28449490399998
16.92622630999995
4.085998262999965
16.44731449299979
27.60500688599859
24.49751001500044
23.53210211800069
5.261632458999884
10.38328922599976
18.12477738199959
15.26301428499937
5.224830434000978
5.136584935999053
4.48224577900146
5.24337839799955
16.56722693599841
19.23069075300009
11.94312661000004
21.59661347099973
