1.359459023000001
0.7417608949999988
3.453561255000001
1.631501557000007
1.546694713999997
1.491800077000008
2.076750613000016
0.877955146000005
1.264184911000001
2.070392245999999
2.502316087999972
3.878744434999987
1.099588850000004
2.576437959999993
1.06017516600005
0.9416644089999977
1.863251550000001
2.179536538000036
2.911167616999933
3.066753801000004
1.646810705999968
1.739655184000043
2.990842649999934
1.19079310799998
1.413743520000025
2.28303101299997
4.804026403999956
1.039627134
0.9631669369999827
1.713827990000027
1.412654336000003
3.322436650999975
1.097171664999898
2.807679381000128
2.476979628000095
2.498587212000018
0.8579379189998804
2.016662880000013
1.295051795000006
1.820430784000109
1.610255130000041
1.755208867999954
1.655825411999956
1.027697111000009
0.9433822580001561
2.157464259000051
1.24354474200004
2.869588399999998
2.723378249999882
0.89455731799967
1.487521911999806
2.074334359999966
2.342005208999808
1.116345000000024
1.540735685999834
1.337770732999729
1.278289141999949
1.553962671000022
1.136756252000055
1.07163085600007
2.155613462000019
1.356758145999834
0.8523686369998131
1.984022439000114
1.349255051000114
1.879965949000166
1.629730171999995
1.189974815999904
2.071484767000129
0.781930864999822
1.225581933999933
1.154409811999813
0.7484606879997955
2.169158666000044
1.023190086999989
3.051668737000114
2.190867855999841
5.358111844999939
1.463148769999975
1.588645927999892
1.107694771999832
2.601871800999902
0.8445907990000023
2.458030240999847
1.537884030999976
2.188985776000095
0.6401583399997435
1.094403774000057
1.731359639000402
2.378384439999536
1.393035996999743
0.5821301539997421
1.343866348000347
1.794896188999928
1.701257114000327
2.2449985989997
2.476351082000065
1.298269471999447
0.5128136749999612
2.307041463
1.343554359999994
1.186350567000002
3.185825181999999
1.288734386000002
2.291945165000001
1.425482183999989
4.379104233999998
1.077236618000015
2.023186499000019
2.162965521999979
1.469119890000002
1.308301118999992
5.060743701999996
2.041984219999961
2.803063953999981
1.819145925999891
0.9811381969999502
1.87829453400002
1.784483822999988
1.333839325999946
0.8646945859999846
7.535564362000002
1.981681186000003
4.812010174999955
1.859662786999991
1.969435529000009
1.821043892000091
1.238587733000088
3.218313419999959
1.197160997999958
2.271266596999851
1.334385242999929
1.399694126000043
1.781372482999984
1.228930963999971
1.674873885000068
0.6796756029998505
2.263336040000013
4.233096975999899
3.441842265999981
1.396964864999745
1.269614571000034
1.045865685999843
2.031628888
0.9860883699999476
2.08587698700012
1.520269950999932
1.292786387999854
1.971573222000302
1.160578626999836
1.092340234999824
1.649226369000075
1.461783353999976
1.582721016999812
1.68306187499968
3.326266873000122
1.137509568000155
4.976169357000117
3.322502909999798
1.443554952000113
1.494189970000093
1.38465707100022
1.000771129000213
1.122317821000024
1.285853813000131
2.027314206000028
1.463464296999973
1.179485988000124
1.333814512000117
1.044183230999806
1.235521097999936
0.721277568000005
1.530084142000078
1.215013839999983
1.975014852999834
1.608540607999885
1.48846069199999
1.076824794999993
1.512238742000022
3.913463307000029
1.831064867000009
2.77277864600012
1.965651981000065
1.551585317999866
1.617695593999997
1.726083222000625
1.772145107000142
3.938176750999673
1.94993315600027
10.95822092000026
7.147781481000038
6.865332551000392
1.059870565999745
0.8565702199996394
1.887791466000181
1.03990839800008
1.638577729999724
3.266664839999976
0.3592778530000006
1.113999079999997
1.036278551000006
1.745548631000009
1.554483151000007
4.103325599999997
1.681644672000012
2.025451402000002
1.564803288000007
2.29308439399999
1.231224589999997
5.399387350000026
3.285025476999976
1.660795831999991
1.607428831999954
3.084785859999986
1.572373553999995
2.285531230000032
3.149635799000038
1.44246772599999
0.8528510559999916
1.577159353000013
1.419714969000069
2.331624921999975
1.129832875999966
1.047547416000015
7.367841279999993
11.69789308100013
2.200399936999986
2.804050970999981
2.04452170400009
2.771797878000086
1.842650950999996
1.498589517000084
3.5200258509999
2.14292976999991
2.410996282000099
3.364417069000183
1.521753570000044
1.655197089000012
3.260465621000094
1.76987761700002
1.264347532000102
3.659026554000036
1.435093324000036
1.766067853000095
1.835129122999831
3.161130326999796
2.167625396000062
1.417175519000011
1.690296182999987
2.942942136000056
1.75715039399995
5.406237385000054
1.308791554999971
1.724166921999995
1.955831388000092
0.9160534380000627
0.7370459940002547
2.332373910000115
1.756461966999836
2.490571658000135
2.233779511000193
1.581880113000238
1.688596599999869
1.513583443999892
1.402535329999978
1.524640502000011
3.438761139999997
1.478673930000014
1.488141607999978
1.610593604999849
2.410455413000022
1.657942497000136
3.004943699000137
1.854390613000191
1.649958470000115
17.40368811399992
1.252180358000146
3.516766784000197
1.297069656000303
3.593575250999947
1.987352740000119
1.170159890000036
2.33773291
1.77395602799993
1.916963729000145
1.411522640000044
1.752256895999835
1.548487325999531
4.747599500999968
2.345030056999803
3.444327106999253
2.133940877999976
2.1677058329999
2.137070396000126
1.571464175000074
1.441879728999766
3.032163338000373
0.4833339799999989
2.400729590999997
1.236172481999998
2.161167847999991
2.347378671999991
1.173077486000004
2.033457713000004
1.061628649999996
1.476336992000029
1.833955115999983
2.697695471999978
1.577239782999982
1.422329174000012
1.758150020999992
3.319859722999965
2.065060205999998
1.179857486000031
1.308284041000007
2.309957086999901
2.471285754000007
1.321068616000048
1.605328205000035
1.905536704000014
1.607710918999999
2.125907987999966
1.160918108999994
1.739588857999991
1.353721146999931
2.000146008000058
1.130782948999979
1.831132744000001
3.330081929999892
1.30974694400004
1.571628685999883
0.9626079690000324
4.603027934000117
0.956262200000026
0.7422924630000125
3.058162585000048
1.197456226000043
5.547023511000134
2.121302436000008
2.218125961000169
2.550500831999898
1.93168935500006
1.054500268000027
1.617906029999915
2.517496100999949
3.252268900000104
3.997921066000117
3.6366094629999
2.85300028200038
1.750069115999963
1.509364434999839
1.977393990000223
2.342277922000221
2.24841191899975
1.500643104000005
1.170712735000166
1.846415261999823
1.169284618000006
2.130138614999964
3.013506338999832
1.503989056999899
1.324909112000228
1.868848361999994
1.651873771999817
2.438024246000282
2.800193316000104
1.728869198999632
1.494361766999873
2.871054498000035
2.21059088800007
1.480437248000044
2.32608782300008
1.436237724000193
3.414166476000219
2.105823598999905
1.421798464999824
2.082287627000142
1.300666671999807
1.32287260600026
2.699758965000001
1.173543823999808
1.989707762000194
1.803843612000037
1.357635956999616
1.958430287999931
1.259475772000087
4.698038703999828
1.056078441999944
2.160449358000051
1.113274649999767
3.948456352999756
2.121672957000101
2.499412257999893
1.134189113999582
1.449200616000326
1.00825763700027
0.5206705730000002
1.195217759000004
1.369109124999998
1.108534484999993
1.457690063000015
1.469764320000003
1.449535487000006
1.684259537999992
1.566499884999999
1.816374002999993
1.460287991999991
1.384371629000013
1.347059367000043
1.982932370000015
3.55683200799993
2.190130514000003
1.576462149000037
1.778935238000003
1.744436296000003
0.9993218719999959
1.529684632000055
2.773047878999989
0.809984395000015
1.562440246999955
2.522864780000049
4.009010289999992
3.463545100999994
2.708961399999794
2.153207522000059
1.016162491999921
2.316458146999992
2.092248456999869
0.9638370829999872
2.188638338000032
1.446018068999933
1.882377004999974
1.296518973000047
1.501866015000076
2.140583474999858
1.466919523000115
2.509444210000197
3.593351840000025
4.240212892999864
0.6030099790000349
5.652418378999926
1.329044554000006
3.418463069999916
2.650286978000054
1.234355467999933
2.588751923999894
3.791674586999989
3.198798962000069
1.372089187000029
1.622687761999941
3.868398953000224
3.901518382999825
1.955427736999923
1.112118238000107
1.019378830999699
4.513531745000023
3.550433158000033
3.299437384999919
2.763891778999891
1.57927296299988
1.947710848999918
3.914626754000096
4.173706478999748
2.34348112400005
1.675220385999978
3.07239808300028
1.126786379999771
2.364033009000082
6.496441077999748
1.581782068000052
1.48184685300032
5.261213487999612
1.963909447000106
2.199118313000213
2.039026028999842
5.004362624000237
1.898027698000078
6.538681382000277
1.358024866000164
1.577756407000038
0.882162906000076
1.11620141800006
1.348074430000452
3.308682230999693
1.169547780999892
2.62525870599984
2.689246092000076
2.753825546999678
3.590954584999963
4.315452845999971
4.453400007000255
2.175097931999744
2.767608220000284
1.941315089000454
1.974678912999934
0.6619092600000007
0.4785097429999956
1.144071536000002
4.180584925999995
2.903031570000003
0.9385380110000057
2.814582489000003
1.906133247000014
1.696821895999987
1.856876606000014
1.472823573000014
9.08044702600003
2.187318869999956
1.393102303999996
1.56989005500003
3.407037023000044
1.490783518000029
3.192894416999962
1.167723897000002
8.283429604999895
1.8430842759999
0.9093496660000255
6.943689292000045
2.64903832400006
2.387879603999863
3.042062433000183
1.901951634
1.377404393999996
3.613409274999867
1.15152488099983
1.190724877000036
3.351692146000175
0.9897889069999337
1.346063347999916
8.358388102000106
1.524104196000167
1.290411553000013
5.114968023999836
5.55482702400036
3.365149785999847
2.552622283999881
4.199665434000053
1.753715133999549
2.332555208000144
2.190072479999913
1.5725518160001
2.258793531000265
1.523119838000056
1.604975540000055
2.543330886999911
2.077901614999632
1.516547511999761
2.208862604999922
3.078180942999893
3.518064495999965
1.852667302999976
1.849004187000105
6.542628484999796
3.717826222999861
2.355477100000144
2.146210703000179
5.126275276999877
1.635975306000091
2.093935337000175
1.362206827999671
1.126867674999971
1.534635832999925
4.728546453000035
1.384861997000144
3.361388526000042
1.378954417000045
1.735851059999959
1.969555323999884
1.489028211000004
3.461769059999824
1.664142175000279
2.901895760000116
1.799702217999311
4.652244079999946
6.060713446000136
1.877650090000088
1.504812392000076
2.66545332800024
2.276361075000295
2.096014514999979
1.337583429999995
2.180644066999776
1.540225487000725
1.780130658999724
2.266743071999826
3.880143656000428
1.492380065999669
2.440264266999975
1.543495025000539
2.308171528000003
1.802695080999911
1.621065037999642
1.256510579999485
2.866931582000234
0.9339242749999987
1.093540355999996
1.690278587999988
3.583184636999999
2.062716360999999
2.522713947999996
2.244298831000002
2.126857898000026
2.628001635999979
2.005182352999995
1.047791818999997
1.906627499999985
1.208929000000026
2.658193718999982
4.289271980999956
1.074353504999976
1.658107225000009
7.928612783000062
5.415524732999984
3.945109930000001
1.452547559999999
1.381364169999983
1.594480132999962
1.691742432000012
1.44617974099998
1.35028693199996
1.133146640000007
1.74022880199999
5.021139976000079
1.693884007000008
2.001673383999957
1.341842978999921
1.430748715999925
2.22734640199991
1.406345877999968
1.225771460000033
2.223744788999966
4.232830049000029
3.726116261000016
1.412883658999988
4.150143947999879
1.540617057000077
1.903965193000033
1.95210766799994
1.918535666000025
1.550405751999961
2.963375174000134
2.821748650000018
3.660275236999951
3.26137376299971
3.572616621000293
5.005610566999962
1.545306055000196
2.013704092000239
1.92320556300001
2.534136101999707
3.306844944999966
2.385218830000099
2.00426853700003
2.314293023000118
2.865002490000165
3.322334124999998
1.257250327000065
0.933193301999836
1.620690868999873
1.203129504000003
1.990824274999909
2.173219025000094
1.304511201999958
4.605407172000014
3.131686626000032
5.773883194000177
1.828354866999803
1.50328943500017
3.688326416999871
4.281688776999999
3.179044604000069
2.056162248999726
2.052634950999959
2.901298807000103
1.845873830000073
1.491578057999845
3.711254450999945
1.608322433000012
3.796880357000191
2.306793630000129
1.232603974999847
2.200561093000033
3.03265141199995
2.992354901000226
1.776843331000464
2.318887913000253
0.9833294459997433
1.520724663999999
1.310201605000202
1.313124047999963
7.502387401999613
3.615051873000084
1.017338907999601
0.9280432529999991
1.445194128000003
2.506835744
3.748412969000012
1.471436451999978
1.716027459000003
1.29782638999999
1.80347460199998
1.896469450000012
1.726273980999977
1.414781834000024
2.204287795999988
2.215405546000042
1.350273965999975
1.003175897000006
1.725821543999984
4.756098546999969
5.38051601600003
1.957336709999993
1.89600944099999
7.739920875000024
5.513279969000081
3.054226636999971
4.215117715000019
4.887839483000022
0.9768144949999282
2.708267429000102
1.376565153000172
3.840397381000002
1.976458701999832
1.383478098999944
1.447262531000035
3.782981237000001
1.694528700999911
1.791088618999993
1.325955105999981
3.173055701999942
3.368588903000045
2.857407292999994
2.749670542000047
4.456828355999903
3.110714269999846
1.875477582999963
2.161923749000039
3.566630462999967
2.965968307000139
2.079359860000068
3.899774798999829
3.535582325999826
3.743438769000136
2.648848813999962
2.577744722999796
2.883967316000053
1.416678174999902
2.115189666000106
2.504340209000134
1.75275558300018
1.848825899999838
5.218349051999894
2.848110032999784
2.700604664000252
1.903902183000127
2.170271637000155
1.356473103999974
1.849203160999991
1.970248947999835
1.508098805000031
1.786336953000273
1.880558711999925
4.143312837000053
1.484371463999992
1.882313218000149
1.636847273000058
1.757272600000078
2.001803320999898
1.881481868999799
6.109863624000013
2.605429049000122
6.177922263000028
1.417572645000064
1.495523517000038
1.327268231000062
1.790825140999573
8.642469829999641
2.228883388999975
3.033949566000047
2.855204526000534
1.109326491000274
2.407387267999638
3.613786069000525
2.503170840000166
4.146953633000066
6.11485447300015
2.22224875500001
1.281874143000096
1.913586019000149
1.698687355000203
11.57387341599997
6.551233177000086
1.998088139
4.027111097000001
1.327441074999992
3.254235567999999
1.726363168999995
1.526933121000006
1.360388728000011
1.946705549999992
1.359156091999992
6.161381859000016
1.395868902999993
2.245814623000001
1.588835257000028
2.083593588999946
3.713909596999912
1.890539645999979
1.419795912000012
10.50488378999995
2.790151521999974
2.13486205000001
3.794296196999994
2.409942533000049
2.180732929000101
3.919712506000089
4.364807035000126
1.761123623999936
6.805316854999887
5.700834501000088
1.585933659999966
4.097754485999985
1.24913333500001
2.995843740999987
3.460027502999992
5.441886914000065
1.618801219999909
2.121168103999935
2.383815783000045
1.841091670000026
1.511307907000003
2.251280550999979
2.481342860000041
3.070523334000086
2.630030292000015
5.798220989000015
3.283876758000247
2.71712834899995
6.607844535999789
2.039829414999986
4.494629567000061
2.17811646500013
3.502361423000025
2.023302721000164
1.387747911000019
3.548383349999881
3.87563801500005
1.577538785999877
1.585619693999888
5.024676324000211
1.731418310999857
2.320067894999966
1.788119576999861
3.554524192000258
4.234762163000141
2.123897887000226
3.560949988999937
0.9194334050002908
2.344429350000041
5.449577971000053
1.744600391999938
1.942183812000167
2.28227801200012
3.819461342999944
2.209589074000064
1.598556848999806
1.835601829999746
2.482354999000108
1.461730327999931
2.606225081000275
1.58343727099998
2.496732439999846
1.553766751000012
1.69985217100043
2.213682240000026
3.70902658799946
1.787715939999771
1.593705680999847
2.338101288999724
2.352174848999994
1.713015476000237
1.439819463000049
1.05596973999991
2.974932359999684
1.471154741999726
2.623251412999934
1.401561223000044
1.760236991999818
2.905519926999659
2.315060033000009
1.929203800999403
1.055788046000001
4.302637480999996
0.9197166570000022
1.606376977000011
1.414406625999995
3.265896616000028
1.902682559999988
1.809869155999991
1.906584718000019
4.626965622000029
9.438285160999985
1.858051839000041
4.853048777999959
3.16894447300001
2.519381903000067
4.606109547999893
1.372739195000008
0.880801817000048
1.799157852000008
1.514359445999958
1.259106521999996
3.408766446999948
1.518099025999959
1.432225205999885
1.83855561200005
5.19416806800001
1.033304861999852
2.241764706999902
1.087532630999931
3.502058991999945
1.929728099999977
5.138675680999938
3.567165777000071
2.230037118999917
1.998672187000011
1.850719935000086
6.507431414000052
2.120692885000039
2.650228407999975
1.744872619999967
3.826343400000042
2.328282565999984
1.876583086999972
3.452027256999941
3.125635738000142
4.959447690000047
2.450455093999949
2.124781920000032
2.159658288999935
1.931123734999915
4.215726684999936
2.01307087899977
9.018202799999926
2.306478960000049
2.702212841000119
2.251762379000297
3.710459531999845
10.22861689200033
1.379579707000175
2.053212716000075
2.883169202999966
3.806532031000188
1.90518432600004
2.88889503200005
3.624922493000099
4.023909616999731
4.440189052000164
4.350234343000125
4.212381702000357
6.477565555999718
3.833085550999954
4.106913665999969
3.52551962199982
5.785738228999662
3.388721827000268
5.574488451999855
5.19585177099998
10.75000967400024
4.713080202000128
7.64432100900035
4.307961941999565
3.397641473000476
3.545040118000315
4.204989319000106
4.948979975000157
3.784485602999666
7.25853418700035
4.677033889000086
2.714415711000129
4.92997826199985
4.962621098999989
5.549134357999719
5.107150907000687
4.024687983999911
4.683264969999527
5.068219298999793
3.7136001450001
4.248048893000259
3.724638075999565
1.833472657999998
4.66532731
7.891896495999994
3.166088968999995
4.097211940000015
3.461688664000008
4.777121010999977
3.309435378000003
4.107824426999997
4.425273307000012
3.427115862999997
5.365309951000029
5.141226600000039
4.576769522000006
7.271007146000024
7.817484938000007
10.7922645750001
9.981108721999959
7.166987108000001
11.27474305899995
7.512157202000026
9.974603161000118
11.35424189699989
12.94130849099997
9.356170162000012
8.533619168999962
11.29300161499998
8.444826789999979
12.44630142699992
9.506213021000008
8.626082378999968
9.268020322000098
10.75183944499997
9.20240664999983
16.26638612500005
7.695050513999945
9.779902519000075
9.146825003000117
7.829012382999963
7.973817480000321
12.745272043
12.06096387000014
20.08761744299989
21.74718836700004
12.52758550900001
9.775021061999951
12.03905718399983
7.857814979999603
9.590334831999826
10.68094584099993
8.809442048000506
9.179059663000544
8.408728756000073
8.278156209000144
8.857771570000523
8.753264732999696
23.65670301899991
9.864407195000013
13.38969920700038
14.38214736300029
9.813344683999958
11.67010283499985
9.212871573000257
10.92354123799987
9.116217063000249
10.17527448599981
9.998626223000429
10.97722518100022
8.418345421000367
9.136528234999787
7.676978300000428
14.63253370300026
8.496937872000444
9.337788345000263
7.068739769000103
7.230439219000345
5.161206423000294
10.82677092799986
2.933764387999872
2.847270925999965
4.616595892999612
5.571366070999829
3.954665491000014
2.405108652000081
4.439564146999828
2.817839448000086
3.665064859000495
2.283049114999358
2.928221987999677
3.681892737999306
2.678602157000341
3.034971644000052
6.387027531000285
4.054869184999916
4.340597828000227
3.545531010999866
3.389810183000009
2.856753526999455
3.847390751000148
9.408155723000002
11.72257146200001
13.36163075499999
18.14998470600001
13.42360407500001
12.24466594800001
13.15302856100001
16.17433635200001
12.86353530400004
13.45916921699997
22.19417179999994
17.19613066400001
14.48372842099991
13.16653900100005
21.00179442199993
14.93901032500008
11.58832271999989
17.92812697499994
18.58401404500023
14.72031658800006
11.44471901700024
13.57838088800008
15.07850701400002
15.93049588600013
10.45524331199999
10.12387323300004
7.192346126000189
7.134398150999914
9.249039390000121
6.723717756999918
8.875054516999739
9.065113652999798
8.047250925000071
9.095307648000016
6.854257270000176
5.916974166000273
8.998893205000286
9.002936523999779
7.949573537999754
7.620783998999741
9.028573295999877
10.22603426299997
7.661244875000193
15.01656557300043
6.919585340999902
6.965832000000091
9.009584043000132
6.121439460999909
6.966041753999662
12.46359465199976
12.54355054899997
13.9541757259999
9.599477028000138
13.19738625799982
14.21173266799997
10.36640952100038
10.16590864299997
10.33438111799956
20.53868135400012
12.88988668299999
12.1241412920001
18.90699759400013
10.07234286600033
10.82012359200007
14.41261211599999
10.05306073699967
11.06645371800005
9.741442949999737
9.963695775000133
10.22481162799977
12.35099363099971
12.79137366700002
11.37246643900016
20.40549298899987
9.689674245000106
10.89168229500092
9.465992002000348
12.27341703699949
15.37930414100015
11.49499429299999
13.20682897100005
9.699651648998497
13.77023412799963
12.6427781239986
11.32269728800065
12.90307703899998
14.8482584959994
11.7711675480009
10.79596402599964
11.94071379300021
10.69741141299983
11.20759604900013
10.95989091899992
10.33177861099966
10.16092721999939
15.3003328019995
10.04239869999947
12.37635681099982
9.332641827000316
8.589367843000002
14.95087873899999
13.13066413000001
17.72754817800001
12.84816000999999
13.00287671800004
15.20775301800001
16.59312290400007
22.00666827000005
13.61331221599997
14.49389379500008
12.47972795299995
11.77410972299998
13.14117572500004
13.10678022699994
14.03872135099999
11.32473760500005
11.98304001900004
16.67895104000004
13.56792947599985
17.15835682699992
12.69203012999981
14.62624901200002
16.90475281600015
12.87212071499994
13.52257554799996
18.76293566799984
16.7642611440001
10.56887686600021
11.34565145899978
12.37697905800019
13.83042790000013
11.50017406599954
14.04834171599998
33.26587090600037
15.29540935200004
10.08271958599983
14.64872532400022
8.680076436000263
15.87148510600014
8.06689455500009
6.926609924000559
7.864310485000033
10.91714501500019
8.304870663999736
11.71278760600012
10.16311876500004
10.62726457799977
10.74208638099981
13.85385343000007
11.35520032200066
12.30336342900023
11.08836841900006
11.17889247999983
22.81450098100004
12.46701132299927
11.92925693400002
12.81210326600012
11.18194897200055
21.27375547999986
17.323720546
11.21558522399982
10.86025864199974
15.25883227500049
12.51676570800032
12.93555180499948
15.60381511499986
11.11480830299979
12.08166180400008
12.31686062400013
14.16846477399986
12.9641066650006
13.61345028599953
10.41175155499991
16.15211954499978
12.75716853000063
12.04035659099964
14.88961797100001
12.06953658800012
11.12135721199957
15.07999684500055
11.96846429100015
19.86501224000085
22.09758497899975
13.43752059899998
11.81812748499988
11.6448827600002
10.4695907309997
14.45126136499903
10.18411150400016
12.65203705600015
13.63111337200053
11.66583537500082
14.55005222099953
10.7453065550003
10.428293889001
13.24411333699982
10.61419453399913
11.04855584100005
9.384949400000002
16.65684054199999
16.71621067400001
22.33798113299997
19.42075137200001
19.51462874700002
17.43870284399995
17.85530264899998
17.85754053999997
19.48248999599991
16.24464020099998
17.50801511999992
17.81844470900006
13.98448149400008
16.44771481999993
16.88545977599995
14.86816265499999
18.63428318700016
11.77267398299989
18.52062606199968
14.70953362799992
15.27202112800023
15.24356041099963
16.53585462800027
14.42149162600003
13.23093866000011
11.20151841800009
12.30225546200006
13.89369032200011
14.92801576500005
12.26641499999994
13.233597691
13.33532377900019
13.39959732299963
13.50719883300053
10.44322673899956
11.78850905599984
12.50997350600028
13.24860211900022
14.80477839799983
13.23102677700058
13.1365656300004
13.01379329499946
11.11433276000002
11.33871695900007
11.49351655999976
13.63145775399971
12.1049275300004
14.37152403999971
16.35147880300019
10.59974343499994
10.93545246599956
11.68577054200023
14.43496057099992
12.74621274099968
11.09302485299986
10.73425845999986
10.48482707599965
11.80399656700001
12.70316511900023
10.33836421499996
14.18484528800013
11.76998417100026
12.94652542300014
12.48559934000036
12.05909290299951
11.96408938800027
12.40599376600017
11.16890030299965
11.44993155399948
12.05912919599973
10.88543323899944
11.47789312300029
18.23716384099919
12.38613723300068
11.89525918000072
10.7290284679998
10.28687692500034
12.82805415399935
19.84356395900022
11.95067760700022
12.06929045900006
11.63631430900068
10.81213504599873
12.16359249799962
12.87372435999941
17.15219342199907
11.32415012199954
9.778488540999206
12.30325656800005
12.83336293699904
13.61140208800043
11.33322896499931
10.41390772399927
11.17462352299981
9.806721723999999
11.0806840399996
10.11268213499943
12.28013767499897
