6.581187709
10.559298786
10.042524204
12.146745047
17.963246305
7.751966254999999
10.667106213
10.771986755
7.869346201999988
15.01449445
10.39857957000001
11.591195583
7.993248077000004
10.30622608100001
6.542604582999985
11.403199763
8.292312460000005
7.319479984999987
10.348015283
7.403899045000003
7.818091659000004
7.050329662000024
7.884282028999962
11.27906634600004
6.660219579999989
10.278313234
8.259784102000026
8.155113734999986
6.777851496000039
9.439871496000023
10.15837682999995
9.107960011999978
13.92301023599998
7.372791941000003
10.61685818300003
21.37545133600003
8.64698658399999
16.25537712599998
13.56797418299993
11.421009024
10.09981431599999
8.299158619999957
13.13388275
13.37581003000003
15.53689438200001
15.7535071929999
15.02327761399999
10.05868688499993
9.552755843
9.200398025000027
9.009344852000027
10.82990800000005
14.65995931700002
9.817862300000002
9.641743088999988
13.52933467000003
11.23807863599995
8.585469776999958
8.526897806000079
11.16367550300004
11.17198770899995
8.792985809000015
11.988529384
10.50687885599996
8.53049233999991
8.917679985000063
9.391127863999941
9.979321072999937
9.294038071999921
11.63655295799992
9.681054691999975
9.133433638999918
10.68740928099987
10.529537871
9.438974898999959
8.741570828000022
8.917383781000126
8.665212381999936
11.18213594500003
8.464004670999884
9.871369675999858
8.809914402000004
12.18190924199985
8.326045495000017
16.19941219299994
11.65139062699996
11.10800970900004
8.772073152000075
10.38209718099984
10.42319629999997
13.16047155599995
8.238753170999871
9.303211715000089
20.59024040300005
13.91553346800015
18.02479132999997
11.2908593589998
8.31023078599992
9.231649060999871
6.582162209
7.381215581000001
6.524388693000002
13.096118919
6.923886498999998
19.217665322
8.263808170000004
19.17448702600001
12.44180503099999
6.773343143999995
10.068136358
6.868521320000013
8.765424818000014
8.714702684999992
7.292356889000018
7.324533045999999
14.696592856
6.667340705999976
12.08428736400001
13.800552504
7.755341122999994
7.217049119000023
6.50534710200003
7.477998162999995
6.868167840000012
6.862795953999978
9.574125855999966
13.17698014799998
9.41127308099999
6.898341136999989
15.80160340200001
8.170834246999959
6.976916318000008
11.41865763800001
12.94483839100002
7.093418156000041
7.335215901999959
9.495458757999984
8.672125015999995
7.317697883000051
13.17983385299999
12.39041083300003
9.701920351000012
8.474388055000077
11.717353559
8.486306712999976
9.735004129999993
11.540637866
9.823054518000049
9.719392481999989
13.35377662400003
10.88331884299998
12.46825178999995
8.611651191999954
9.415332610000064
8.512500053999929
9.581893218999994
11.015737038
10.588634007
15.13687724500005
11.66852605999998
12.32668005300002
13.57131996399994
13.904347433
14.68070312899999
11.71184139900004
9.586735149999981
11.044548996
14.06872508100003
13.502492147
13.83526387199993
16.89123175899988
14.36765558799993
12.28822830599984
12.44408786000008
15.00110124399998
14.02078641899993
11.12919981200002
10.81098204199998
10.70022096699995
8.485129085999915
15.45309510499987
10.79322822800009
12.94102027999998
9.076996445000077
16.76911252500008
9.257197453000117
12.56247875100007
8.358738942999935
11.87014931199997
8.460731132000092
8.946272973000077
10.31932428099981
12.37642154499986
15.44730373600009
9.896726935000061
8.40754746399989
9.728849707000109
8.526170770999897
6.584424624
6.548008349
7.988313084999998
6.395306478000002
7.903670501000001
10.200909572
14.61884850200001
16.19559089800001
7.850980307
15.87989288700001
15.471573998
13.54432345000001
8.121508737999989
9.430583211999988
14.28288396399998
13.20302203300002
6.605403362000004
8.375908145999972
11.27677109699999
7.922387980999986
9.341972752000004
9.32974047600004
6.634442140000033
10.94778846100002
14.17480207699998
6.475646643999994
11.88986049900001
15.90069814700001
6.83687388300001
7.470814076000011
6.909550255999989
12.03610233499995
12.26353609199998
8.547415562000026
7.166012136999939
18.19021131800002
15.825514312
12.49563670800001
7.21441181199998
16.95829950199993
9.20688898100002
7.954386786999976
7.789952265000011
12.34085741900003
15.893517288
8.121581676999995
11.70569482799999
10.23765055600006
10.65839892700001
12.58421209699998
19.60269633300004
14.94011937899995
14.92757213199991
8.517086032000066
28.43331428700003
12.628581575
8.766303561999962
13.20267599299996
11.597401848
12.44073993400002
14.65896682200002
10.12514911900007
8.980354809999994
12.60253537199992
8.711879441000065
13.05961172699995
9.960956286000055
8.855119870000181
8.662752189000003
8.697062801999891
15.02819115600005
8.485339265999983
11.81132379799988
12.82932826399997
11.51320640499989
10.18340250599999
12.15897316099995
14.47583763500006
16.21564992399999
8.348633884000037
9.137602767000089
11.88158659500004
8.276980642999888
9.584678632999839
9.616092212000012
8.557142199000054
8.159961604000046
14.63141900799997
8.39961144300014
12.40521437000007
9.602062236999927
11.48618558099997
8.600703947999818
9.352281460999848
8.224125407999963
10.65196981700001
11.81827649599995
9.006900669999823
9.295667643000115
6.578404822
8.487971539
10.658401021
19.749398346
7.138917680000006
17.823929865
9.473167840999992
13.70779849000002
14.82708501299999
10.20041817199998
6.785948265000002
7.045125858999995
11.78256295200001
7.067115517000019
10.24477891999999
8.381089486000036
6.546870878999982
8.000854924000009
15.026656887
11.550975064
10.27338204799997
6.851033399000016
9.354506050999987
14.10669434800002
8.076247097000021
7.605972545000043
6.787935752999999
10.92113669399998
13.26293399799999
6.655671992999999
6.834271223999963
8.323952361000011
7.255303580999964
9.523278237999989
8.515194114999986
15.97320583399994
15.03324961099997
10.96626968500004
7.242562360999955
13.62370266800008
8.283443133999981
17.39556984800004
14.14984080800002
13.10665536900001
11.97045567499993
15.42523194900002
10.89121685500004
8.89946407299999
9.318845862999979
9.434231532000013
9.092860998999981
9.226614208000001
11.2036154330001
11.87962569199999
8.40508404000002
11.93453045000001
9.090746257999967
9.659114355000042
12.25929497099992
9.909554566999986
13.55228451999994
11.22301835099995
8.855895070999964
17.85216173900005
14.11715593500003
10.57389566199993
13.33628323899995
15.30871490999994
15.24879740400002
9.131876248000026
14.41355242600002
12.84263958899987
15.05655635599987
16.58472192500017
15.10858921199997
12.0148850999999
12.45857610200005
9.896464400000013
13.96053175199995
17.27857696399997
8.645628896999824
8.97622146599997
8.914359105000131
11.1475866799999
9.049806397999873
12.84551128399994
8.520408098999951
9.309094500000128
9.182425788000046
8.624049986000045
8.559454245000097
13.80976115299995
16.74475688100006
8.77745563800022
11.93333701999995
13.98373717100003
12.14956062100009
8.624596326999836
8.433152431999815
6.584660971
7.451353892
11.3260153
6.841284428999998
10.331274109
8.34563855799999
10.112451588
8.942161709000004
9.212293265
10.35038687000001
10.61518752800001
16.83422280799999
7.047333104999979
11.07939033100001
6.784056659000015
11.340370933
11.00707208700001
16.82913493000001
13.43717316499999
8.253805279000005
14.560629033
15.27686061500003
14.68128168700002
17.59035167299999
7.895935644000019
16.99789192600002
6.496579700000041
11.79177263099996
7.31818395199997
9.466794973000049
8.248568404999958
12.74583065000002
9.244677383999999
10.60824264600001
7.709648278999964
7.242716818000019
7.988867014999983
9.426626303999967
8.185625544999994
7.982946461999973
8.006589503999976
7.944375809000007
9.467443666999998
19.58584236399997
16.37390976699999
8.711314317000074
10.10066738599994
9.912384929000041
8.873762434000014
9.910598907999997
15.59240927399992
15.8539876430001
15.118525664
9.20906036100007
13.38042056400002
8.856291671000008
15.80719705799993
12.97943841599999
13.86001519400008
8.343068973000072
9.839315069999998
8.398966621999989
8.354793038000025
8.879490473000033
12.54197159399996
8.659283054999946
8.85627178499999
8.927597515000002
11.48346848300002
10.22592476699992
12.23710546699999
12.64121112099997
9.676027676999865
9.583367200000112
10.6988038259999
10.0200704209999
10.46578367799998
16.72021855800017
9.195925606999936
13.29837164699984
9.339328361000071
11.221549654
9.056162001000075
13.61153645100012
8.430382293000093
13.09599465399992
12.39991610499987
12.99074196699985
10.64643143399985
16.11499255600006
16.83614941399992
17.99602270900004
18.06259504100012
8.890808116000017
10.99919638199981
10.04717477300005
15.51087297000004
10.31967082200003
14.88796750300003
6.577207651
6.740362064999999
8.962476151000001
11.627861124
8.048342601000002
9.646606443000003
10.321843681
10.800425928
12.38270099299999
13.99195755699999
15.374650344
11.82999129800001
7.251782222999992
6.85043863300001
14.94970010399999
9.033429798000014
10.021968007
11.04874139899999
12.714875877
9.675144766000017
9.619657645999951
10.82628411400003
15.27076950000003
16.66199762100001
11.54253989399996
16.96703714199998
8.200632772000006
7.405048270999998
12.55453799099996
8.170297424000012
14.98722747399995
15.11708006400005
12.05310952100001
11.28573519000003
12.60971461499997
21.51719107600002
8.213359247000085
8.930861683999979
14.31753627899991
7.80524127000001
8.104513616999952
7.910374402999992
10.12064467799996
8.423541004999947
8.202584089999959
11.63420135699994
13.38160167299998
19.12960721000002
10.65865474899999
9.592535934000011
9.630260428000042
14.619098839
13.66035215199997
8.983558134999953
8.623274617999982
16.50783351100006
16.58644658100002
14.40497230100004
10.29088179799999
14.23680964499999
14.52238536499999
9.851992206999967
14.42074923899997
18.85937312499993
8.494688574000065
18.59665982399997
12.16533463199994
13.29897672700008
19.45827293899993
12.27832035999995
15.58882344600011
12.17646101100013
16.35702441400008
13.96444611900006
16.06751550100012
9.262299537999979
11.76520113600009
14.46535436999989
17.43997455199997
10.51937897500011
15.02908585800014
8.662536973999977
12.79407919699997
11.6384998850001
15.25017806599999
14.62130991699996
8.681783019000022
14.30299420099982
14.912352005
15.20896373400001
18.49879800400004
8.940203583000084
11.28651863999994
8.297560037999801
9.094101593999994
9.188402431999975
11.88953301600009
16.52477564000014
9.371518771000183
6.580218692
6.386836002000001
9.132884004000001
9.145236735999998
8.680205747999999
7.915364617000002
13.045689429
12.003088366
8.063838367000002
8.600579527999997
9.906197149999997
6.797434367999983
6.98985491900001
8.443437662000008
7.431118007999999
12.45130098000001
11.89955558
10.10375505600001
8.947052249000023
19.15397705300003
17.72607533299998
10.32108556699995
7.330557018000036
10.27586909000001
8.439730539000038
17.32975582400002
12.96290883800003
12.03310729599997
10.40587415800002
14.02755696299999
14.78304977800002
6.952448611999955
10.78902804000006
8.219580494999946
13.18161864499996
12.11166080400005
7.358605311999895
7.663384648000033
10.24840299699997
7.04237875299998
8.115355101000091
8.155015386999935
8.016221579999979
10.00294276599993
13.72594836400003
9.78543791300001
10.012837623
12.79922359399995
9.276761390999923
13.56969834299991
14.25723745199991
10.94010913
9.528773648999959
8.665967186000103
9.337682499999914
8.686796862000051
8.678822693000029
8.485545622999894
8.805171391000044
12.48343765599998
8.615253135999978
8.203592067000045
8.841643450999982
9.289246573000014
8.999224709000032
8.662259259000052
8.769850765000001
9.64813888599997
8.706715944000052
10.62546872799999
8.852192837999837
8.993257794999863
10.61508109200008
19.00622727500013
15.52342688399995
11.32665969699997
13.70397168100021
16.34066082599998
14.70236063499988
14.85545466600001
12.99228793399993
8.443823751000082
10.18000086800021
10.961196986
11.39450961800003
8.577949004999937
8.370966550000048
9.568127393000168
10.43891775200018
9.298561944000085
9.476148513999988
8.502835779000179
8.177016884000068
9.392033241000036
13.53240628599997
10.50720002499997
8.641085152000187
8.810432823999918
10.77418085199997
6.586949701
8.436775195999999
6.973745465
10.349703443
11.047889035
8.571921906000007
6.567866128999995
15.35276275300001
15.11740730199999
11.35051198100001
13.349048332
14.76104167599999
13.707013531
15.29296250100001
10.10727964499998
9.974609794999992
18.32003072699999
13.01084724999998
6.922744537000028
6.826461311000003
7.753268235999997
9.927099955000017
9.689519864999966
9.333568759000002
14.73599761200001
7.650103696999963
9.318648577000033
9.109041691000016
21.98267674900001
8.321021267999981
10.85341301900002
7.646704352000029
19.99490823500003
13.068413126
9.361531240999966
10.81450377299996
7.731332853000026
8.5238779660001
9.52417863300002
11.333678771
15.93868808299999
17.29477402199996
9.058442476999971
13.80706339400001
10.76408216599998
12.46556253799997
9.740380003000041
11.88306283599991
11.31331769200006
10.82632769000008
12.74551627400001
10.02388009100002
9.907545742999901
8.812663679000025
9.481240624999941
8.778593842999953
9.547518254000011
10.13180606900005
10.80522735700004
8.373351372000002
10.74178054100003
14.17497120300004
15.64692687899992
8.344314819000033
11.504649546
13.45160345500005
14.78013837999993
14.91575032500009
16.37781427200002
14.35023745800004
9.524739086000181
18.10163364000005
8.500802279000027
8.644296703000009
19.82999535699992
11.01797370500003
9.313847483000018
10.76374681100015
8.550237573999993
16.67489037099995
15.73094944800005
19.00223288499978
10.92081642899984
11.04397536700003
8.910078101999943
11.70716265500005
15.759164994
10.15778432999991
9.766697884999985
9.02491685200016
14.98687857599998
8.41415085299991
8.395216183000002
9.208806494999862
9.338087427999881
10.66197481100016
10.37975020699992
17.23999606500001
16.11957258799998
6.583497489
7.031034744999999
6.950938445000002
7.089786957000001
9.886615945999999
13.877936882
11.07624357500001
13.932541079
11.85374732899999
16.376191643
13.84452483000001
17.45755361299999
6.764372707000007
11.19513793499999
21.28826965499999
9.792499598999996
7.848619077999984
7.915018472999975
10.76870465799999
9.028645611000002
7.786431000999983
6.749685571000043
7.933922625999969
13.06787194600003
7.906690708999975
8.442082255000003
7.03958024100001
6.799692956999991
7.566707522999991
8.877265814999987
22.05677131600004
8.174792091000029
7.839202908000004
11.83235060700002
7.773678126999982
11.43412588899997
11.05914197499999
10.66934502300001
12.71630477999997
13.19277071500005
15.60727290199998
8.054678790000025
10.064560959
8.210922588000017
9.142000114999973
11.14404562599998
14.03926956400005
15.99750531899997
9.072181826000019
11.04644074800001
9.591174376000026
9.18211081000004
8.526145201000077
10.39548007400003
8.819055236000054
8.601466547999962
8.991521372999955
8.596555599999988
9.067276999000001
9.54685520299995
9.673624629999949
11.43640429200002
11.155676277
8.433608579000065
8.88313588799997
8.572521052999946
9.439568462000011
17.23257333699996
14.572264937
11.23938456999997
13.771937127
8.690841297999896
11.29541810299997
10.32428522500004
11.14909881099993
10.99688597500017
14.79075310799999
20.82646812999997
12.36089857899992
11.21479648399986
13.30817643499995
10.0649346990001
14.513427568
8.929123134000065
10.79338778500005
12.1438715390002
17.94909326000015
14.54153402400016
17.533267045
13.86714726100013
8.382717974999878
9.602500246000091
8.41914814200004
12.87391601600007
16.04107513700001
8.217877885999997
14.75713668399999
13.46381615799987
8.882899571000053
6.584232455
6.966235608999998
7.645250406000002
7.672384726000004
7.322532009999996
8.998556395999998
7.295108307000007
6.550293197000002
6.385426009
6.886156409999984
6.38376677399998
6.776245310999997
7.082407778000004
6.953958806999992
7.018528112999974
6.400838892999985
7.443537867000003
6.766640969000036
6.718908111000019
6.701921324000011
7.202901827000005
7.536537831000032
6.526551786000027
7.057980946999976
17.53496342800003
7.366625048999992
6.897478682999974
7.022354387000007
7.28801505499996
7.107510706000028
7.276274937999972
8.827974884000014
8.470576053000002
7.002939543999901
8.449145884000018
7.997922371000072
7.470515612999975
7.239084101999993
7.733261525999978
7.85098957699995
9.410356836000005
8.555848465999929
7.928340471999945
8.610456159000023
9.005728391000048
8.39951276499994
8.711816444999954
9.597696802999963
8.748951925000028
9.45499131300005
9.766883585999949
8.460882894999941
9.677491433
10.06906197699993
9.209597240999983
9.638078032000067
9.305293227999982
8.932880888
8.998037782999972
9.057432713000026
9.827741661999994
9.092464408000069
8.986604247999935
8.291697977000013
8.760340664000069
8.536218604999931
8.417784468000036
8.97130127399987
8.446680214000025
8.471827222000002
8.671516493999889
8.898588261999976
9.740452245999904
8.865655152000045
9.579407186999788
8.796826428000031
9.120167136000191
8.963844919999929
9.490544456999942
8.968281714000113
9.268967410999949
8.930834047999952
8.721234989000095
9.582525181999927
8.418958843999917
8.580750997999985
10.39533985399999
8.786042253000005
9.099379445000068
9.242848794999873
8.793880610000087
8.502016006000076
8.413398654000048
8.955212440999958
9.431723370999862
8.476229758000045
8.858866508999881
8.696765434999861
8.951394542000116
6.581791514
7.714384336000002
7.683952253000001
7.383002553999994
7.726611194
8.111086088000008
6.590699166000007
8.801265024999992
8.156499598000011
6.742500841000009
7.973330845999982
7.062914417999991
8.202217435000023
6.862331756999993
7.913499488000014
6.849112915999967
8.376273143999981
8.351115554999978
8.358477839999978
7.940031235999982
7.524448049
7.424456220000025
8.893469694000032
7.766938828999969
6.937273236999999
6.795426464000002
7.465234151000004
7.065804228999923
8.50457464200008
7.032626640999979
7.203973392999956
8.369520574000035
8.383530240000027
93.48135147000005
8.626129745000071
8.07396935700001
7.436491467999986
8.35211200699996
8.954083637999929
7.697092855000164
8.35662748499999
8.725568006000003
9.593933174000085
9.224677912000061
8.693445360999931
8.284187109999948
10.81440996900005
10.487766749
8.704474604000097
10.08514942299985
8.504304913000169
9.48716639700001
9.368278594999992
8.545793537000009
8.913391442999909
9.658003129999997
13.51513324100006
9.795667516999856
8.831459402000064
9.219486338000024
10.8869266690001
9.043311958999993
9.332193989999951
9.343463512999961
9.125797872000021
9.752199038000072
10.29119326999989
8.867512203999922
10.83688919999986
8.59817423100003
8.751149094000084
101.6203380349998
10.82113952100008
10.22669547999976
8.572862858999997
8.613144786000248
8.591943790000187
8.883427505999862
8.852171682000062
8.801382552000177
8.610071315999903
10.67258153499961
10.55808518999993
8.808973812999739
9.226053406000119
9.515996481999991
10.49970354300012
8.320049738999842
8.461013557000115
8.508950727000411
11.60365457599983
8.907422247999875
10.31084534000001
8.970176966000054
9.301063420999981
9.196299757999896
8.818405329000143
9.791527965000114
8.783619411000018
6.580454667
9.361588679
6.900053129999996
7.577372859000008
7.416217527000001
6.979928474000019
7.943961779000006
7.025494326
7.335446672999979
7.161020628000017
8.543803054000023
8.223077906000015
6.592579892000003
7.315085992999968
7.86705204399999
7.959253688999979
8.575933250999981
6.424081240999953
6.579436384000019
7.144443899999942
7.394185862999962
7.015111721999915
6.496022605000007
10.75110377400006
8.520944272000065
6.923009798999942
7.07199677899996
6.800326767000001
6.669322968000074
7.025923011000032
6.774933220000094
7.036413813999957
7.136723619000009
8.975018015999922
9.405205481999928
8.467806443999962
9.939210081000056
8.106117323000035
7.457414340000014
8.959951253000099
9.081961607000039
8.031583139000077
7.811919047999936
8.693112445999986
9.879350421000026
8.837908174999939
9.555606722999983
10.1502239890001
10.04778715800012
9.099743336000074
8.5665441069998
10.42566295999995
10.27391577899994
9.655647114999965
10.31423468899993
8.911217774000079
9.233225204000064
10.10273348800001
8.630843618999961
10.40317662799998
10.76468816500005
10.6849733439999
10.98983257099985
8.32989990100009
9.390377928999897
9.03473801500013
9.26399566300006
9.559864266999739
8.497755554999912
9.439232193999942
9.844744721000097
10.4463233409997
8.986861337999926
9.800160065
10.94581932899973
10.50008599600005
8.462617477000094
8.940899067000373
9.887605072000042
9.336516651999773
8.708923260999654
104.2203909550003
12.25276161700003
9.26544935999982
11.16916358499975
10.21929124899998
13.50393646300017
8.940731867000068
9.039589433999936
9.242317298999751
10.08114544399996
11.75718557499977
8.908702327000356
8.20569078599965
12.70117949699988
85.11765612199997
9.086631945000136
9.996015950000128
10.71856834599976
6.582981693
8.401817374
7.832108730999998
7.870439169000008
8.210093160999989
8.363697103999982
7.474935125999991
7.481970096999987
7.005844256000017
7.996969768999975
8.584092879000025
6.738889260000008
8.33486183399998
7.923182174000033
8.788709451999978
6.514973262000012
7.736636207999993
7.159059530999969
7.726319654000008
9.959391434000054
8.379605725000033
8.647105221999936
7.578238658000032
8.287443404999976
9.423091591999992
7.294155452000041
86.66830542399998
6.775305609000043
10.09932592399991
8.349818980999999
6.875774611999987
9.572220738000055
7.802545775999988
7.537906051999926
7.910202533999836
12.19747370999994
10.39164950700001
9.658122653999953
9.34032544500019
8.93476164499998
8.177267960000108
8.117597550000028
8.147353566999982
8.033381990999942
10.30503232699994
8.418365713000185
78.01230852500021
9.511908520999896
15.72920756400003
10.69909505800001
8.977429009999923
8.935794493999992
10.77051320700002
9.948705334000124
9.132567590000008
9.542791344999841
10.17955254000003
10.45189640800004
8.517440613999952
10.43708951600001
9.859721375999925
9.243857754999681
10.42089934100022
10.29648216099986
9.432844601999932
8.510965017999752
8.408993837000253
9.629864543000167
10.62936380500014
9.078881927000111
8.906158382000285
9.876819394999984
9.46916503500006
9.021881799999846
8.971825549999721
10.77687333799986
8.727059180000197
8.830522047000159
8.790753330999905
10.06713373100001
9.010533868000039
9.718276187999891
9.805349059999571
10.7133380639998
8.958080721999977
8.718290806999903
9.722569516000021
9.536225367000043
8.904441897000197
8.439113914000245
8.811195246999887
8.323691977999715
8.757939953000005
9.722280683000008
9.831592702000307
8.324958353000056
8.75617916200008
9.110157463000178
8.862590030999854
6.581137857
8.018008498
8.511635221999995
7.381642839999998
6.639675503000007
7.570630095000013
7.014917734000022
9.629891363000013
8.113950709999983
84.54861427000003
6.597987558999989
7.931200595999996
7.39227366099999
8.517916422000042
6.374831761999928
8.23166938199995
95.196255479
6.563621637999972
7.950953968000022
12.28251588900002
9.991374365999945
7.218261217000077
6.852187375000085
7.654118299999936
6.815660481000009
7.153739889999997
7.958081480000033
6.77375397000003
7.877825794000046
7.179092582000067
8.92833295399987
8.655969223000056
7.322584789000075
7.261503336000033
7.211222628999849
8.419301127000153
8.288660082999968
8.410463777999894
7.868549497000004
7.250427996999861
7.584983347999923
8.553844531999857
9.178411153999832
9.754053455999838
9.188143113000024
8.243222356999922
8.475522091999892
8.927316961000088
9.574725960000023
9.80380728199998
8.898154190000014
9.972928067000112
8.983663032999857
