1.697509866000001
6.092749919000003
2.089531846
3.784130576000003
5.328413451000003
2.782724196000004
6.355734550999998
6.264567607999993
5.049979195999981
1.456110920000015
2.577782711999987
8.594470689000019
4.699120333999986
4.322908321999989
1.596671635000007
6.370093061999995
4.398996949000008
1.400139421000006
3.262129919000017
4.858633486999963
4.258148301999995
3.12437262200001
4.152594172000022
7.881626142000016
1.747218974999953
2.272556572999974
1.633730539999988
4.203300938000041
1.808501257999978
2.083696497999995
3.764035447000026
1.781744155000013
9.955538666999985
4.756609065000021
1.404097007000018
4.935995909999974
1.65133264100001
1.731070970999895
2.676139068999987
8.991168608000066
8.218294655000022
5.405309407000004
3.540419066000027
2.942815147000033
1.782999554000071
2.070584537000059
8.637538966999955
5.383689892999996
4.962768198999925
2.709183273999997
2.820019871999989
1.290577092000035
2.984149401999957
4.332970446000104
1.652617543000019
1.630972756999995
2.075229192000052
3.376545128000089
1.481337433000022
1.888863562999973
8.583953224999959
1.614068741999972
3.40344450300006
2.320869594000101
4.899335724999901
1.610313294999969
1.875037628999962
2.129115933999969
1.558057243000007
1.720429652999997
4.639961893999953
1.943963960000019
5.113699837000013
1.841506498999934
3.707053387999849
4.04771759900018
8.109237121999968
2.575665598999876
5.01963918499996
2.163178869999911
3.107021311999915
1.554886771000156
5.023567096000079
1.658765767999967
4.521846623999863
1.86117679899985
6.208989515999974
7.169589330999997
1.497716086000082
1.094548777
11.10864499400009
4.625176948999979
2.368804924999949
2.418683199000043
1.441700889000003
1.295099650999873
7.385812328000156
7.066177616000004
1.629206191999856
3.461203708999999
13.36349096
4.288045293000003
6.769322822999996
2.383355529000013
2.778804450999999
2.01086998000001
4.304701852999997
6.880208670999991
1.148891994999985
3.380812477000006
2.069838973000003
2.178034601000007
2.897054511999983
1.813190030000015
1.93139896400001
5.311389509000009
1.396108496000011
4.30556083099998
3.727587781000011
8.571472486999994
8.72779036899999
2.314203822000025
5.212781726999992
4.98834532799998
1.922953679999978
1.274144024000009
2.005507094000052
2.090045067999995
1.746581287000026
4.695213783999975
5.645715056000029
3.394718817000012
1.511635787999978
3.536965062000036
4.526039991999994
3.557401663999997
6.952347887999963
6.419621396000025
4.333493265000016
1.40709712499995
3.840144665000025
5.165343356999983
3.96839450799996
3.959310848000086
1.47436015400001
2.63379229599991
2.726776955999981
1.955419467999945
1.333749625999985
3.279216385000041
3.476221506000002
6.661319362999961
6.250068271000032
5.454499028999976
5.232902612999965
2.557847274999972
2.530687434000015
2.870228343000008
4.760208137000063
10.93853332499998
1.368851326999902
2.802149232000033
2.315052423999987
4.452923204999934
5.650609903000031
8.345574615000032
2.454437428000006
9.088808464999943
1.880538614999978
2.003223062000075
1.371718844999805
9.26191468900015
6.84882771499997
1.972411212999987
1.891686050000089
1.9313350299999
3.556105176999836
1.688380671000004
9.022539947999803
1.309578084999885
6.230215330999954
3.107102234999957
5.540742554999952
1.759178895999867
6.854683953999938
1.694847333000098
9.069603972999857
10.72272479100002
3.780128316999935
2.490125747999855
2.89468265000005
1.697730132000061
2.839272403999985
5.727214788999845
13.27816193700005
2.949563180000041
6.11818253499996
6.403484853999998
2.566887018999999
4.392304874000001
13.722100635
6.783009622000002
1.971300027999995
2.870003655000005
1.263290132999998
7.323266208999996
1.727968106000006
2.729381864000004
3.499902692000006
5.218998290999991
7.022184487000004
2.716425895000015
2.556325387000015
9.183781148000008
7.445764561000033
2.177123015999996
1.638705684000001
1.753095239999993
2.166264082999987
5.844463958000006
2.18555858000002
2.084618989000035
11.09074691299998
1.750340977999997
2.74906232799998
6.625611110000023
8.115108807000013
10.16129906800001
2.574718292
1.975290279999967
11.46459726700004
8.248264322000068
1.669079270999987
1.526639976999945
1.89535687099999
8.382844781000017
2.31715050899993
10.59511398500001
9.619985725999982
11.16144121800005
4.618315128999939
1.653883317999998
4.562240557999985
9.441768914000022
4.188805282000089
3.147590250000007
3.212407503000009
1.062970798000038
1.664136318000033
2.852559600000063
4.411294271999964
2.042949920999945
2.888211556999977
12.32886750700004
4.017769686999941
9.167872583000076
2.112628522000023
2.583294765999995
5.259864225000001
8.343170650000047
2.740224681999962
8.538692714000035
2.02243536800006
7.673221753999997
7.809995487999913
7.634388104999971
9.527994109000019
3.149389233999955
7.032272417000058
4.740747601999828
2.714865207999992
4.901984247999962
3.630926484999918
5.375684200000023
1.812107556000001
2.106711686000153
9.092734158999974
3.464528568999867
2.011517463000018
4.889761932000056
4.045177383999999
5.663095264000049
2.261238931000207
5.418019505999837
1.369105617999821
6.025288561000025
2.999409505999893
4.038101502000018
2.294069643000057
9.86600578599996
2.978786132999858
6.999236312999983
2.013631328999963
1.813841355000022
8.289662541000098
3.737428946000136
3.582669730999896
2.544766436
5.418819049000003
1.183441054999996
8.215904993999999
3.53113238600001
12.836239896
1.267997093000005
2.072831019000006
3.185087842999991
10.05413688100001
11.88668158799999
3.122515569000001
9.706241559000006
4.881530399000013
8.967095498999981
9.516514986999994
5.493607388999976
2.491170645000011
1.808606774999987
3.345272166000029
8.251232221000009
14.23792832199996
1.487485589000016
7.865805316999968
2.710793022000018
3.361955371000022
1.877450047999957
2.095046291000017
3.118515880000018
2.639341481999963
1.725230563000025
3.31769747200002
2.214766801999986
6.610959126000012
7.151485662000027
2.853493060000005
2.316387223999982
5.242742371999952
3.482707371999936
6.769479011000044
1.761938536000002
1.276862755000025
3.371012463000056
4.919219590000012
2.070993371999975
2.072773590999986
6.462496309000016
1.702208337999991
2.437943354999902
6.269907482000008
6.690143326999987
2.328465194000046
2.916429016000052
3.91236018799998
2.476042334999988
4.198009972000023
3.340699795999967
2.13067184199997
10.61214989600001
1.998770057999991
3.262990928000022
4.932882060999987
1.411248879000027
2.951919681000049
10.83357538799999
2.71893838799997
2.139061158000118
2.824187015999996
5.241986671999939
2.822055292999949
4.287928859999965
1.736066620999964
2.325545637000005
3.218635280999933
2.238504427999942
2.211173844000086
3.662671578000072
2.360904434000076
1.075530836000098
4.924446876000047
2.067375074999973
2.665336281999998
2.591077315999883
2.500466724000034
1.431519448000017
4.771675115999869
2.758651491000137
3.182853369999975
4.975338429999965
5.397986026000126
2.553397126999926
3.283486339000092
8.753839204000087
2.18275566300008
2.796750059000033
1.601382856999862
2.334294721999868
2.843589651000002
2.516500492999967
1.050146477999999
2.030363403999999
7.642054579
1.653146276000001
1.946088158999999
3.157712296
1.548331972
1.842514438999999
3.199006922000009
2.468827456999989
2.231886316000001
7.339203675999983
2.263442812000022
8.026518256000003
6.339137045000001
2.808652814999988
2.476206376999983
2.745650925000007
3.642214025000015
1.970904152999992
2.190762164999967
1.228356978000022
2.06501702099996
6.770539686000006
1.504588624000007
8.474864252000032
1.887886062999996
2.618151743999988
2.736186786000019
3.043510003999984
1.874862637999968
3.981630989999985
1.617363951000016
3.45265901099998
2.590348752000011
2.081816283000023
3.578634723999983
2.070706717000007
4.980525931999978
3.077680871999974
4.658726615999967
3.300532386999976
5.373568380999927
1.342920743000036
9.546901974999969
6.011599444000012
5.351824641000007
9.366351749999922
5.600820440000007
6.847532655000009
1.656594200999962
8.361219011000003
6.822452752000004
2.091811068000084
7.079396779000035
2.055609834000052
2.797419321999996
1.337298698999916
5.970170692000011
2.155672793999997
3.717544417999989
2.963884085000018
2.289459203999968
4.027583935000052
2.423947947999977
3.553348572000004
2.017063097999994
2.163526795999928
5.279007965999995
2.398849061000078
2.570708651000132
5.79083565000019
4.401802674999999
2.840386208999917
7.178378508000151
2.787146625000105
3.014450705999934
7.282611810999924
4.949451274000012
4.191985896000006
1.994222670999989
2.258043454000017
2.44459364599993
3.57031084800019
1.800550186000009
1.74154495300013
1.708416363999959
9.383691261999957
2.671180405999849
6.46795001800001
1.298900873999855
3.490954024000075
13.17418267300013
6.5386180160001
3.749350442999912
1.617767849000074
8.163381154000035
2.275516718000063
2.282758632999958
1.330876866000001
1.463193253000002
8.827584473000002
2.157738195
5.043406406999999
2.452064485000008
1.438908054999999
2.454639723
1.579564269000002
3.829631537000012
2.373706667000022
5.748768584999993
11.56753007399999
1.318773966999998
4.11438820699999
2.483522564999987
2.707748998999989
1.65672281800002
1.791246625999975
2.103580482999973
4.075537785999984
3.925128921999999
2.025448099000016
1.41685000199999
2.00097053099995
4.826767332000031
11.08886716200004
1.713149546000011
7.296545378000019
1.855731549000041
1.422661204999997
2.263408856000012
2.975630179000007
2.584083303
1.645645102000003
3.802637004000076
3.527813326
9.773558820000062
6.762202219999949
21.746524131
5.165958357999898
2.498203601
5.500189971000054
9.908834817999946
4.531444140999952
6.998552430000018
1.766271339000014
9.14195694600005
1.581186357999968
2.842344831999981
1.828824620999967
1.846706713000003
2.218748927999968
2.332177562999959
4.408891159000063
2.103586630999985
6.745467817999952
8.899407631000031
2.845852788999991
1.919712230000073
8.182936115999951
2.687484971999993
1.770761648999951
6.08139224599995
1.596978239999999
3.866735298999856
1.952809610000031
1.498768915000028
5.604938894000043
1.652114996999899
8.063681692000046
6.340299152999933
3.980939810000109
1.985407146999933
3.693095008
10.08340929200017
6.667650962999915
5.671734649999962
7.334269263000124
4.248359229000016
8.355020497999931
8.197374814999876
12.16733527299994
2.420221471000104
4.847308869000017
5.933273074999988
3.205488436999985
2.887434892000101
2.648917639000047
1.588607141000011
5.141089340000008
3.51218558100004
2.734189040000047
2.042645146000041
6.718247883999993
3.021386240000083
6.87848473300005
1.988704286000029
2.794186871999955
1.693891277
3.706810816000001
2.004301283
1.690999239
1.981668771999999
1.770097329000002
2.227219792
12.05278382900001
1.725082889999996
3.160352816999989
2.21817231
2.101033700999977
4.942775335000022
6.923902802000015
2.352226354999999
5.527611976999992
13.57576110400001
8.622787826000007
3.804770090000005
3.111869219000027
9.843903907999959
11.47480011699997
16.40501971100002
5.309711463000042
2.913342708000016
2.449636587999976
5.001398671999993
3.676325700999996
2.131749487000036
5.562413694000043
10.17446146600003
7.015780538000001
4.379302838000058
2.701773713999955
3.829084677999958
11.13743176699995
10.41691203599999
12.51135098400005
14.22552513800008
9.251372046999904
5.540596408999932
10.86459219400001
5.392208445000051
7.922470847
9.637423290000015
16.66007910299993
2.271497300999954
3.456668915000023
1.441846436999981
3.636938052000005
1.808234355999957
4.093347539999968
6.24067386999991
2.405027116999918
3.684172405000027
2.801418764000005
7.457927035000012
3.182616294000013
2.131001612999967
3.958161493000034
3.05644557700009
6.761247810999976
2.175391544000036
1.985284396999987
3.88596446400004
2.124208882999937
1.502464433000114
6.138378527999976
8.845055611000134
7.822966051999856
8.389497630000051
10.71409699000014
3.829652571999986
3.773051785000007
2.155058315999895
3.201785700000073
2.21530503200006
1.96164051300002
2.691810437999948
3.382406755000147
4.57192376099988
4.733064610999918
7.291663810999808
1.574362656999938
2.686921746000053
2.699053550999906
4.464615757000047
2.836605793999979
1.886484610000025
1.907651857999781
3.024180985999919
3.620724136000035
3.209199080999952
1.753185437999946
4.484918323000102
2.118307143000038
2.329102971999873
1.409732148000103
3.358774654999934
2.504043254000001
5.892980699000002
1.452359328
3.686274445999999
5.870313353
8.793662182999995
1.849273926999999
1.846584211000007
9.239250579
3.294411193999991
1.569386294999987
6.200504100000018
5.39790384600002
8.176605826999975
4.641787047000008
2.423517069000013
2.406134634000011
4.227710321000018
7.563177768999992
9.356258365999963
3.685458055999959
3.610074695000037
10.39522050200003
1.416733850000014
6.183512465000035
2.623204782000016
2.397683873000005
1.685061603000008
4.17314958999998
6.668035716999952
7.132245359999956
4.705885004000038
2.918800827000041
3.468973355999992
3.42306423399998
6.177486865999981
4.177439936999917
1.857525588000044
2.613156122000078
1.649877609999976
2.256636713000034
8.253847864000022
1.630506020999974
1.706902377000006
4.977132180000012
5.181578485000045
8.144086368999979
2.575274390999994
2.243827053000018
1.571639553000068
2.097628626999949
2.141169232999914
5.666973298000016
10.61997553799995
6.309760288000007
3.512167836000003
2.506862303000048
3.528266418000044
4.664687021999953
7.756938955999999
1.94594740499997
3.688397549000001
6.522913365000022
6.226372620000006
3.002769073000081
1.703393673999926
2.199593603999801
2.339263878999873
3.126558578000186
5.285843247999992
1.874621864000119
10.32347678500014
10.66085454500012
4.924369220000017
6.545411682000122
3.842790327999865
2.878219498000135
16.06987185599996
1.753077540000049
1.916835060000039
3.517125446999898
1.570233506999784
10.52108279000004
5.847751942000059
3.809079402000179
1.773160750999978
9.555147044000023
2.211941719000151
5.525685085999839
5.408111762999852
6.90302764199987
6.103738945000032
12.60830040499991
3.359002065000141
3.009359829999994
6.812335950000033
1.472920857999952
3.16094467899984
4.489950260999876
2.52388255
5.355212712
2.103030264000001
2.424596674
2.422894302000003
4.270998057
1.336938458000006
3.905537381000002
5.589058154
1.86798446100002
2.547733788000016
9.580936933999993
5.858746324999998
2.960355254000007
4.889186376999987
7.98324035600001
12.12767296599998
1.790757921000022
2.172192688999985
5.833469199000035
5.38742712200002
6.442796507000025
1.646055888000035
2.216345030000014
1.869251652000003
2.12114580299999
2.659263022999994
2.197604810999962
1.911012271000004
2.115129738999997
3.752335569999957
8.065969510000002
2.315801550000003
7.971952066000028
10.13263437700004
1.651716711000063
8.776945944999966
4.684675739999989
4.708229898000013
2.100199361000023
9.524653730999944
4.395876835000081
6.475576622000062
6.710538730000053
3.888209813000003
4.487391412999955
3.277351224999961
3.857801568000014
2.024949992000074
2.365346305999992
2.483781671999964
2.828414291999934
2.336973543999989
4.486979505000022
4.865346693999982
6.096120533999965
3.515333392000002
2.481888170000047
2.093364352000094
2.020100980999928
3.884588912000027
1.450395756000034
5.700934152000059
4.869970027000022
2.890296668000019
2.548577256000044
1.987229438999975
2.83638144300005
8.808615749999944
3.826614573999905
5.377017432999992
2.157457645000022
8.138770728000054
6.022549845999947
4.204935784000099
2.148683570000003
1.377317704000006
3.857240420999915
6.342296123999859
1.913162548999935
7.840480663000108
1.606452033000096
6.558901670000068
7.659712003000095
2.424755845999925
1.629721063000034
2.643121844999996
1.764040180999928
4.637390195999842
9.508951285999956
6.092323451000084
4.041238606000206
4.696961356999964
2.983097461999932
11.04648186999998
3.965064489000042
6.989764952999849
8.678071666999813
3.967919747999986
8.440137110999999
6.020246897
5.921536039999999
5.784313284
7.629611073000007
5.761098602000004
7.864106046000003
9.487077902999999
10.88370017899999
6.471154980999984
11.09400431999998
6.74711475700002
7.050584651000008
6.362688317000021
7.300446130000012
9.285181832000006
7.914154252000003
7.507782027000019
9.696081872000036
9.902870904999986
10.81946495299997
8.424174708999999
6.725023264000015
6.288548864000006
6.304023234999988
8.760241653999969
9.85011407799999
6.509609566999984
10.266784266
7.631581869999991
6.262003984999978
8.867864499999996
7.649704214999929
6.297694954000008
6.867772201999969
6.265442600999904
6.744828682000048
7.287409937999996
11.79510669499996
8.830972831000054
6.484176047999995
8.745953844000041
6.810113060999925
7.620965190999982
8.404110566999975
8.308185892999973
7.85484804400005
6.14054841799998
6.283324862999962
8.15975943300009
9.271004576999985
7.744177260000015
5.470008082000049
6.33875652100005
8.06906028800006
7.574107469999944
8.00489311299998
7.108228777000022
6.393850431000033
10.32995452400007
6.100582533000079
7.043502540999953
7.922810435000088
14.77842338999994
7.849007906999987
6.277879945999985
7.001506260000042
6.696761466999988
7.126356814000019
6.754196708999871
8.715528894000045
9.184543048000023
8.820185708000054
6.800937342999987
6.266475179000054
5.419556982999893
6.825521123000044
10.98101090900013
8.268541724999977
7.9343509979999
8.323364868999988
10.86392165300003
9.050938166999913
7.031725853999887
6.619057500000054
7.210975348999909
7.179665662000161
6.927868853999826
7.711038537999912
10.48578567300001
6.482318921999877
6.214676382999869
6.917147919999934
7.519635334999975
11.82665188500005
6.67520063500001
5.516448609000008
6.565613374000122
7.513756824999973
13.144354132
11.28339549
12.324112623
15.68120653
13.418923377
17.91636554599999
15.62982434099999
15.36080850099998
16.650012898
14.355967459
16.347667656
15.23445912599999
19.71231862600001
15.52818096499999
19.49987892500002
16.19875250399997
14.27341298499999
14.19670720300002
22.19144595500001
18.525130037
15.23934879400002
17.17241037700001
15.66034413
16.17777237000007
20.07061432199998
18.19364211099992
20.123879956
20.963437731
20.04150381499994
18.259881146
19.16920190899998
21.79969729999993
23.27541523799994
18.77792707700007
21.53964111000005
18.53039954099995
20.25928140199994
17.35635105899996
19.49880592199997
22.39687273799996
21.57138094200013
21.63155154200012
19.50966441600008
19.05669261399999
23.7694297569999
35.66029792199993
18.18889855400016
23.47743006099995
17.85660897399998
18.76065825799992
22.63937339900008
23.61512005700001
22.40248169500001
20.39512832399987
26.57405494799991
20.96905419300015
23.48440571000015
20.03566961900015
21.99311281899986
28.73186162999991
19.25941980999983
19.38063552000017
20.29113672400013
21.94675351399997
23.05728375000012
17.03398082100011
14.99523291500009
13.00760082499983
16.42805970399968
17.39863540999977
16.01657068899976
15.40223812099975
13.37457777300006
15.00153750499976
15.34731918500029
13.98871516000008
19.77465026899972
14.63594024899976
15.82569747300022
14.44046475999994
18.97642944800009
19.98370945400029
20.55382736699994
21.47096123099982
22.81004088600002
22.61966523199999
25.70418873100016
22.00462532399979
18.36051842799998
20.01992227999972
22.2405318709998
19.799067853
26.86605028900021
21.42997694799988
27.37780627000029
25.26309764100006
21.03593158500007
23.00792207899985
25.30433991399968
22.472425931
20.403836833
19.532794834
15.917294853
16.27417891899999
24.14114379699998
17.94968781700001
22.28327920200002
16.16011795699998
16.753625812
20.15254629599997
19.69672202800001
19.42179268500001
17.18936220999996
22.83746829699999
18.20411974900003
20.87461699200003
15.80543209699999
33.36651185400001
21.65569855700005
18.55475282899999
22.60034559499991
13.98067122600003
14.26265134599998
18.99109710200003
16.90784398700009
22.37503993600001
24.67575752699997
19.79795378400001
27.94262042800005
28.06718839100006
22.91141461400002
18.54928743000005
29.70303932399997
24.30548051599999
32.89186207699981
20.9071103939998
22.61273540499997
18.20782142400003
20.07755321400009
19.51995970799999
20.16718783200008
20.646276446
20.45124611200004
18.8798241290001
23.00137099499989
21.81058893199997
22.11142254300012
20.13355324099985
25.24795450300007
19.47966723600007
20.54990218099988
23.18170535100012
27.84540717899995
38.02705097399985
19.76266289099999
26.91302434800014
20.32752900399987
23.02003622799998
21.99340530099994
19.18866931699995
19.05887349799991
22.52066143499997
26.15521930699992
21.40389112299999
19.31851651000034
20.64883774300006
20.31536123200021
23.14172162599971
19.16198740899972
18.22326012099984
21.15199853199965
19.80920953099985
19.97021040399977
25.35384660099999
21.8550113389997
24.86067693099994
19.1978964949999
20.8605413690002
27.07510185000001
18.11604277600009
26.91345974699971
30.40220842200006
21.83341146000021
23.24797495299981
21.0894436249996
25.5437071299998
25.65549236000015
28.42719442799989
35.88982317199998
24.90363049999996
24.7440964110001
22.62029649199985
20.80644988999984
24.11241960200005
21.70558551400018
24.29384473100026
27.68403887500017
24.82464658300023
20.373345229
19.367627028
17.78102112900001
17.79345696499999
19.78940194499999
22.297991064
16.442861338
22.74472192800002
18.042046387
19.244179508
17.66729935699999
21.31617567799998
17.92571556500002
18.659053857
18.65876328800005
18.94892475900002
19.59332517199999
17.40786963000005
21.802646364
19.96067315999994
16.65575774299998
21.95375586600005
17.43434709499991
25.68340350999995
22.61275546299998
20.22649227900001
25.44618635799998
21.64337617199999
27.06843434100006
25.6142684350001
22.222935291
26.20975884300003
21.37468574799982
24.43954895999991
23.23462526800017
24.15545851599995
25.39424926399988
25.67427998299991
22.93806474799999
21.28253572300014
23.09201729500001
26.73780226500003
22.23048187699987
21.64084527900013
21.81818671499991
27.65722760099993
21.04751660900001
26.85952116299995
24.90359282700001
26.58055205899996
25.87603537899986
26.24676087700004
24.46555280899997
22.9034366379999
22.37327851199984
23.80323830899988
24.18297454800017
29.52717710000002
25.98383854799999
40.80853330899981
26.528600095
26.42230773399979
16.13200365300008
14.74787261500023
21.71762929099987
18.18303243400032
22.79191126899968
19.83300088099986
22.13345142700018
20.623430138
16.46992163999994
19.91315888200006
18.74325273099976
24.27954860900036
22.90111897299994
23.28344240300021
25.34331201600025
23.9151539290001
23.20642040599978
30.6634925190001
28.69463024200013
23.5003789780003
22.01085762899993
23.63704967900003
35.78772608700001
22.58098773200027
25.25544618599997
26.93486536299997
24.17125736800017
24.26000262400021
23.11363203800011
23.492814404
22.94538160699994
31.37721100999988
23.1937255480002
26.01436462099991
25.04485274400031
28.97696967000002
25.47504350700001
33.80055373499999
29.463110395
27.805754177
24.536458641
20.72045405999998
26.137662154
21.680998125
17.00266238499998
23.81762145599998
16.42332747700004
14.70883592999996
16.67182591099998
19.06288074299999
16.88782671500002
16.722961016
17.30157205400008
23.51002888099993
14.22369626799991
16.40276500300001
27.36374675700006
23.45758779599998
17.89348479700004
22.49434968000003
23.16708049900001
17.792206857
17.50805977900006
20.80976860999999
19.63287312499995
29.68267684200009
14.99839002400017
17.79451043299991
16.54496503300015
15.54729716200018
17.2438927820001
15.15448794999998
20.0025671169999
17.80579086900002
17.39113501800011
14.78489721100004
16.44116903000008
16.69561537499999
16.53801403400007
18.76530395700001
16.01390256800005
13.97024466000016
17.763885136
15.09676016600019
17.56626818500013
13.83121847300004
13.87154331600004
12.35741740100002
13.95965635399989
17.08803689899992
