0.0001654624938964844
0.08948230743408203
0.9826068878173828
0.08562421798706055
0.3490591049194336
0.05479311943054199
0.449399471282959
1.485229969024658
0.3037984371185303
1.70641016960144
3.739216089248657
0.119687557220459
1.608152627944946
2.519007921218872
1.643889427185059
0.1713354587554932
0.6448557376861572
0.9368536472320557
0.4209358692169189
0.6206448078155518
0.5965986251831055
0.1522343158721924
1.340740919113159
0.622772216796875
0.7476050853729248
0.2526459693908691
0.9574244022369385
0.2051889896392822
0.5060727596282959
0.03565049171447754
0.5870311260223389
0.09649062156677246
3.137975931167603
0.01279807090759277
0.8619077205657959
2.261147260665894
0.4399476051330566
1.217377185821533
0.503333568572998
0.43448805809021
0.1863317489624023
2.408975839614868
0.1172471046447754
1.410631418228149
0.3671715259552002
0.2314658164978027
0.1980829238891602
0.4702162742614746
0.1928198337554932
0.07138752937316895
0.3086767196655273
0.4691176414489746
0.3405501842498779
1.477307558059692
0.5644731521606445
0.2304227352142334
0.5057137012481689
1.856895685195923
0.4774043560028076
0.04873132705688477
0.2730393409729004
0.004356622695922852
0.3346238136291504
0.1311883926391602
0.547966480255127
0.0001468658447265625
0.277132511138916
2.35991644859314
0.6102681159973145
0.4798784255981445
0.5010409355163574
0.7481684684753418
1.703051805496216
0.3700337409973145
1.98249888420105
0.4814982414245605
0.7867374420166016
1.069588184356689
0.5359799861907959
0.2822625637054443
0.8668415546417236
0.6495203971862793
0.5070168972015381
0.1916282176971436
1.499212265014648
0.4631736278533936
0.6616504192352295
0.5190966129302979
0.6017751693725586
0.8334412574768066
0.2761225700378418
0.3053300380706787
1.029667139053345
2.723349809646606
1.286625385284424
2.130981922149658
1.483920574188232
0.2727551460266113
0.4542999267578125
1.886338949203491
0.4899883270263672
0.332179069519043
0.5232048034667969
0.2864689826965332
1.029777050018311
0.6661975383758545
0.7738995552062988
0.8336429595947266
2.126408576965332
3.029572010040283
0.7322711944580078
0.3706879615783691
0.8085954189300537
0.6488101482391357
0.8729953765869141
1.109981298446655
2.457849979400635
2.671385765075684
0.6441895961761475
1.602227449417114
1.426668882369995
1.006556987762451
0.1858501434326172
0.2263426780700684
0.2553811073303223
0.6111454963684082
0.2502772808074951
0.662550687789917
0.5297815799713135
1.205639839172363
0.0001530647277832031
0.5358550548553467
0.5850684642791748
2.49495792388916
0.143695592880249
0.6012880802154541
0.828387975692749
0.9531986713409424
0.7024405002593994
0.6450612545013428
0.307241678237915
0.690213680267334
0.4804008007049561
0.4290246963500977
0.7837338447570801
0.4248623847961426
0.2908666133880615
0.3311800956726074
0.2988154888153076
0.3707962036132812
0.442267894744873
0.4440391063690186
0.6178679466247559
0.6190721988677979
0.3468647003173828
0.4062051773071289
0.7874915599822998
3.115196466445923
0.8884074687957764
2.250572443008423
1.413139343261719
2.048632621765137
0.2554500102996826
0.1136171817779541
0.528303861618042
0.4082598686218262
0.8020071983337402
0.600416898727417
0.4291682243347168
0.6422202587127686
0.4838011264801025
0.7112371921539307
0.4262933731079102
0.6363754272460938
0.8571512699127197
0.9674928188323975
0.5407135486602783
1.304931402206421
0.6764421463012695
0.2941408157348633
1.329099178314209
2.823065042495728
0.1566917896270752
0.7617778778076172
0.2631809711456299
0.9380779266357422
1.593346357345581
2.19127345085144
1.557133197784424
0.2161974906921387
0.3171358108520508
0.6906731128692627
0.7580845355987549
1.13029932975769
0.6215336322784424
0.0001642704010009766
0.176823616027832
0.2456698417663574
0.5244219303131104
4.832906007766724
0.5419876575469971
0.5982301235198975
0.534142017364502
0.6808316707611084
0.9321067333221436
0.5374503135681152
0.7846288681030273
0.6089580059051514
3.763332843780518
0.3987669944763184
0.05966281890869141
1.553232192993164
2.882761240005493
1.43233847618103
0.4127390384674072
0.3104531764984131
0.8966720104217529
0.5225303173065186
8.797645568847656e-05
0.8654229640960693
0.3129162788391113
0.7915971279144287
3.959388971328735
0.5246953964233398
0.2625737190246582
0.9520258903503418
0.008793830871582031
0.5093955993652344
0.463346004486084
0.7072312831878662
0.6018848419189453
0.2626953125
0.7043943405151367
1.087845087051392
0.9424800872802734
2.443596124649048
1.027379274368286
0.3871176242828369
0.3225769996643066
2.22186017036438
1.769263505935669
1.131581544876099
0.2358996868133545
0.5173039436340332
0.7670800685882568
5.793499946594238
0.5947360992431641
0.9956982135772705
1.317742586135864
1.363925457000732
0.3496811389923096
4.931200265884399
0.2867100238800049
1.17082667350769
2.216349363327026
0.235004186630249
0.7788305282592773
1.031733512878418
1.572434425354004
0.4997062683105469
0.0001454353332519531
0.2738158702850342
0.8712892532348633
0.8402140140533447
0.2435300350189209
5.044970750808716
2.285362482070923
1.402344465255737
0.275310754776001
1.856620073318481
1.215219497680664
0.6338438987731934
0.0001082420349121094
0.4739904403686523
4.693620920181274
0.3884057998657227
0.1673243045806885
4.129231929779053
0.2760186195373535
0.2240488529205322
0.3677558898925781
0.3151781558990479
1.205495834350586
0.4261007308959961
0.3786070346832275
0.3917725086212158
0.1555655002593994
0.6343910694122314
0.2076873779296875
0.9997291564941406
0.1848697662353516
0.5180201530456543
0.2705490589141846
0.1613848209381104
0.5310375690460205
0.6303102970123291
0.6627280712127686
0.4548635482788086
0.5556561946868896
0.07978296279907227
3.604181528091431
0.5883824825286865
1.211991786956787
0.2364902496337891
0.08045291900634766
1.12824821472168
0.4174861907958984
0.5389096736907959
0.3457849025726318
0.2765517234802246
0.1035110950469971
1.021090269088745
1.506016492843628
0.4596693515777588
0.690305233001709
0.3056609630584717
2.608150005340576
0.7561562061309814
1.322122097015381
0.2418959140777588
0.4879274368286133
0.821413516998291
0.5642008781433105
0.3965611457824707
0.9574520587921143
0.0001611709594726562
0.8639400005340576
0.8611519336700439
0.6928398609161377
0.3751027584075928
2.578071355819702
0.4884359836578369
0.1031882762908936
0.5809688568115234
0.6524460315704346
2.39161205291748
0.5736098289489746
0.4539852142333984
0.1742637157440186
2.314123153686523
0.3585772514343262
0.3528902530670166
0.5339431762695312
0.8819313049316406
0.4041352272033691
0.7450306415557861
0.4032797813415527
0.8032543659210205
3.727739810943604
1.310606002807617
0.4018301963806152
0.7976260185241699
0.9705982208251953
2.854321241378784
0.7877950668334961
3.182454109191895
0.5892682075500488
0.7739074230194092
1.005650043487549
0.6688947677612305
0.8536632061004639
0.9717001914978027
1.468220233917236
1.901326656341553
1.886213064193726
1.538413763046265
0.5564639568328857
0.18658447265625
6.303994178771973
0.4531846046447754
0.3014729022979736
3.834863424301147
0.3760936260223389
1.149773597717285
0.01116514205932617
1.994416236877441
0.6483383178710938
2.093718767166138
0.8149030208587646
0.8053309917449951
3.818378210067749
1.839614629745483
1.881580591201782
0.5895688533782959
0.754629373550415
2.366137027740479
1.091529607772827
0.435774564743042
0.5503973960876465
0.4917161464691162
0.0001199245452880859
0.3847568035125732
4.526894807815552
0.8788821697235107
2.605223894119263
0.2479541301727295
0.3809106349945068
0.6733484268188477
0.275698184967041
0.2269165515899658
2.479573965072632
1.329283237457275
0.4520785808563232
0.5855343341827393
0.3545713424682617
0.4331679344177246
0.7046782970428467
0.4655997753143311
0.4958548545837402
0.537517786026001
1.379163503646851
0.09949612617492676
0.3887503147125244
2.552270174026489
0.4416956901550293
3.745443820953369
6.592852830886841
1.899677991867065
0.7394988536834717
0.431767463684082
1.953274965286255
0.9854450225830078
0.68511962890625
2.329140424728394
0.8786308765411377
0.7638797760009766
0.2607321739196777
0.4111933708190918
0.5484297275543213
0.38340163230896
0.4274592399597168
0.147296667098999
0.3712108135223389
0.8887999057769775
0.4430382251739502
0.8460967540740967
1.569031953811646
0.2020981311798096
2.546566724777222
0.3972213268280029
0.9816668033599854
0.5042750835418701
0.39483642578125
0.5976390838623047
2.173603534698486
1.794401407241821
2.520064115524292
0.5352437496185303
1.286934614181519
0.4325020313262939
0.3676347732543945
0.2006535530090332
0.3595716953277588
5.595504999160767
0.3165357112884521
0.4947142601013184
0.1974160671234131
0.3622426986694336
2.70841383934021
3.380009889602661
4.051291704177856
0.8107490539550781
0.7781040668487549
0.408221960067749
2.694010972976685
0.2008800506591797
0.637441873550415
0.2787110805511475
0.6900484561920166
1.001489877700806
0.7084367275238037
0.4534189701080322
0.4268569946289062
0.7869899272918701
0.9164094924926758
4.192653179168701
1.182801485061646
2.312309265136719
0.2575452327728271
0.2744960784912109
1.654386043548584
1.926537752151489
0.9364945888519287
0.0001001358032226562
0.5549881458282471
0.2246747016906738
0.6103906631469727
0.4386067390441895
0.3480231761932373
0.3266322612762451
0.180455207824707
1.171633958816528
0.6298706531524658
1.721721649169922
2.347243070602417
0.4077608585357666
0.5423955917358398
2.016774415969849
0.5043933391571045
1.25210976600647
0.09496498107910156
0.844527006149292
1.864214181900024
0.7139270305633545
2.251198291778564
0.7203314304351807
0.6030957698822021
1.987300157546997
0.9451215267181396
0.7872910499572754
0.3637838363647461
0.7005972862243652
2.428576946258545
0.4918084144592285
0.6169717311859131
0.4308769702911377
0.4334452152252197
0.4687273502349854
0.3344669342041016
0.4074671268463135
0.0003137588500976562
0.2617309093475342
1.666109800338745
0.4172358512878418
0.6908929347991943
0.5125117301940918
0.6695930957794189
0.7794404029846191
2.588724136352539
0.02849316596984863
0.511871337890625
0.2005648612976074
2.418558120727539
0.4755370616912842
1.452478885650635
0.3189194202423096
0.4619808197021484
0.5950937271118164
0.5518991947174072
0.4794576168060303
0.7166664600372314
0.794013500213623
1.013282299041748
0.3850917816162109
0.2849078178405762
0.7377936840057373
0.289902925491333
0.2395360469818115
1.001753091812134
1.506112337112427
0.2770473957061768
0.9369893074035645
0.5487935543060303
0.1753191947937012
3.502472162246704
0.6875848770141602
0.2972555160522461
0.5026533603668213
0.4899587631225586
0.507347583770752
0.3347804546356201
0.4482393264770508
0.6307137012481689
0.7701382637023926
0.9007370471954346
0.0947716236114502
0.8567872047424316
1.218835115432739
1.626793146133423
0.7873542308807373
0.3526699542999268
0.8185198307037354
0.3034806251525879
0.5673472881317139
0.9834673404693604
0.4033198356628418
3.591486215591431
1.187513589859009
3.006506681442261
3.440346479415894
0.3084344863891602
0.2114927768707275
0.6614282131195068
0.5231838226318359
0.9971609115600586
0.07619571685791016
1.155236959457397
0.3248107433319092
0.6498875617980957
1.081439971923828
2.670248746871948
2.034051179885864
3.384791612625122
0.1081018447875977
0.3805606365203857
0.4694678783416748
0.567432165145874
1.592005252838135
0.6460671424865723
1.12033486366272
0.7381813526153564
0.6331348419189453
0.5323905944824219
1.168952465057373
0.2386093139648438
1.353878736495972
1.093848466873169
1.982653617858887
1.808582067489624
0.7135417461395264
0.847069263458252
1.02134895324707
0.7761027812957764
0.3810944557189941
1.321382284164429
1.442352056503296
0.6809792518615723
3.573734283447266
2.798837900161743
0.2660276889801025
0.5525143146514893
0.7200338840484619
0.5944945812225342
0.984389066696167
0.07586550712585449
1.990324735641479
0.4124519824981689
0.649907112121582
2.68764853477478
1.750119209289551
0.3874022960662842
0.2862446308135986
0.08717083930969238
0.0001027584075927734
1.101127624511719
1.202438831329346
0.3367571830749512
0.3344266414642334
0.4545860290527344
0.9176704883575439
0.5297842025756836
0.7037239074707031
0.6984641551971436
0.3658866882324219
1.055486917495728
3.368660926818848
0.4921622276306152
0.6783769130706787
1.234917879104614
0.4000318050384521
0.0001509189605712891
2.605568647384644
0.1101694107055664
0.4503700733184814
0.6600723266601562
0.1564605236053467
3.339123249053955
0.3641581535339355
1.361556053161621
0.5728795528411865
0.4640090465545654
1.417809247970581
0.2556583881378174
0.6099143028259277
4.728366851806641
0.1903181076049805
0.2687456607818604
0.8471291065216064
0.4266037940979004
1.92162561416626
0.4859907627105713
0.652029275894165
3.150391340255737
1.116438865661621
0.388638973236084
0.5857300758361816
0.2221519947052002
2.816387891769409
1.072190999984741
0.6541979312896729
0.201667308807373
5.336375951766968
0.8078498840332031
1.850585699081421
0.03319001197814941
4.609341382980347
2.453739404678345
0.3885371685028076
0.4318320751190186
0.6987130641937256
0.6234440803527832
0.5659050941467285
0.2031233310699463
0.3439736366271973
0.09630060195922852
0.5317931175231934
0.346552848815918
0.3129754066467285
0.2710750102996826
4.397788286209106
0.8825681209564209
0.3017570972442627
0.641880989074707
1.311692953109741
4.995960235595703
0.09332752227783203
4.36308741569519
0.4421606063842773
1.009976863861084
0.4630122184753418
0.6587612628936768
0.5558412075042725
0.06482791900634766
4.459938526153564
0.2014939785003662
