14.33094000816345
16.40135908126831
17.46175909042358
16.00924897193909
16.86927795410156
16.61922907829285
17.25915598869324
14.30980706214905
15.05652904510498
18.58613109588623
17.61533713340759
15.17524194717407
16.42966890335083
15.87055206298828
17.45658898353577
19.29704594612122
16.77341890335083
16.34901094436646
16.12579107284546
16.36564993858337
19.12084293365479
19.9308009147644
20.52611494064331
17.64541101455688
16.22355198860168
16.19484496116638
17.65982699394226
17.08168601989746
17.97031998634338
14.99982786178589
18.20571899414062
43.15770196914673
29.35152888298035
27.93830394744873
17.58796095848083
19.57140612602234
19.27705693244934
17.84992289543152
16.53757095336914
16.69528698921204
16.48508501052856
15.49147891998291
17.75432395935059
21.7891309261322
21.14909315109253
20.53977608680725
19.52186608314514
18.76011610031128
20.4881649017334
17.75608396530151
19.54595613479614
18.3981249332428
18.994784116745
17.77950000762939
21.16080188751221
21.28505206108093
20.99830913543701
19.32174015045166
19.5179750919342
18.46418619155884
22.06113600730896
22.01481795310974
21.44494199752808
17.28805589675903
22.54293513298035
14.34453701972961
16.94634199142456
15.59490394592285
17.90880680084229
15.46095299720764
16.30331301689148
19.14578890800476
18.87109112739563
21.1354501247406
16.2055139541626
14.64759492874146
18.45813202857971
16.75908994674683
18.79804992675781
16.79010105133057
14.59435892105103
15.30227398872375
15.80310893058777
19.850909948349
18.00217294692993
13.73951506614685
18.69815421104431
17.50378608703613
19.37675094604492
18.02743577957153
20.14028215408325
21.2911479473114
23.31907820701599
20.20272517204285
18.06525087356567
17.15831303596497
15.14227414131165
17.49346995353699
15.61833000183105
16.82774901390076
17.20209407806396
19.54185795783997
18.93852996826172
19.32592916488647
18.48709011077881
18.40508198738098
20.88502287864685
20.40682291984558
21.10012698173523
15.72562098503113
18.56977987289429
18.35397601127625
17.70549297332764
18.38372302055359
21.56021285057068
21.62346601486206
23.25690484046936
19.74058198928833
18.11009788513184
21.09339189529419
19.07070589065552
20.72295498847961
22.18904709815979
19.36901211738586
19.63257694244385
20.94805908203125
21.60338187217712
21.29620981216431
21.18614506721497
19.72121596336365
14.27734899520874
17.39574193954468
18.9607720375061
17.88390588760376
19.26909184455872
17.69040489196777
16.00906801223755
18.42070198059082
15.61444616317749
21.57869982719421
21.15674114227295
17.16404390335083
16.7334361076355
20.68330097198486
20.59877586364746
19.8986439704895
17.38906908035278
16.37309908866882
18.91509294509888
14.90834212303162
16.79426503181458
15.75916600227356
19.39508700370789
21.77844905853271
17.65131092071533
15.54755306243896
15.43606495857239
19.3127818107605
15.97300004959106
21.00807690620422
16.02410912513733
18.14827299118042
19.82633113861084
17.42471194267273
20.65852689743042
18.04352998733521
19.22986102104187
16.60797905921936
20.80294704437256
21.76353788375854
20.7467098236084
20.29829597473145
20.73853278160095
17.13342094421387
22.85543513298035
22.69333910942078
21.00691294670105
20.97819995880127
19.92764091491699
22.43076992034912
21.85610198974609
18.97639989852905
21.78003287315369
22.18832802772522
22.00205492973328
22.62664198875427
21.7689471244812
19.47153115272522
22.31094312667847
23.85676884651184
23.89227700233459
21.713782787323
23.19683003425598
21.95478415489197
22.37164187431335
14.37792992591858
17.55879592895508
22.0979220867157
21.59148287773132
21.21309304237366
15.00992393493652
17.11850810050964
18.80709719657898
19.94940495491028
21.47569489479065
19.2339141368866
20.06197500228882
19.43427205085754
20.42742204666138
21.85016393661499
18.2223789691925
18.68245315551758
20.18649911880493
20.24960088729858
19.50087881088257
20.29773497581482
20.68272995948792
19.51139712333679
17.86130285263062
19.33285880088806
20.5262188911438
19.21011900901794
19.81465101242065
19.08047986030579
20.95739912986755
20.79367613792419
17.49092292785645
18.9518449306488
20.15938115119934
14.18405795097351
20.47056293487549
18.29235196113586
17.53446793556213
22.02570986747742
21.64581203460693
21.78422999382019
21.31717991828918
16.29217195510864
23.25405812263489
21.26308298110962
23.16385912895203
23.03991508483887
24.30275297164917
22.91150379180908
22.39743494987488
19.79421806335449
20.24208307266235
23.02760100364685
19.0674901008606
22.23710203170776
25.17120003700256
17.6385281085968
21.97620892524719
23.97833395004272
23.41311597824097
23.67139101028442
24.20815896987915
24.00337600708008
20.43354392051697
22.17536807060242
14.36783504486084
17.24224996566772
14.38729476928711
20.46021604537964
18.6007080078125
27.38157200813293
18.74444508552551
27.10979390144348
33.46174812316895
17.82692289352417
19.92602896690369
18.85759210586548
19.47466897964478
15.15123510360718
17.88063597679138
18.77513909339905
22.05579304695129
20.79774880409241
20.0419659614563
19.02109098434448
20.7060911655426
21.49506282806396
18.80029296875
17.66110491752625
18.51076102256775
20.1585259437561
14.84573292732239
21.10589098930359
19.89334201812744
19.83132886886597
19.18022084236145
18.4496750831604
18.05854821205139
17.094801902771
18.91777205467224
20.40952205657959
19.94231390953064
20.07032108306885
20.04884886741638
17.98263096809387
24.91931915283203
21.65659189224243
22.65071296691895
17.78851795196533
22.24600386619568
19.98635911941528
22.70970392227173
24.831955909729
21.37520289421082
23.49564409255981
23.52210402488708
17.55264592170715
22.99169683456421
22.44376301765442
23.32913398742676
16.80070400238037
22.05772399902344
23.26896405220032
21.83331680297852
20.50931906700134
25.23536396026611
24.6390860080719
22.60922598838806
22.95843815803528
23.18592286109924
14.32404708862305
16.72285389900208
20.98102712631226
20.09917187690735
22.58365201950073
15.04848194122314
20.70273804664612
17.48458099365234
19.90938997268677
16.13556003570557
17.82890105247498
20.38207602500916
19.577712059021
20.54131984710693
20.46419310569763
16.15944314002991
19.16069579124451
15.56080484390259
18.84341096878052
18.78101301193237
19.98000502586365
21.06463384628296
15.38013005256653
21.52773213386536
15.21384286880493
19.7160279750824
16.70744895935059
16.48841214179993
20.45385408401489
18.63117909431458
20.35459685325623
21.73083901405334
20.94848990440369
15.78661513328552
19.61024808883667
36.73269581794739
19.39917683601379
20.29362797737122
22.37672519683838
20.35740900039673
22.0624098777771
21.48813509941101
21.98906397819519
19.7318069934845
18.35183119773865
19.5737419128418
21.43651008605957
24.33116602897644
22.61847805976868
23.00875091552734
22.60695815086365
22.49149799346924
23.92159295082092
23.40802502632141
22.81734108924866
20.15486216545105
23.73813986778259
23.58254408836365
21.10345387458801
16.85109305381775
22.99741411209106
17.34034585952759
22.97725510597229
22.64947700500488
23.42786908149719
14.31323790550232
16.69612503051758
22.36213278770447
21.51080012321472
17.83391189575195
22.00817489624023
20.48454594612122
19.5789520740509
20.23847913742065
18.36731100082397
18.45839715003967
18.50879502296448
21.12002110481262
20.99146509170532
20.33829307556152
18.91398501396179
18.88576889038086
20.45978879928589
17.1191999912262
17.51516699790955
18.08442306518555
21.43948292732239
19.74411392211914
20.92089295387268
20.35488796234131
16.74388885498047
23.57699394226074
16.4214780330658
19.32775616645813
19.21430802345276
20.68810796737671
22.4389660358429
22.29990482330322
20.04703092575073
19.61941289901733
18.49338102340698
20.22473907470703
20.70970797538757
20.90779590606689
19.40870785713196
18.14670300483704
22.45738196372986
22.128751039505
21.13597297668457
20.39932799339294
20.45704197883606
23.37450504302979
24.80189204216003
20.88042283058167
24.52938985824585
22.16575503349304
20.23120307922363
22.53579211235046
21.65126395225525
23.07665419578552
23.17383813858032
21.51424694061279
23.10781598091125
22.22260904312134
17.75566220283508
19.98761105537415
23.75825595855713
24.01671600341797
21.29452681541443
23.72202205657959
14.38249707221985
16.98228001594543
19.87276697158813
15.95997095108032
19.00113201141357
18.26455903053284
18.54721403121948
17.05850505828857
19.51541996002197
22.20286011695862
16.003084897995
14.94465494155884
17.2858989238739
19.4942409992218
19.32564997673035
20.0325870513916
15.30083894729614
18.37287211418152
20.77091479301453
18.45019507408142
20.9579439163208
19.54128003120422
15.54689884185791
19.00375199317932
21.36783814430237
20.07151412963867
16.84345984458923
19.2715859413147
18.4057240486145
17.77078986167908
18.4180281162262
19.64240908622742
15.07888293266296
18.3773078918457
23.3534300327301
15.05814504623413
21.06203413009644
21.34642291069031
21.41815996170044
18.96028399467468
21.8039858341217
19.62599492073059
22.28898501396179
21.7243800163269
21.19922590255737
21.60718512535095
21.47733092308044
23.33845114707947
19.51637101173401
20.8186571598053
22.89980292320251
21.95070910453796
20.96248698234558
22.06923508644104
23.18703198432922
19.81053495407104
23.66248297691345
24.89813709259033
21.88492107391357
25.26822996139526
22.98932719230652
22.55764818191528
21.29555416107178
22.76286315917969
23.86822414398193
14.31880807876587
15.16810393333435
17.67768287658691
19.15205907821655
17.94126486778259
19.1978440284729
16.91051292419434
19.53683996200562
21.50796818733215
18.27398204803467
17.23427605628967
17.99945998191833
18.81021690368652
19.82527208328247
18.55641293525696
16.75053882598877
20.36250400543213
24.073077917099
21.00045609474182
16.83624291419983
15.96367716789246
22.0864109992981
20.1268470287323
19.58088302612305
19.34283208847046
21.81496405601501
20.32298398017883
20.85413384437561
20.7670841217041
15.51555919647217
18.83327007293701
15.49310088157654
17.1511070728302
19.88059592247009
17.347580909729
20.85260915756226
21.02088809013367
21.96304702758789
20.78310585021973
20.48104596138
22.04192709922791
18.28401398658752
22.27116680145264
19.42558002471924
21.56372594833374
21.8042368888855
22.91176700592041
25.86237120628357
21.2897641658783
24.92338299751282
22.13915109634399
22.81447696685791
22.1252658367157
21.7959361076355
21.23759603500366
21.56907796859741
23.12145280838013
22.50496101379395
21.56462907791138
22.45450282096863
21.03154706954956
23.85307812690735
23.27781915664673
22.26205921173096
24.48624396324158
14.30003118515015
19.51076984405518
19.38680195808411
19.06015920639038
22.09768605232239
17.29004907608032
16.06339693069458
18.31578707695007
15.77639508247375
17.74549198150635
19.21972703933716
19.76437902450562
19.88503289222717
18.44582486152649
20.26001501083374
17.16820788383484
17.34713387489319
19.70849084854126
15.74054384231567
23.22651505470276
20.27920913696289
20.3379590511322
16.30722999572754
18.61747598648071
17.69141912460327
20.46581101417542
17.98959589004517
20.56253290176392
23.21104097366333
21.84889316558838
21.03017807006836
21.03300213813782
17.45712494850159
16.49128603935242
15.09286189079285
14.152508020401
17.56016707420349
20.43996214866638
20.38385605812073
20.47049784660339
20.41843914985657
21.22385692596436
20.57266092300415
20.2541561126709
20.46975994110107
19.47963905334473
23.44332790374756
20.21339511871338
22.4791579246521
19.93223595619202
21.96843886375427
18.56482315063477
22.99199604988098
19.23095703125
18.83754110336304
20.15801000595093
21.05901503562927
22.72149801254272
20.33300113677979
20.90311908721924
24.46642899513245
21.93721699714661
23.37031102180481
17.24996089935303
22.33840084075928
14.39533710479736
19.22489500045776
23.82473516464233
18.0574951171875
20.09793591499329
16.39387512207031
23.00148892402649
22.02886199951172
24.83723616600037
24.13446807861328
23.87402606010437
18.44966197013855
20.43883109092712
24.99263310432434
20.49335408210754
20.5378360748291
20.22023892402649
21.33467817306519
21.53859710693359
21.640291929245
27.05116605758667
26.4554238319397
24.44851207733154
22.42742586135864
22.48014378547668
23.73814105987549
24.04573702812195
24.57957100868225
23.96648693084717
18.39869284629822
21.01863813400269
22.4762499332428
24.6845691204071
24.79272699356079
26.17267990112305
25.05145788192749
22.60195708274841
21.57156705856323
26.80686712265015
26.37410497665405
