0.7677319049835205
1.305790185928345
2.380282878875732
0.978769063949585
2.278046131134033
1.285032987594604
3.88931679725647
3.097476005554199
2.046984910964966
1.190937042236328
1.561616897583008
1.100963115692139
1.317922115325928
1.101915836334229
1.410588979721069
1.361706972122192
1.098307132720947
1.755044937133789
1.274685144424438
1.310173034667969
1.544157028198242
0.4060637950897217
0.7268388271331787
0.8826191425323486
3.774106979370117
3.367372989654541
2.480219841003418
2.221220970153809
3.606221914291382
1.218995094299316
0.7794690132141113
1.188416957855225
1.078245878219604
1.662222146987915
0.7084469795227051
1.202850818634033
2.007817029953003
1.588733911514282
1.726085901260376
1.406642913818359
3.443169116973877
1.661515951156616
1.367736101150513
1.488742113113403
1.559187889099121
1.188398838043213
1.519079923629761
1.798791885375977
4.457552909851074
1.465611934661865
3.863561868667603
1.226835012435913
3.447387933731079
1.227982997894287
1.339797019958496
2.497684955596924
2.808726072311401
1.721461057662964
1.229505062103271
0.9309930801391602
1.074228048324585
1.666803121566772
3.96279501914978
0.8240640163421631
1.30492901802063
0.9098448753356934
3.156241893768311
1.45850396156311
0.9113790988922119
2.190716028213501
0.6987500190734863
1.49714207649231
1.145153999328613
1.066220045089722
2.141900062561035
0.7347941398620605
2.67366099357605
1.611130952835083
1.659075975418091
3.567499876022339
1.208554029464722
1.146133184432983
1.091707944869995
1.056222915649414
7.016642093658447
1.264064788818359
1.434954166412354
1.165777921676636
1.324270963668823
1.518789052963257
1.391688823699951
0.7654430866241455
1.152230978012085
1.76230788230896
1.355751991271973
2.313114881515503
0.55594801902771
4.026592016220093
4.450881004333496
1.642461061477661
1.53413200378418
1.09187912940979
0.9944701194763184
1.703381776809692
2.749492168426514
1.641754865646362
1.857118129730225
1.084635972976685
4.265151977539062
1.1836838722229
1.389365911483765
6.276694059371948
3.797855138778687
1.308735132217407
1.766924142837524
1.303790092468262
1.146229982376099
4.813946008682251
2.474660873413086
2.88907790184021
1.887505054473877
0.9589900970458984
1.434724807739258
1.121423006057739
1.354125022888184
1.654428005218506
1.146553993225098
0.7540161609649658
0.892927885055542
0.8426940441131592
0.8861660957336426
1.278543949127197
0.9309310913085938
1.302992105484009
1.140891075134277
3.726789951324463
1.371264934539795
4.294591188430786
1.319252014160156
0.9453611373901367
1.353224039077759
1.629189968109131
0.9053671360015869
1.895437002182007
3.68799901008606
4.769034862518311
4.246000051498413
0.731220006942749
4.581027984619141
1.056181907653809
4.799537181854248
1.299307107925415
0.7701020240783691
1.466291904449463
4.810800075531006
1.882622957229614
1.169780969619751
4.893810987472534
1.521374940872192
5.240525960922241
1.437222957611084
0.6488490104675293
1.063426971435547
0.7076191902160645
1.774852991104126
0.6355741024017334
4.149577140808105
1.069585084915161
1.348227024078369
2.293975114822388
3.560752153396606
1.533852100372314
5.141160011291504
0.9841008186340332
0.7940950393676758
0.6475229263305664
1.223403930664062
1.334496974945068
1.690648078918457
0.9832301139831543
3.809908866882324
1.223394155502319
1.417474985122681
1.700646877288818
1.09594202041626
0.7425599098205566
1.378017902374268
1.04974102973938
0.6264309883117676
1.258501052856445
1.530077934265137
0.9379138946533203
1.451956033706665
1.462986946105957
1.005599021911621
0.7733221054077148
1.626678943634033
0.5331230163574219
0.8554091453552246
7.034085988998413
3.633048057556152
1.198210954666138
1.824522018432617
1.335069894790649
1.611759185791016
0.9043810367584229
1.001909017562866
0.8107430934906006
1.281611919403076
1.632336139678955
3.774901866912842
1.160551786422729
1.71342396736145
1.017467975616455
1.140202045440674
1.031952857971191
1.15367603302002
4.746284961700439
1.168777942657471
1.47562313079834
1.862905025482178
1.103098154067993
1.461686849594116
1.917665958404541
1.417129993438721
5.45366382598877
3.720885038375854
1.562992095947266
6.269437074661255
1.215360879898071
1.583793878555298
6.444830894470215
1.288520097732544
1.023695945739746
1.153759956359863
1.201655149459839
7.549507141113281
1.349608182907104
1.943511009216309
0.8140120506286621
1.352216005325317
1.357028961181641
1.228576898574829
4.011502027511597
4.075802087783813
5.013788938522339
1.31867504119873
6.609202861785889
1.397506952285767
2.515933036804199
6.634886980056763
0.5024580955505371
1.709306955337524
1.669033050537109
1.193470001220703
2.873757123947144
1.156424045562744
4.697139024734497
0.6279611587524414
2.03723406791687
0.8527050018310547
7.817131042480469
0.7865309715270996
0.9334759712219238
1.310925006866455
1.222752094268799
0.9184370040893555
1.359173059463501
1.956508159637451
1.125735998153687
1.113557100296021
0.9246790409088135
4.455708026885986
1.202505826950073
1.115005016326904
1.326752901077271
1.467684030532837
1.35568904876709
3.041910886764526
1.695274829864502
0.8176729679107666
1.835918188095093
2.211051940917969
1.118252992630005
1.490487098693848
4.63837718963623
0.9656679630279541
0.830974817276001
0.6382510662078857
1.145937919616699
1.503693103790283
1.281053066253662
3.834110021591187
1.378919124603271
1.384328842163086
1.394472122192383
1.205496072769165
1.526854038238525
5.05215311050415
0.9795429706573486
2.885247945785522
0.6273229122161865
4.84920597076416
1.38435697555542
1.550158023834229
1.319339990615845
1.406960964202881
1.276015996932983
0.9031620025634766
0.6870269775390625
7.411885976791382
1.118304014205933
0.9448888301849365
0.6844708919525146
7.19597601890564
2.158306121826172
0.695930004119873
2.166465044021606
5.879096031188965
1.151180028915405
1.149416923522949
4.634995937347412
1.139356851577759
1.356956958770752
1.610105037689209
0.5633218288421631
2.009112119674683
1.500729084014893
1.040616035461426
7.112882852554321
1.42661714553833
1.678611993789673
1.347807168960571
3.036041975021362
1.139118909835815
1.194046020507812
2.345696926116943
1.230704069137573
1.352890014648438
5.162362098693848
1.187917947769165
3.45489501953125
1.288441896438599
1.436317920684814
1.219096899032593
1.734930992126465
7.244282960891724
1.088263034820557
4.402132987976074
1.200756072998047
5.551270961761475
2.756588935852051
1.101505994796753
2.118031024932861
1.590764999389648
1.492505788803101
1.476983070373535
6.80674409866333
1.245358943939209
2.368088960647583
1.925899028778076
1.568982124328613
0.9906620979309082
2.098464012145996
0.8626570701599121
1.788856983184814
1.08390998840332
2.574544906616211
5.571045160293579
1.778584957122803
3.297194957733154
0.6678030490875244
0.6593408584594727
1.513518095016479
1.333491086959839
1.365926027297974
0.880734920501709
2.364378929138184
1.412244081497192
6.163955926895142
1.162822961807251
1.125229120254517
0.7641279697418213
6.397851228713989
1.402956008911133
7.05528998374939
0.7101981639862061
1.723233938217163
1.104791879653931
1.469967126846313
0.8754429817199707
0.9058551788330078
0.7363500595092773
4.129207134246826
0.6912450790405273
1.228013038635254
1.290796995162964
0.9933898448944092
1.485994815826416
1.318006992340088
1.361255168914795
1.238245010375977
0.9422569274902344
1.349181175231934
3.144402027130127
3.007938146591187
1.812374114990234
1.844897985458374
0.7836179733276367
1.056792020797729
2.327885866165161
1.179220914840698
2.032969951629639
1.303705930709839
5.32092809677124
0.8455901145935059
3.899664163589478
1.080411911010742
1.581576824188232
1.498075008392334
0.7947111129760742
0.6335110664367676
1.68717098236084
1.145977020263672
1.350243091583252
1.805730104446411
1.369641065597534
1.244042158126831
3.452526092529297
5.477148056030273
0.9812018871307373
0.8602950572967529
0.8905820846557617
1.734952926635742
1.967919111251831
1.54871392250061
1.192052125930786
1.527230978012085
1.363454818725586
1.186868906021118
2.25239109992981
1.676949024200439
1.550570011138916
1.40079402923584
1.390744924545288
0.8708751201629639
1.450569152832031
1.070557832717896
4.497035026550293
3.783521890640259
0.7174389362335205
1.704703807830811
3.215762138366699
1.454454183578491
1.531264066696167
0.998075008392334
1.258894920349121
3.026363134384155
1.381116151809692
4.52286696434021
2.479485034942627
4.438750028610229
2.39738392829895
0.8381099700927734
6.840475082397461
5.667235136032104
0.5681469440460205
1.026041030883789
1.40926194190979
1.294176816940308
6.239046096801758
1.724681854248047
1.33596396446228
0.9416828155517578
0.9023830890655518
1.091469049453735
2.698229789733887
1.260166168212891
1.192768096923828
0.9765629768371582
3.809526920318604
1.303619146347046
2.496119022369385
3.723728895187378
1.992224931716919
1.287091970443726
4.801522016525269
1.000905990600586
0.9213979244232178
6.173195123672485
1.071404218673706
1.968334913253784
1.639345169067383
3.534727096557617
0.7873849868774414
4.487277984619141
1.259984016418457
1.051376104354858
0.9285881519317627
1.037861108779907
1.8764328956604
2.982134103775024
2.927073955535889
2.51093602180481
1.865916967391968
1.093881130218506
0.9663598537445068
0.9901301860809326
1.819247961044312
3.414065837860107
0.5242981910705566
1.419257164001465
1.468422889709473
1.032102108001709
0.8393549919128418
1.743614196777344
1.248491764068604
1.124614000320435
1.200496912002563
1.870630979537964
2.051419019699097
1.803054094314575
1.64667010307312
2.346771955490112
0.9658520221710205
3.377593040466309
1.233743190765381
1.249430894851685
0.9668529033660889
2.397774934768677
1.616206884384155
1.728234052658081
1.194684982299805
3.675585985183716
5.092301845550537
1.193118095397949
1.147275924682617
2.745733976364136
2.987639904022217
4.713238954544067
1.251961231231689
1.763406038284302
1.662675857543945
1.434149980545044
0.9991610050201416
1.630153894424438
1.093512058258057
1.459042072296143
3.573464870452881
2.614045858383179
3.528301000595093
4.114508867263794
1.311051845550537
3.716154098510742
0.8232619762420654
1.301204919815063
1.135915040969849
1.256687164306641
1.348861932754517
1.454661130905151
3.854336977005005
1.302847862243652
5.415215015411377
1.040369033813477
1.56727409362793
1.297247886657715
1.343048095703125
1.295342922210693
0.8816258907318115
0.9960119724273682
1.255940198898315
0.7911410331726074
1.501816987991333
3.525470018386841
1.78179407119751
1.093321084976196
2.565109968185425
1.507402896881104
1.550421953201294
1.354773998260498
1.690536975860596
1.103880882263184
1.590795993804932
1.238867998123169
2.46171498298645
1.304459810256958
1.385723114013672
2.681071043014526
1.371785879135132
3.42367696762085
4.032298803329468
0.8306708335876465
3.563438892364502
3.532151937484741
3.728457927703857
0.5620658397674561
0.4067418575286865
1.014492988586426
1.18852686882019
1.299603939056396
1.840094089508057
1.384021997451782
3.280245780944824
1.645271062850952
2.185492992401123
1.666316986083984
2.827862024307251
1.167319059371948
2.24457311630249
1.213422060012817
1.891595840454102
0.3726799488067627
1.153542995452881
0.7063989639282227
1.043653964996338
1.170519113540649
2.856287002563477
4.343491077423096
3.862004041671753
4.855118989944458
2.803675889968872
1.973498821258545
0.9784610271453857
2.937519073486328
2.534886121749878
1.316231966018677
0.7450909614562988
1.342111110687256
1.41261100769043
3.685921907424927
0.6803898811340332
6.39400577545166
1.053899049758911
3.02055811882019
0.8321371078491211
3.953127145767212
0.8197867870330811
3.046159029006958
4.14345383644104
1.623615026473999
0.4850008487701416
1.323729991912842
1.823863983154297
3.37359094619751
1.143692016601562
1.960232019424438
0.9544801712036133
7.034298896789551
1.174316883087158
1.925106048583984
2.716932058334351
2.696898937225342
5.812670946121216
4.76063084602356
8.003070116043091
1.644958019256592
0.7464971542358398
1.428408145904541
1.53749418258667
1.110400915145874
4.789098978042603
2.60175085067749
1.242470026016235
0.7929768562316895
3.705744981765747
0.7925140857696533
1.267728805541992
0.7221860885620117
2.314683198928833
1.066351890563965
0.6850559711456299
1.204376935958862
2.671913862228394
1.484706163406372
1.032406091690063
1.159531116485596
0.4256720542907715
1.233274936676025
4.973390102386475
2.341913223266602
1.430929899215698
0.7971689701080322
1.788964033126831
1.196166038513184
0.9053800106048584
1.532792091369629
6.63666296005249
2.053966045379639
1.300815105438232
0.9302361011505127
