2.081027059999999
2.356032824999998
2.247829030999999
2.200604784000003
2.585900326000008
2.634996266999998
2.090727658
2.038140826999992
2.796509252
1.955169319999989
1.708193967000007
3.123977599999996
3.425799427000008
3.650770703999992
2.994940175000039
2.994305133000012
2.503143070999982
2.860969788999995
2.190156340000001
2.660837849999979
3.595425831999975
3.100370563999988
2.24986977799999
1.808099978999991
2.201232648000016
3.128833583999977
2.758283021999972
2.303822002000004
1.742111603000012
1.773286098999989
3.07074529199997
2.169620440000045
2.585005102999986
0.882517877999959
2.79425733399998
2.649399362999986
2.815340152999994
3.13343118200001
2.206199920999978
1.611914119000005
2.154923077999996
2.401513076000072
2.723969547000024
2.294057527000064
2.172323509999956
3.054741256999961
4.188302243999999
2.68249933300001
3.462137495999997
3.258792286000187
2.250641718000168
2.727678555000068
2.642172725000023
2.616115099000069
0.9933365520000734
2.89113629000002
2.205021613000099
1.817748747999985
2.488158918000067
2.33667606299997
2.17143229800007
3.103344201000027
2.084214925000026
2.456385532999889
2.092238386999895
2.243846213000097
3.824792500000058
2.253056249999872
3.474287510000011
1.388647807000041
3.135821246000091
1.455256771999871
2.541510605999918
2.123689573999968
2.624564971000041
1.596136785999988
2.84232326099999
3.538496324000107
1.868787844999986
2.389548498999943
4.839052451999862
5.347675131999949
6.54082673500011
5.251528050999923
5.305242042999907
5.021933187000002
3.907422850999978
5.605727478000063
5.108055786999898
4.141231041000083
3.53955140000005
4.884130032999934
4.77553722000016
4.335796149999965
4.761017728000184
5.007915559000139
4.896780847000173
3.956063347000168
4.401366567999958
3.246228334
5.402239660999998
6.035495584000001
4.477773167
5.658969657999997
6.593626966999999
4.86673544200001
4.377483411999989
4.135984451999974
5.78131558299998
5.604712133000007
5.732114627000001
5.416838757999969
4.833370202999987
5.64922885899999
4.748056284000015
6.595829446999943
5.127275000999987
5.050328700999955
4.222634548000002
6.943257625000058
5.448352403000001
3.219192036000038
5.560690935000082
6.366371340000015
5.255807327000014
5.292724657999969
6.515313173000038
4.988059859000003
4.703338750999961
3.725980187000062
4.946347514999957
4.754553131999955
5.253044709999983
3.58339615400007
4.810120239999947
5.643578321000177
5.599003310000001
4.424103719999891
6.518805105000013
3.778361746999963
5.307742484000016
5.44314049500008
3.048862354999869
5.949121495999918
3.799603805999823
5.848381371999835
3.650477675999923
2.783658650000064
4.852261307999925
5.185453473999985
5.135014443999921
1.950822576000007
2.455074049000018
2.600965717999998
4.879825204000099
4.402809965000017
4.407768311000098
3.211146239000129
3.655532595999944
5.056183840000017
5.380364818999965
1.691684275000057
5.425313028999994
5.468262874000061
5.982823612000288
2.9679443980001
6.53119806299992
4.497359008999751
4.749327877999804
4.582711886999959
6.074269400000162
4.942070923000074
4.50161894900009
6.124445400999662
3.46217726000009
5.523563021999848
5.358463745000108
6.516230570999824
3.065444848999846
6.438351770000054
5.817056226999739
6.968700902999785
5.794499188999907
5.658260025000004
4.594437476999815
7.364898926999899
8.9889482399999
4.914162819999774
6.718937867000022
3.94238889099995
6.920483329000035
4.531627348999791
5.699886058999823
3.614986858000066
7.100594774999877
6.423554110000055
5.460828693999815
3.702690770000345
4.341751491
6.480068958999997
6.221645003999999
7.239928543000001
5.011950470000002
7.106614911000001
9.307863204999997
8.693410647000007
5.623175294999982
6.853990887000002
8.421976146999981
7.602986692000002
6.996053203000031
5.158199669999931
9.783717265999996
6.93402531000001
7.199863313000037
7.819514693999963
6.79428272299991
7.07437033299999
4.950202523000002
4.650695266000014
7.788072777000053
7.827123145000144
7.60059927500015
7.496680115000004
7.983295778999945
10.571180771
6.648406401999978
6.367262477000054
10.31438679799993
9.397423147999859
9.621110831999943
7.271592166999994
7.721550878999892
8.10047568799996
8.155591404999939
7.459330191999925
6.254692380000051
10.24573209599998
5.251492359000167
7.881371806000004
8.236593673000073
6.485986648000107
8.379483177999987
8.630119294999986
4.783797789999767
8.183474266000303
8.327901846999907
7.11367117799989
6.249654739999869
9.985798350999971
7.030910628000015
5.298920058000022
10.30624327499993
11.29521070600026
5.244499036000093
6.898275239999975
7.905331729999943
6.854132799999888
8.177130500000089
6.923683560000086
9.35011299100006
8.098399060000133
7.655866448999859
5.779540030000021
6.809268358000281
6.876303868000264
7.350668387000269
10.18481207900015
9.493059700000117
5.603966514999911
4.688023517000147
9.37032059600017
5.337010228999929
7.576612497000042
7.32693859099993
6.30783755199991
6.251808456999811
1.282322265999937
8.444365224000194
6.734932726000352
8.279723889000024
7.330319032000034
5.640220922000026
8.430379107999897
7.040226820000044
5.693942300000344
4.711859306999713
8.492518297999595
7.518194531999598
2.980548316000068
7.345674809999991
8.885282179000114
4.075973959000066
4.756623540999954
9.603096029999733
6.755664958000125
9.407477830000062
2.565113274000001
8.975885755999997
6.202572819000004
5.246633612999979
5.323604102000019
5.062386253000003
3.140320818999996
1.638513732999968
6.186169439000025
3.444114822000003
5.184057642000013
4.446490792000006
4.422736575000002
5.846855119999965
6.687752867000029
5.077416286000016
5.094177142999968
4.100592215999995
7.96951143900003
4.901902844000006
8.380701567999978
4.969758372999962
9.652462645999918
6.136790128000001
5.756132804000003
5.44662763000008
5.358121571000027
7.353900108000175
6.998794621000002
5.670358702000044
8.704394427000011
6.689470669000002
6.321796912999957
7.155746899999997
10.242911908
7.034846503999916
7.581899415000123
5.446960374999946
5.632292486999972
4.515682975000004
6.266121386000009
6.251121657000056
7.620065388000057
6.825953655999911
5.344705329999954
9.05594888100012
7.094691737000005
5.654988485000047
6.544370125
6.486146608000126
6.167078253999875
8.307860432999973
4.568553721999933
6.678453734999948
6.795311472000208
6.403789179000228
9.935432614000092
6.389970455999901
7.843504117999942
7.130751960999646
6.844825158000276
6.197231691999946
5.168063363000101
3.148351698000056
6.53833817799989
7.302313286000071
7.459739799999966
6.317108506000068
8.345280401999958
6.746459874000152
8.044914790000007
6.844944830999793
5.657064106000234
5.290239257999929
6.546512122999843
8.682044097999892
5.433682284999918
7.872040491000007
6.860175645999789
6.591763067999864
6.988549734999822
6.036384163999969
7.602637939000033
7.009324664999895
6.842114558000048
7.300955485999907
6.453114359000097
6.678228807000096
5.701723721000008
6.821710452999923
6.621101476999911
8.828682101999789
7.056881896000164
2.762858695999739
8.401225265000448
7.81638578299976
7.758930900000223
5.372613972999943
4.386066407999579
6.014314278000001
10.50939844900001
12.505507102
7.776189024999994
9.857003484999971
10.12227549499998
10.84796586300001
12.63988385599998
11.88659628700003
10.3753270680001
12.70246984299996
9.930088921999982
9.810199468000008
18.23147632900003
11.88280688900002
16.93267423400007
11.51197462300001
12.56698998500013
15.81990697299989
11.44907491699996
12.422980145
13.99999481199995
11.65208868500008
14.01663505499994
9.503184537000038
10.51699718200013
17.58790893699995
12.1541566250001
11.721085544
10.37323489800019
8.31315967799992
8.535490109999841
7.731832488000236
10.36510000800013
10.02338552200013
12.06484496300004
10.67058581599986
11.52207836499974
9.790376864999871
10.33215977500004
9.218733837000173
21.32469121899999
11.17330849399991
11.43093230700003
11.77130769299987
8.494070190000116
7.823273103000133
12.76491737700007
9.85054668500004
10.07612118799989
13.284032271
11.28375252499995
9.575875657999859
9.649036952000188
12.25214546600023
14.15845793400024
10.49636086700013
8.360358990000123
10.27573690000008
12.00018556200007
9.481454103999795
12.87008894700034
7.215776686000027
11.46346178500016
11.63260936499978
10.9918360290003
9.06404740500011
15.19409965599971
10.42114796600004
9.760007216999611
11.46860182400019
8.393083163000028
11.32061789899967
8.034569132000115
12.90381619499976
10.53957887000001
6.619456193000588
13.51837565399978
8.957330793999972
8.9190258120002
8.169285151000622
9.565494214999717
11.47010562200012
9.984714355999813
10.16533090999974
9.442025776999571
4.212995563000277
7.859574622999844
11.53296308099993
12.13924297300059
10.91084304900005
11.90958933499974
11.08484063200058
10.37278641199964
12.54799126000034
10.23307079799974
11.04071139699954
10.07054848200028
10.9532782250003
45.47964727599999
47.23938127800002
61.06292236499992
65.03397885999993
44.93206247699999
54.08531207700003
66.16471832299976
51.08255059599992
54.45784568399984
50.09362221200001
49.13076387800038
45.79196651299958
56.30574796200017
48.22285398000008
47.3585514260003
39.38684662300011
43.24431536900033
40.3313705220005
65.11726588099987
51.29652062199966
56.27937676399961
60.8883081970007
47.64418801500005
58.28445775199998
47.15368043499893
60.00922135199926
53.97441017999836
44.41437272399935
52.27275032899934
52.09510680699896
56.64117933099988
47.63658429600127
41.88589281099939
53.50815914000077
46.780453588
58.63464122300002
54.00550077299931
74.31469996099986
48.49938744600149
61.17870413499986
54.00962843900106
57.22446493999996
57.80936379200011
54.56296313300027
62.10925470500115
48.17793046799852
51.98628113199993
65.6927436119995
57.93635803699999
59.10543206199964
56.9876335529998
64.82984671399936
64.67349337599899
51.78193666799871
43.97210405899841
49.54043704699961
57.41755800100145
53.08469075499852
41.54011582600015
52.95081949100131
49.37315745899923
50.48570934800136
50.36506830399958
55.97692922200167
41.65948296199986
53.59026029799861
59.01970548299869
48.89837938599976
53.71640551199926
64.63666775099864
46.32449364300101
49.94654009600163
44.88701753499845
63.95965427099964
51.29225646900068
51.61571827100033
50.65051941099864
53.68725219399812
42.1084793709997
45.8388991590009
51.21169646699855
51.44211787699896
56.82427433200064
58.65126117600084
48.55502738199721
52.56820853199679
54.97543039499942
61.20478901199749
47.16482596099922
52.93933027400089
48.32945267200012
48.24530490299912
52.20586242299942
40.31562683299671
45.72856336800214
43.59279622800204
46.14868825399935
38.23061008299555
33.98435121199873
50.36112775599999
81.25021392400001
52.18737970700002
73.30595926999999
67.54088632899993
60.53934868099998
80.89859083700003
46.554978398
73.24742830300033
67.54745938700034
69.2387178069996
69.22320483800013
84.3051504959999
64.9154307660001
62.27979256000071
57.53441430899909
78.53685398900006
70.22370655899931
69.6157268109996
68.6207861339999
72.842153392
76.22925503500028
64.69516776500041
79.80275388300061
84.56755916500015
80.91524443900016
65.06296369100073
73.2463258140001
68.00005617299985
56.95570304399985
74.08210789700024
61.09233530500114
53.29474473000028
70.39312847200108
59.61552742800086
66.73927788599849
74.03770130800149
75.12271737300034
