2.599952168
2.646253785999999
3.733594317000001
3.650315808999999
2.264507150999997
1.978041241
5.387152570999998
3.978592957000004
2.143026378999998
3.651285674
2.00314685
2.705439301000006
2.620376954000001
2.698842198999998
2.210489659999993
1.778115958000001
4.220587448999993
2.69421225699999
2.788355035000009
2.82963393899999
2.598800278999988
3.718220694999999
2.646105183000003
2.494618947999996
3.706682151999999
1.970337313000002
2.09375673800001
2.597056174000002
3.236747863999994
3.21088753799998
2.651793182000006
4.363253756999995
4.222061228999991
3.964661885999988
3.337758611999988
2.752527732000004
3.034744377999999
4.325429756000005
2.612132725999999
2.646216457999998
4.912471462000013
3.295046894999984
3.145243132000019
3.021006207999989
2.967281291999996
2.732388471000007
3.55042514500002
2.579674452000006
3.481317751999995
3.829857487999988
2.035422122999989
4.299301641
2.336311765999994
2.857393588000036
4.698177846000021
3.699869733000014
3.209790135999981
3.341771386000005
3.175609692000023
4.610900343000026
3.223321457999987
3.410505788999956
3.35609331500001
5.037647619999973
3.265633613000034
3.548272109999971
2.984402391999993
4.773207342999967
3.146461365999983
5.949797021999984
4.006039874999999
3.754962963000025
3.185752567000009
2.744446677000042
2.70212841099999
3.193261999000015
4.453498681999974
3.407123076000005
2.910378438999999
3.046153979999985
2.574621417999992
2.854015236999999
4.105161891000023
2.931669435999993
1.174557809000021
2.630938735000029
3.274903393999978
2.863930521000043
1.690221659999963
2.815280550000011
4.030777851999972
2.280135045999998
2.696359478000034
3.872839598999974
3.691426745000001
3.161846249999996
2.332943194999984
3.019462250000004
2.044167432999984
3.53151032
4.591688429
3.951788575
3.193962189000001
3.330062878
2.641945097000001
2.849204618999998
2.896983201000005
3.601520575999999
3.913445398
4.804952970000002
2.880076226999996
2.816282322000006
4.272523534000001
2.938747430999996
3.324110834999999
2.844650075000004
3.37981391400001
4.604445021999993
4.014842653999992
3.57780683
3.689350598000004
3.479984009999995
3.039899802000008
3.249527710999999
4.286977354000001
3.92028741099999
3.868070572000022
3.379488451000014
3.144392100999994
3.879672027999987
2.882009532000012
3.177584639999992
3.677116361999992
3.200146235999995
2.978287948999991
3.012667184999998
3.711965751999998
4.591497148000002
3.441966764
3.578653156999991
5.694644046999997
3.235613743000016
3.059970574000005
3.467955269999976
5.052088275000017
3.745592350999999
3.565925902999993
2.793297709000001
5.609469302000008
3.190916955000006
3.230080103000006
3.956103644999985
2.755847194000012
3.765729128999965
4.738152357999979
3.282381090999991
2.657852376999983
3.553828070000009
4.07835154899999
3.877797729999998
4.338931224000021
4.663490281999998
3.852505323000003
4.194127634999973
4.136405097999955
5.517074577000017
4.251347223999971
4.572388075999982
4.028967368999986
4.748673072000031
4.468850745999987
4.153738207999993
4.302824143999999
3.087341506999962
5.836751698
4.578923830999997
3.338816231999999
3.345486601000005
4.409097314000007
3.907887020000032
3.954175980999992
5.200354293000032
2.941011278000019
3.387530584000046
3.082027299999993
4.902238915999988
3.97467487900002
4.215073760000053
3.621596538000006
3.830000060000032
3.11538403000003
4.796241782000038
4.626088506000031
3.698667403000002
0.1755138519999946
5.466024148000031
4.032793197000046
3.792084953999961
4.895148423
3.878238968
3.927360441999999
4.858320307000001
4.098521151
3.430826395
3.463027036
4.825422162999999
2.842471240999998
4.598987026000003
4.735351489000003
4.280225569000002
3.08322609999999
3.365311261000002
3.170679618999998
5.024482844999994
3.609371331999995
3.483126299999995
4.639825879999989
3.643210929999995
5.488170676999999
4.295928654999997
3.668574118999999
3.010383681999997
2.245811172999993
4.206749059999993
3.545814103999987
4.640522814000008
1.910503367999979
3.777982207999997
3.534976264000022
3.513468420999999
3.208388551999974
4.025914458000017
2.934174607999978
5.459398693999987
2.469105431000003
3.992919524000001
3.804124327000011
4.860844915000001
4.556709920999992
3.694351043000012
4.523225627999977
3.407845270999985
3.836806222000007
3.605216444999996
6.213172624000038
4.378215307999994
5.374782442000026
6.088147881999987
4.487946464000004
4.862801588000025
4.81139900200003
4.713408337000033
3.278898389999995
4.348943623999958
3.777790090999986
5.668908481000017
2.926661396000043
6.36018204100003
4.827394305999974
3.167147505999992
2.812210506999975
2.592418097000007
3.248193750000041
5.151586307000002
3.229018922999956
3.265689355999996
4.620638153000016
3.462198088999969
2.627426838000019
3.293848619000016
3.594962094000039
2.859990425000035
2.404448986000034
5.350979406000022
4.031996343999992
4.352909522000004
3.140210703000037
5.57171383900004
3.883049612999969
4.075900582000031
5.111044910999965
4.370095529000025
4.91982628400001
3.52071005099998
4.879622869000002
6.541656670999998
5.098496057000034
3.50202903600001
4.538953522999975
4.600025608999999
4.116964734000021
3.390857387999972
3.845865940000067
5.039525841
3.8896932749999
4.799399283000071
3.04880318000005
11.172148566
9.568529714
9.63768022
9.084415258
9.730020179
8.423528341000001
11.976177937
6.881082077999991
8.774051344
10.725291731
10.64744073199999
9.960075457000016
9.77312307599999
14.031551611
11.60692283099999
11.931995849
14.96570124599998
15.13874107700002
12.47410849100001
14.02546174700001
13.031436348
10.77167580400004
10.41953054100003
5.173992409999983
10.23403087100002
8.735133624000014
10.31971626799998
10.08481252300004
15.18061931300002
11.13030323699996
12.64982256500002
16.15352652399997
12.73781047599999
12.21554351399999
15.55566363600002
12.10980230500002
14.11816940399996
17.91387822400009
15.30313410399992
10.818987956
14.56295940300004
14.58407943899999
13.59854374399993
16.28791439700001
17.77720459300008
14.06855809900003
16.18292931199994
21.27035123899998
13.52970516000005
17.15885778799998
25.30006404799997
14.71867412100005
12.71512643100004
18.90995911900006
20.42321911900001
9.464148259000012
10.60141751799995
12.90254786800006
16.372961046
12.67487738600005
11.02259645499998
14.509465793
23.06769867499997
15.15763219900009
11.74801065300005
16.47072254
28.31961232699996
11.50424499099995
10.47640858800014
17.31938761700007
13.84895682899992
18.53169662099981
12.976578131
14.31194972399999
21.70584555300002
10.085611771
12.05043151299992
15.11095444599982
18.77701445800017
10.942285932
16.07841448500017
14.26870389499982
14.13896474699982
18.65568795100012
16.93800151400001
13.52721380599996
15.03907199900004
18.78862132299992
10.77801393200002
10.15507604700019
16.09079872500001
19.57264154100017
12.53525393400014
14.21747214400011
19.3304054419998
16.49840613200013
11.45717384599993
12.38957623700003
19.43228412999997
13.294675617
15.200900162
17.412275123
18.12537744500001
18.809513643
17.376817874
16.488239177
18.36475766799998
18.00045975799998
16.72701214899999
16.085343349
16.50382081699999
10.75692949800001
14.89738878799997
16.62728834400002
16.74319344899999
15.23793837199997
12.98621291199998
23.84966260800002
18.83365670000001
14.80003139199999
20.0036364
13.15370125499999
18.01658251200001
14.68101808199998
12.967848205
41.289708873
22.70176418899996
13.70347572800006
14.798831081
11.72991369900001
18.05774299400002
19.28747314299994
19.51976629799992
7.890288042999941
15.28613038599997
18.48295686400002
17.05172552300007
17.37088303899998
16.2958559839999
21.02930443000002
19.43629927299992
19.206320151
21.12403919899998
18.66322495899999
20.272471075
22.60665763899999
14.62352743300016
24.49496579300012
17.33507204400007
19.72294769200016
21.93220303400017
20.0441993070001
27.6903188440001
19.04881934699984
23.05216913300001
17.69063115100016
23.64834972099993
18.42099846499991
29.42094341200004
18.1680762970002
23.50655392899989
21.82437631399989
21.30923025600009
24.14068133499995
19.332017081
27.4022804199999
22.89062411099985
18.97744120600009
19.59130158900007
16.72899686000005
24.05444790299998
16.45785581299992
23.627646035
16.305214858
26.63029942100002
18.52961428399999
28.9523103219999
35.40723647800019
33.669966531
26.49165949300004
27.02133200299977
23.57009855500019
26.62664684999982
19.23100507900017
18.96397352000031
21.58967372400002
20.61562864100006
18.41249904399956
28.87058622300037
19.54977393099989
25.98268872800008
17.07281821599963
23.16239130399981
21.54389219400036
21.56055687400021
30.10730830700004
23.4571303140001
7.24158618599995
18.799334597
22.750822851
28.170790813
28.464009308
24.24085781599999
25.06980598299998
28.706458355
25.96406849100001
24.55618588900001
21.04918678400003
27.47629178100004
27.55222685799998
27.63425065299998
27.96781082199999
28.28418866999999
27.521880968
28.86685345699993
27.29914020400008
22.82200344
27.39992828799996
30.08726088200001
25.21910554499993
29.52325548299996
28.03325565900002
29.42824164500007
26.03762176299995
23.52061044200002
15.28306093600008
21.92146273399999
24.79324154400001
29.60105789799991
28.14656502000003
25.1664911580001
29.44454349000011
29.63276638800016
26.64927166000007
25.544792057
30.08557942700008
33.17711533599982
33.73381382900016
28.40007634199992
24.8860189720001
33.46369459000016
31.79108119800003
29.54065088099992
23.67276947000005
25.65685704199996
27.32739630900005
26.82666980999988
29.88318164900011
28.60640272699993
23.05235850300005
28.69936595000013
31.69770657499998
31.55769231999989
31.86505865399999
23.54048714500004
32.28896740599976
23.30612087600002
27.33141287699982
29.49755458200025
30.42775600000004
29.51063287499983
35.02388138699962
32.59076312200023
29.30054891899999
30.80198801300003
24.45218151900008
33.81731228200033
31.25071297800014
23.40009512099959
36.30247718800001
25.70309079800018
29.35036326699992
30.48416542399991
23.72662791199991
32.80530681799974
29.00563806699984
32.46973388799961
24.56762898099987
34.19569276999982
33.77589806700007
24.57736104399964
42.22213183999975
30.352253088
25.47975580899993
38.9306904189998
27.55319099999997
36.52604115899976
25.40635871199993
26.17964573900008
27.88595981100025
33.92278021199991
28.31192424300025
36.8587179860001
27.39768266999999
32.47562457399999
29.80264117200022
33.42606561899993
35.012842904
44.66206562
44.21440036999999
42.585769086
31.47969433
36.71238202000001
29.389998112
29.35180288499998
43.46299097899998
41.46442292400002
37.13870465899998
38.65994292699997
41.89552113299999
37.51226272100007
39.60825306300001
39.926997175
33.53509768100002
37.78014437999991
37.89337907699996
40.20052548199999
40.23329478200003
32.79391784999984
36.98868411399985
36.789290446
42.80795481600012
41.48543779800002
43.99455265799998
35.3584259119998
36.68543290599996
36.71282062399996
36.84043836199999
39.4675536929999
38.71723600900009
32.957762344
29.54749762400002
23.34607172300002
31.47478158999979
40.69451413000002
33.82576524599995
33.54251184000009
33.30757115899996
30.72957119400007
39.51858097700006
35.02987609199999
28.92412728199997
33.57560557099987
33.36733538099998
36.40622357699976
36.32392694100008
32.39486671199984
34.09884721499975
33.11264115799986
26.78489646299977
39.89112346500042
31.16484851800033
37.10362828300003
40.64390066599981
38.97041952200016
37.88688086999991
37.95692839999992
37.42244128500033
37.76861506900013
36.96973035399969
35.89612364799996
37.32002088399986
36.36216581600002
27.21740714000043
36.91454886600013
32.79698028099983
35.39506751399995
31.49190523400011
37.51655561200005
36.46029208899972
32.68411285399998
33.31177078699966
29.4369828140002
25.56242942999961
33.51226787799988
38.6922808559998
40.57773342300015
40.57705290800004
43.09126807599978
44.12655791399993
42.84876970699997
37.62831665900012
35.050833582
30.02597252400028
28.22513504800008
26.70612170200002
38.60543598299955
33.44062438400033
38.11864605699975
42.06992860900027
48.73502521299997
37.8597167049993
45.80819789900033
41.45474564599954
43.79499448799925
44.15351843799999
31.974997201
41.46528892600001
36.87621120099999
41.250687325
47.21723801299999
47.73777954299999
39.85504251899999
45.86448753099995
45.241361649
38.32773687899999
42.05679887700001
46.22159841399991
44.44320302699998
40.94049737199998
34.253892974
40.54850046399997
41.48538016800001
41.55140077800002
44.19286469199994
45.44545994100008
41.34585494900011
38.03932634300008
30.96160347199998
40.8308745490001
38.24505468400002
38.10647564300007
31.83698914299998
30.26318591400013
37.23855535600001
35.70660760500004
33.65994668800022
41.35216421700011
34.77086498600011
36.57420357000001
42.00408292199995
36.65054794100001
42.21104550900009
42.63639672900013
43.03924475299982
45.1091130100001
39.66378163599984
28.53927437999982
41.21721785700038
41.66769468699977
39.05805666200013
31.80871956300007
36.37347741000031
46.42203064700016
45.23723899100014
43.48619728499989
30.03563067999994
40.76490199
39.12280444099997
45.28534529600029
38.98535260200015
48.00665882699968
43.64760211700013
40.70782727300002
38.50642101499989
44.0674830920002
38.84738380499994
33.09249254499991
31.48582530999965
35.91520315199978
44.08877127400001
41.99997896200011
37.88986978499997
30.37405007799998
41.75335517699978
42.94514562099994
39.02995415199985
32.78172666
35.12946322800008
38.33357480199993
29.72655890399983
35.34032038100031
30.69294407400002
34.80847272799974
41.32628374600017
39.43525160699983
37.60363628999949
37.75645386900032
43.44329991199993
43.99269408000055
40.32414241200058
35.91278509699987
38.37768730000062
36.7441779589999
37.34055857800013
40.93537464499968
31.73256748700078
38.08280103400011
34.57513619400015
37.37618562399985
27.00289757799965
40.52762773100039
33.39993612400031
37.20343532100014
36.5085413529996
37.447994214
42.476613418
39.867149551
34.498758546
41.38533420100001
1.784251317999974
30.39844264699997
32.549790374
36.31301177
29.569854496
27.13723411900003
30.72488458099997
40.22934544600002
44.791201366
37.21717117200001
39.18184453999993
37.08077350600001
36.95910169000001
38.03889125699993
41.08074129599993
37.46582993300012
39.42316015599999
39.71696977500005
29.04701458399995
36.73095513499993
38.38970619099996
37.51584998599992
35.07640279700013
44.2280308469999
36.31883518399991
40.49697905900007
42.35858380100012
39.00602775899983
45.28746503499997
40.19951297499983
40.03401362499994
43.94872939800007
36.73886498999991
38.36317621400008
43.01783626600013
36.34498387899998
38.42286243400031
33.88726686700011
35.18119153099997
40.55076113299992
40.22302901300009
38.51052836500003
37.48728613999992
45.07868283900007
39.15625171500005
42.53363120699987
40.79573659499965
38.93063835600014
39.43755691099977
37.86039569700006
40.8812307799999
43.84749772899977
46.42983453700026
50.61960135499976
42.37522684299984
35.48483267499978
38.70782641200003
40.79484241499995
40.66238601300029
33.35712085900013
45.51580383700002
39.82685849300015
38.42529563900007
40.03232427400008
36.24993898000002
43.84162342800028
42.69140852600003
1.963942688000316
39.97709345800013
33.36405366999998
42.42498731000023
33.94205050100027
35.29086254200001
31.74399271599987
37.59605879500032
40.14119792900055
42.46154372199999
40.88522550000016
38.76818220900077
40.24628084800042
45.93676571499964
37.59942202000002
44.11570704499991
36.8481773200001
38.20289883700025
47.45445948599991
34.25784193700019
37.60415620599997
35.70263372200043
40.37136308300069
38.28301947399996
37.34416834599961
34.59195702600027
40.90609259600024
36.625174783
34.28380178899999
35.169492875
40.87951659000001
44.48992715700001
43.61323120000003
38.42999503100003
36.27148466
33.07785833000003
45.891088443
37.38401681999994
38.90992910800003
33.96178341200005
32.79559744099993
32.53738769300003
42.53607977399997
37.50790277700003
34.54716808400008
43.29903993100004
50.52484913399996
30.4120165889999
27.61046274399996
39.4290131570001
40.2709131260001
29.57084432399984
26.21653706399979
29.73208664399999
47.77685924599996
39.38803083599987
34.72757069600016
40.2618370990001
41.83131122399982
35.80746295499989
37.55078111500006
32.80932560199994
34.66112394400011
34.683562123
30.05449994699984
30.34256764099996
36.95628057099998
36.26175174299988
35.95582059399999
37.91805974699992
38.63367881699969
35.63395555499983
34.13604218
36.95997594699975
29.65319603699982
36.92788452000013
40.48656188099994
40.38562550100005
42.287412356
35.04681123099999
33.94091982500004
35.66094135399999
39.93684734599992
42.55747973999996
43.18256657199981
33.68523118299981
40.80863174300021
33.63076287500007
39.89391539500002
35.34534688199983
41.7448430190002
42.79522155599989
42.31803202600031
34.46003339500021
36.32039656100005
36.52762830799975
54.86036896999985
41.18508964700004
42.20399880200011
36.499103182
33.49046976699992
31.83923748400002
42.66350471300029
31.99609599400037
37.66191964100017
41.921072009
5.911587990000044
34.16913290800039
33.40641073799998
36.52875745499978
37.10258927500035
38.14947095400021
3.015776119999828
36.76215130800028
41.39640026300003
37.16231394799979
42.17226492899954
39.36805239200021
39.62940581900057
42.70611702800034
40.54835825000009
43.94905879999988
41.62165196800015
34.76472934500089
41.84243675300058
40.28429124499962
33.439698937
37.15662381999999
39.89788223800001
42.983947438
36.45302985399999
32.186166603
35.00842303600001
35.45930414400004
32.64759303700004
41.23890593300001
49.12074089800001
40.528635818
42.43251166599998
39.814816146
41.36802486099998
43.78012442500005
34.8995914809999
34.74182008399998
35.61923751799998
36.30215470500002
31.64648599499992
31.31050834400003
47.027825312
38.89681135799992
38.71390807500006
31.11331064599995
41.76367343700008
41.35065922999979
36.33577617500009
38.85213907299999
35.19504512699996
34.68141015900005
33.11777524100012
38.19817703500007
6.464394533000132
36.63577049500009
36.87677350000013
38.00685085100008
35.38283983800011
37.16512630600005
33.83645475899993
32.2724924449999
40.16776796199974
36.52039829800015
32.43368935699982
32.62910666400012
40.82860749600013
40.36911001699991
35.39333316400007
39.42990249600007
32.41932473899988
36.81330965200004
30.80433942599984
44.15903027200011
38.6554651030001
34.63484292500016
40.48825634700006
37.56458046399985
34.22379619399999
42.44400753900027
38.60192472500012
39.23877793299971
31.70827597300013
39.82994462900024
34.02224803600029
39.32060890100001
41.75965508600029
35.79690408799979
37.06197840499999
44.44162642099991
33.25263500999972
32.0226839410002
39.44057033799982
35.56364914200003
37.08758963499986
2.093564892999893
43.06139175899989
33.42427491499984
43.39733053400005
41.63933912599987
31.10674988899973
38.34055919500042
38.59678502800034
42.57385156800046
44.33133685899975
42.9727828289997
41.11299822000001
38.9337202960005
48.86645535699972
40.83151817199996
37.99108619700019
41.14380261799943
46.70292283400067
48.27688831999967
42.30246104899925
34.73120953299986
30.22211582
34.06336373199974
36.66772181299984
6.672333802
5.194962718000001
6.676624690000001
5.178635741000001
7.034686583999999
5.228825778000001
6.586354255000003
5.824984391000001
7.042189753000002
10.274767228
8.160380942999993
7.368586522000001
5.170297958000006
5.617388273999993
7.746220391999998
6.513333849999981
6.053974657999987
6.800649205999974
10.04045195900002
7.083393991999998
5.959603738999988
6.767249641000006
7.331963752000007
6.702051221999994
7.083516816000014
6.253037472000017
6.946197447000003
6.11181363
8.268127005999986
4.894005914000019
4.513983787000029
4.761118087
3.510892507000051
4.521065429999965
6.591866050999954
9.473591553999995
6.741115253000032
6.301588324999955
6.269528906000005
6.293468007000001
9.254745365000019
7.351603502000046
6.916864621999991
7.303799701000003
4.632629798000039
6.131225891999975
7.029197106999959
4.496819290000019
7.509659439000018
6.536249234000024
8.742998738999972
5.854775658999984
6.389117849000002
4.469173178999995
7.243979564999961
7.345860479000009
5.699759610000001
5.986130515000013
6.427463889000023
7.921889048999901
6.167113430999962
6.658093581000003
6.189533630000028
5.878786970999954
6.878446252999993
5.753537920999975
7.610147801000039
5.991989482000008
5.612107784999921
9.520028255000057
6.760725459000014
5.935204058000068
5.75415413099995
8.932400526000038
7.335217264999983
6.378681709000034
7.729166766000048
11.15633346900006
7.31366419699998
7.583211097999992
6.735487820000003
9.46893985600002
5.268970539000065
7.484832790000041
7.324554993999982
8.771696912000039
7.397097139000039
7.607640348000018
5.345857565000074
9.413063822000026
5.92653701200004
5.999489868000069
5.743145842999979
4.986520538000036
6.236575664999918
3.892695505999995
6.189725630999988
5.818693052000071
9.948101644999952
9.426670121999999
4.520083612000001
6.698255509999999
11.990423014
9.946660405999999
10.299770765
9.500917166000008
10.34213280199999
10.29001454
10.082812072
12.96229646299999
6.938974102999993
11.186847527
13.10558341200002
9.818020082999993
14.100479697
12.61222082099999
10.63740048
1.193584880000003
10.601242359
12.17852410799998
9.664531570999998
8.500010189000022
10.02173615200002
8.922619826999949
10.88530388200002
7.132030924999981
9.522816733000013
9.450480119000019
10.97997476799998
9.321556224000005
10.393318378
7.663960798999994
9.413047896999956
6.935832366
8.609119174
13.34303537
11.15606780399997
9.11710565300001
11.78930851500002
11.56093695699997
9.327752130000022
9.609673891999932
8.066468997000015
9.80721226300011
8.865541731999997
5.135087537999993
4.992483372000038
7.729286481000031
9.97022426400008
10.278999129
9.859678596000094
9.840218240000013
12.14680847299996
9.613509688999898
8.788942986999928
12.42408444099999
9.521043163000058
8.81641559000002
11.21344988999999
10.43078243000002
11.44715332600003
11.41533102299991
13.87842152099995
9.694988763999959
11.80376469800001
9.372465503999933
8.662853992999999
11.03985478199991
7.325639592000016
9.839033633999975
7.339951964999955
9.211430736000011
10.28647797799999
7.861924918
12.39464351699996
6.586685880000005
10.21151344599991
4.864917314000081
9.175499834999982
13.19857023400004
7.843342556000039
11.02390396600003
11.321727022
8.824854721999827
8.657116206999945
8.101508723000052
12.21949045199995
10.59403040300003
8.408478058000128
10.05996913200011
9.732765904999951
11.16297078999992
9.218720515000086
9.298335720000068
11.22393893399999
9.691930486000047
10.50211248400001
11.01002285899995
8.807994876
9.020871980999999
13.62729755
9.273015184999998
10.986324254
7.447414500999997
10.662263896
10.725968702
10.83866717799999
8.389145877999994
10.28424343800002
10.63625720799999
8.127276480999996
8.767363735000004
10.70869879599999
12.47059233100001
9.349965787999992
6.636215459000027
11.584149733
7.433855906000019
4.767939892999976
6.071325200999979
12.704678344
6.902954383000008
8.680389294999998
11.911539769
10.50653351699998
8.325154141999974
11.73867239999998
9.515218216000051
6.507079058999977
10.56105394299999
12.00269806299997
6.838747292999983
10.789969025
10.72400659700003
13.09964138399999
10.65646725000005
7.203936701999964
8.700571114000013
12.40484113700001
9.104671303999964
10.489911678
7.708691211999962
10.38424723600008
10.67664252299994
9.531343146999916
11.10724827299998
10.55980975
6.974297414000034
14.599472945
10.232566002
7.489441134999993
10.12644895599999
12.71631300499996
7.034613190999949
9.528852524000058
11.86332325700005
10.29511439399994
10.18898676999993
6.826841133000016
11.51143494300004
10.01335579700003
8.278581845999952
10.69160121799996
7.671153434000075
8.906532020999975
3.889686940000047
8.241730769000014
8.735757246000048
10.08012514899997
14.13034332099994
8.103222849000076
9.936528167999995
12.01771795399998
9.719959284999959
10.63924614699999
12.65079443399998
7.216901023999981
11.69386261900002
12.24827011900004
10.39762658100005
8.212756530000092
8.405448170999875
9.328241872000035
8.660342534999927
10.79898117300013
10.18165846900001
7.125610245000189
7.663335271000051
8.639229419999992
0.9316201770000134
10.22241750000012
8.85824284399996
13.42585343400015
8.488146791999952
9.113101354999799
11.69997850300001
11.79731420999997
8.671133952
9.248857378
1.345083724999999
5.832837833999996
6.861958381999997
8.423604391000005
11.58386108699999
8.951043874999996
7.743453312
7.400113392999998
11.48785526900001
12.20741027099999
9.924606424000018
8.65632888899998
7.919585674000018
10.67273175100001
17.12242426
9.948962547999997
12.01736260999999
12.19908106
9.781960234999985
8.431450428999995
9.881387773999961
13.270323389
10.82032512400002
10.03064239700001
11.36568674599999
9.180974706999962
10.16055992100002
8.770468594000022
12.25945934700002
11.45752059500001
12.30572101799999
9.801601243999983
8.452224386000012
13.08676849900002
11.56236329199999
6.201486547999991
9.90501225600002
10.91071430400001
16.25065337199999
13.04273843599992
10.82333771000003
8.27919238100003
9.331558094000002
16.91552672099999
7.971246831999906
7.26109072600002
11.68360593099999
13.57436280700006
10.98446724400003
8.614877816999979
14.51962899900002
9.636527139000009
9.448254791000068
8.992727990999924
16.68641429299998
10.67348949899997
6.494959635999976
11.10607323199997
10.32483378699999
8.369698318000019
9.931613697999978
15.32780388699996
19.19367066099994
19.36715839599992
16.89942473799999
15.70011171099998
15.14846305699996
17.76884613800007
15.76877257800004
18.16050356099993
1.122236453000028
17.40516387399998
16.43627916799983
15.990407323
0.8900559520000115
17.84149235200016
12.26842102800015
32.11978461100011
17.07339550799998
14.49843435799994
17.60173357500003
16.5168760439999
15.04362889499998
16.66207773099995
13.11552073999997
16.18453441599991
15.96967395799993
15.77645674900009
19.69094278800003
12.19242261399995
19.4907487370001
18.07791864900014
14.99625636900009
23.93347696599994
15.85945895000009
22.18317539700001
18.23088419400005
13.439488549
13.526109385
13.768571311
19.64374158700001
10.84016156400001
13.30652736799999
15.269627453
15.73706275400001
23.886273109
15.58982190399999
25.709549076
16.005640339
17.42798638499997
19.36687340499998
14.006150746
23.47397085899996
15.85143269500003
25.47482966300004
16.43239518600001
16.01334118200003
16.23264530500001
19.54376424899999
20.34849382499999
22.99685398400004
18.26243476599996
15.10672174499996
15.08221264000008
17.34720704599999
22.32063257900006
16.76765494899996
18.14301089399999
16.63177720399995
22.34186755600001
20.7330448539999
15.96156554499998
22.95284263199994
15.87522134899996
21.89907336700003
17.55361513599996
19.213052672
17.89812777500003
18.3632575900001
14.41322816499996
16.40373904300009
20.15431247600009
16.56141630999991
22.35860326399984
16.30206815199995
17.13399869799991
18.62304212699996
24.726423114
16.96261632400001
18.35308003199998
17.77530616900003
17.10281419600005
24.479762919
26.79960580300008
30.18919776400003
27.69535797799995
24.76426685299998
24.45184792800001
24.55676135699991
24.29895897100005
25.88717678300009
24.42540401999986
28.68807861699997
27.37270020000005
27.66983507800001
28.3756465309998
24.73871782000015
26.35750341399989
25.85694562200001
26.27681349299996
23.57519824800011
41.10232939800017
29.98495930400009
25.51744621399985
23.18779230500013
23.58555746499997
27.8119268749997
27.27227500800018
30.87649015299985
26.0486789040001
20.1774033720003
20.41581265899958
29.13388712999995
23.46723932300029
24.48558219100005
29.55046471800006
26.65880466699991
24.65253793200009
25.99473268500014
23.78046496199977
23.30770307500006
21.61221839099971
19.61888738299967
24.01005056600025
27.5626147969997
26.513115621
63.932708717
73.37837148599999
75.16794165100001
78.92262628999998
78.90058988700002
81.87976398100005
84.75695974799999
72.63953987499997
91.19519844299998
66.78493400599996
79.36930645500001
80.02658201100007
73.94811111400008
71.36431697800003
71.99323030100004
77.20363097399991
72.27969567100013
73.84953806099998
72.17280240800005
66.201322205
83.83682388700004
73.06538640300005
82.40609660900009
69.6728263949999
69.52103963099989
85.53518283099993
83.35292255900004
71.93859107700018
72.71922269999959
78.98338075300035
70.80895948399984
74.25827159900018
73.52891928100007
83.3820641719999
81.47918347599989
76.96654154199996
80.57975924900029
79.80304886299973
70.68518496199977
64.03885473499986
68.9074809409999
68.19312300599995
66.7932002030002
80.12954959699982
59.58946988000025
94.46021057400048
78.24045447200024
84.66512353500002
76.0603302340005
3.845475673999317
77.58360507100042
89.30734904199926
79.72574803400039
67.61116594499981
87.97512853599983
78.45880975699947
70.58974809400024
63.23461644399958
79.60963830000037
53.99732490800034
57.63582542599943
65.47835450100047
62.18429180699968
57.98493330299971
2.380072764999568
47.39702007699998
89.51739535200068
448.1773955260005
64.9814565279994
55.93424906400014
42.49506711599952
29.57719105199976
53.56309575999967
98.67490605199964
88.17231110600005
70.38954488099989
73.78297014500004
87.68860630800009
75.96028653899975
86.45038246799959
77.45654281600036
86.92840017699928
61.32509709099941
79.66763725899909
69.55510026899901
90.47893513700001
84.4942287369995
120.7986039510015
66.31694249000066
80.72819356500077
80.39594276299977
63.40030621999904
68.10536163800134
81.0893201050003
82.92077766500006
87.76237064700035
72.79337671800022
74.50997030599865
100.5320796289998
