0.440397374
0.580459346
0.6579695179999998
1.552618048000001
0.9133425610000003
3.575640031999999
2.028806831000001
1.084586518000002
0.7836694219999956
1.130572440000002
0.5907403240000022
1.437586492000001
4.125923006000001
1.147113513000001
2.594589975000005
1.691411267000007
1.605632668999988
1.651328675000002
0.5540859739999888
1.417513353999993
0.8633915919999993
1.711413890000003
1.793800013999999
2.678317352999997
0.5765000760000021
0.6383086350000013
2.097115498999997
1.190026716000006
0.6185799689999953
0.6559155509999925
0.5912713589999896
2.368776209999993
1.150647423999999
1.923859362000002
1.462828209000008
1.326159004999994
1.840334698999982
1.071500700000001
1.541495080999994
1.864549007999983
1.912422866000014
1.671678506999996
1.737421788999995
0.7708254339999883
1.065948483
0.8974152940000124
2.527841453999997
1.945594099000004
1.717890737000005
4.835795233999988
6.814085229
5.842079232000003
1.754255444000023
0.792737666999983
1.395828778000009
0.844661928999983
0.8623573749999878
0.9652041940000231
0.8876598749999971
0.8806071440000096
1.173359163999976
1.897820410000008
0.7015364000000091
0.5737198169999829
0.6807532089999881
0.7352539109999725
0.5431745199999796
0.981357628000012
0.7636703709999892
0.9327554299999861
3.546682880999981
1.033560369000043
0.7672759659999997
0.7380312309999795
0.6947943869999449
4.295817559
0.736416663
3.80656916199996
1.756243133999988
0.9443803279999656
0.9512960789999738
1.288443825999991
0.9614992250000114
1.221788329999981
1.049791159999984
5.016976217999968
1.795062529000006
2.032971446000033
0.9732710540000085
3.027908391999972
1.888601223000023
1.546079442999996
1.70003567599997
0.8279325080000035
1.917365623999956
1.786989178999988
0.7293653109999809
0.9473256059999926
1.373599093999985
0.438646529
0.4632884200000005
0.9561062710000012
0.8315338450000009
0.6479407729999984
0.6759505669999974
3.770507124000002
0.8943501609999984
0.7539999449999968
0.6826482399999989
1.300325268000002
0.6069477109999966
0.9610405159999971
2.060191773
0.764601343999999
1.446456707999999
0.4519022859999922
0.8897944389999992
0.8557104879999997
0.6993168730000008
0.5489770180000022
1.104755783999991
0.9837599120000107
1.043819678999995
0.8693850880000014
0.7291175649999957
0.6809950489999892
1.222478338000002
1.042820801999994
0.9872411860000057
1.35271226499998
0.9014207349999879
1.019509164999988
1.428428632999982
2.294383605000007
0.9491806139999994
0.7247443750000002
0.7834115010000176
0.7571004549999998
0.672241659000008
0.7423913089999985
0.7698897189999911
1.003385689999988
0.5617421119999904
0.8958882539999991
0.5873821980000002
0.6521268729999861
0.6166434780000145
0.7210735130000216
1.255178228999995
0.8008594050000113
0.7453359980000016
0.5171008979999954
0.5910870050000199
17.31900912700002
0.8669973529999879
0.6865586179999923
0.8290139220000015
0.9659711150000021
1.986330510000016
0.6214512130000003
1.086243761999981
1.228921480999986
1.639405993000025
0.8705050020000158
1.118170254999995
0.6520331059999762
0.817514425000013
1.377384178999989
0.8688391449999813
0.8706032540000024
0.989502195
0.9681126039999981
1.490383339999994
0.8137948180000194
2.55995329000001
1.543668711000009
0.8424532500000055
1.886503901999959
1.476503293999997
0.6573652189999848
1.779901346999964
1.983227921999969
1.302671850999957
2.01612593699997
1.908157270999993
1.817125271000009
1.415073901000028
1.871985499000004
1.850679503000038
3.654878956000005
2.144750174999956
1.416807331999962
0.641424021999967
0.6916089020000413
3.731474007000031
1.486695532999988
0.756199295999977
0.8611668450000707
0.443933978
0.4567574260000002
0.638012011999999
0.5369794710000004
0.8186186649999989
0.6965295739999995
0.9383364960000016
1.566303316000003
1.000758443000002
0.8582493369999966
2.171261371
1.588203043999997
1.089306711000006
1.584596001999998
1.275610109999988
1.429059856999999
1.309777015999998
0.7918835150000092
0.5949347349999954
1.302619559000007
1.425625967000002
1.758476388000005
2.679838668000002
1.470516971000009
1.797879606999999
1.591336906000009
1.395510943999994
0.7519288100000097
3.410241775999992
11.51943916299999
0.7104884739999875
1.175508828999995
2.177304219999996
1.216510605000025
0.7383017589999952
0.8649997809999945
1.339812061999993
1.235602575000001
0.888763162999993
1.446674150000007
1.541188277999993
0.5797811010000089
0.842235211000002
1.317316327000015
1.145537805999993
0.5308454419999862
1.511700168999965
1.824374080999974
1.464583553000011
1.006870083999956
0.9652844459999983
0.7243021849999991
0.5238423900000271
1.768751348999956
0.8129406359999507
1.879252723999969
0.5566479500000128
0.9408217910000189
1.376569671000027
0.8967995320000455
1.88977150300002
2.132651286999987
0.9396782219999977
0.7609903989999793
0.9489262619999863
0.8966653850000057
2.035562539000011
1.634528892000048
1.451638041000024
0.9077572949999535
1.276010314000018
0.8992395759999567
0.8986586719999536
1.963108766000005
0.9243434059999913
1.66087405899998
1.071142725000016
1.032128954000029
0.8121872950000011
0.7248071570000434
1.225477861999991
1.921496985000033
0.9963835930000187
1.175227978999999
0.5658651079999686
0.759693359000039
1.13940526600004
2.152775852000048
1.61537673600003
1.330360001000031
0.9175435049999692
0.7479532830000153
1.263302023999927
1.294019681000009
1.981785545999969
1.226788246000069
2.86860402700006
1.332718916999966
2.288637506999976
0.443862301
1.290193258
0.500633337
1.827215496000001
1.545171824000001
0.6124662889999968
0.6895318170000024
2.779215489999999
1.402172426999996
0.876385151000008
5.848463842000001
1.38640043800001
1.055199477000002
1.039387852999994
0.7724617579999915
1.027913271999978
1.523806690999976
1.320557820000005
0.5242810210000073
0.5009969080000189
2.362385371000016
0.9494341419999728
0.5706812010000135
2.907172770999978
9.179538804999993
2.055091924999999
1.415074543000003
0.7011671399999955
1.070900375999997
1.401938013999995
0.9694432299999676
1.214389289999986
0.9099549630000183
0.5710820990000229
1.49856326500003
2.61291755000002
0.9060656610000137
1.567610297999977
2.426926239000068
0.5295432209999262
1.063548497999932
3.291101321000042
1.235912952000035
0.9747501280000961
1.696761048999974
1.676635388000022
0.8530315140000084
1.728717882000069
0.9954402700000173
0.8008502100000214
2.595407174000002
1.218497127000091
1.063237988999958
2.816493128000047
3.446282208999946
1.268319892000022
1.149412783000002
2.90600130200005
3.179933063999897
6.132478769999921
1.801910500999952
2.237699112000087
1.541900975999965
1.838159260999987
1.463699338000083
1.987217870999984
1.862879398999894
0.9279262600000493
1.46108114599997
1.237214327999936
3.015066252999986
2.591902990000108
3.033326430999978
0.8764014780001617
1.094508119000011
0.8743280990001949
0.7425055240000802
1.891258242000049
0.7014551489999121
1.250531701
9.643660974000113
1.371915233999971
1.018608483999969
0.9580100999999104
3.02994144000013
1.013540094000064
1.583088154000052
1.575083726999992
2.002085118999958
1.181526919999897
1.736809039000036
1.607577442000093
0.8878015819998382
1.126048919999903
1.687997921999795
2.086861459999909
1.369870971999944
1.072161268000173
2.723144120000143
0.4373822080000001
2.101446834999999
2.066130127999998
1.302021165999996
1.489253754000003
1.881932184999997
0.7289727439999893
1.089337148999988
1.186165600999999
1.177265478999999
2.593307683999996
1.525628549999993
0.5133257800000024
1.811358189000003
3.098257614000033
1.012139477999995
0.8468808719999856
0.5226795369999877
1.943668374000026
2.664474428999995
0.5984452719999922
0.7220245400000067
1.232689962999984
0.8296514940000179
1.250917867999988
0.5013277460000154
5.097218618999989
1.160387319000051
1.681315213999937
1.341039507999994
2.288545569000007
4.704867080000099
5.695897750999961
6.293721052000024
9.86073998400002
13.69375580799999
4.259589916000095
3.242376190000073
2.11642121400007
2.343839882999987
1.346391308999955
1.965189013999975
2.817102387999967
2.619357830000013
4.968189352000081
7.271046657000056
5.512990140000056
2.968497404000118
6.074394012999846
1.585407683000085
6.351351564000197
5.571370281999862
1.527906241999972
6.037579836000077
2.440250062000132
1.333444664999888
6.301505465999981
5.289417567999863
1.017577849999952
1.845633039999939
3.474035019999974
6.830041819999906
3.024291108999932
2.983094472999937
3.467273061000014
3.711517835999985
0.5172208339999997
0.7801465730001382
1.098253897999939
3.983600889999934
2.267503089999991
1.544905233000009
2.684237652999855
4.909298619000083
2.330341422999936
4.167664636999916
5.961547783000015
1.257078518000071
8.489115721999951
8.705389666999963
3.19414669799994
2.067931533999854
5.375419554000018
5.70386799400012
6.781481476999943
10.4130610809998
7.264950847999899
4.316751276000105
5.423091335000208
2.802914395000244
2.389472749999641
3.678688961000262
0.6706829310001012
5.657667098000275
1.578898404000029
7.29473079499985
4.098275427999852
4.824529992999942
6.72401287799994
0.442527169
8.060321952000002
7.423316575000001
6.059104883000003
5.451005517000013
7.893321431000004
6.059977835000012
7.383715682999991
5.238315133000015
9.209096438000017
3.753753963000008
8.078698464999945
5.427156867000008
7.821557024999947
5.318595800999958
0.7262193430000252
5.934823334000043
1.807677975000047
7.727410316000032
8.466282471
2.089262286999997
6.66483511399997
8.389969022999935
2.836119348000011
2.38386360700008
4.114330984000048
7.449489110999934
4.240763635000008
8.365164094999955
3.261596206000036
6.644944315999965
3.545336083000166
6.179046028999892
6.593561075000025
4.988200557000027
7.388096963999942
6.11302225899999
3.517994445999875
5.092545714999915
3.790875295999967
4.650914030999957
7.699688222999839
7.425360656999828
8.510973786000022
8.750382560000162
9.420182273000137
8.256146718999844
3.317083125999943
1.384530848000168
4.380396807000125
1.795677350000005
8.818624639000063
3.36047051599985
7.478530186999933
2.331706464000035
6.902030432999936
1.748914469000056
2.553402830000095
3.456358434999856
4.336549038999692
8.452884829999675
4.565409686999828
7.126524027000414
6.816172773999824
2.262296235000122
3.0086700439997
7.377663499999926
3.145527444999971
13.0815473130001
5.734789576000367
5.220914567999898
6.829730412000117
1.764050543999929
8.379810633000034
7.945986318999985
4.135878051999953
10.17436851000002
5.086812896000083
10.27374640800008
4.723764105999635
9.459198731000015
2.588472764000016
3.622522551999737
5.865832497000156
5.906036617000154
8.82064090599988
7.167294755000057
2.430676139999832
2.607138375999966
5.161772234999717
15.42535446700003
4.162723883000126
9.107287945999815
0.7936447580000277
2.117216974000257
3.545684147999964
7.848222749999877
3.687388643999839
6.001166259999991
0.444272127
11.24383202
3.709924137999991
3.592167176999993
4.229556426000016
4.937084488000011
3.038865273999988
4.084635563999996
8.434399369000005
6.665962333999971
8.222263587999976
9.379867332000003
11.407670682
1.707364195999958
3.704791987000021
2.65995668000005
5.615231704000053
12.7072473049999
3.298999455000057
8.485802479000085
2.70202705600002
6.61010992599995
5.437086020999914
10.494429051
5.421115243000031
8.954973533999919
9.751462855
6.835046138000052
15.07181486400009
10.57152248600005
5.357109935000153
2.950987878999968
4.050976449000018
7.106722459999901
8.245230740000125
6.231307089999973
7.600068452999949
2.627763668999933
1.869454582000117
4.10953437399985
6.675445659999923
7.992019351999943
13.77347205000001
4.592714190000152
9.730902859000253
4.822256537999692
6.29779528500012
7.135477120999894
2.598634845000106
12.78581267200025
11.38104082300015
5.946490605000236
6.69716732400002
7.012241646999883
8.536394918000042
11.24701213100025
8.709086237000065
9.130994188000386
7.015208580000035
3.547403326999756
4.910606300999916
6.89553241800013
10.62448659899974
9.726076658999773
9.42602447399986
8.847365855000135
2.93548565600031
5.765057739999975
12.10046827399992
15.31372318600006
5.392021337999722
7.66260886300006
10.83762483600003
2.875470501999644
12.40149166900028
4.4645383699999
1.634513569999854
3.713879674000054
11.97314301899996
10.28054909999992
8.06603672600022
9.259920962999786
6.446849346999898
3.021018819999881
10.25926324300008
8.923063984999771
3.28108506100034
14.26021169700016
13.16261922000012
6.319685562999439
3.751483596000071
2.724783109999407
3.362212340999577
8.782728906999182
9.194413705999978
8.885706230999858
2.402886724999917
11.10956026300028
3.108316150999599
0.44334499
0.8870287450000021
9.282340195999993
8.516106522999991
3.729521019000003
5.433256785999987
1.981940791
8.584460036000053
2.961983255999996
5.381002089000049
7.446257868999965
1.33252983400007
6.086986088999993
2.48873001700008
11.84482832099991
11.05199728399998
4.227404161999971
0.5915285020000738
10.15450127600002
9.433693637999909
3.515782231999992
11.48439352700007
5.556654593999838
6.411103088000118
7.128833171999986
10.97191195200003
9.057265805000043
11.41022675800014
8.053983224999911
10.56963155199992
10.35134151700004
14.35593575899998
13.99107964199993
7.453047521000144
3.521094938000033
8.256551991000151
7.690186854000103
6.535930932999918
2.884917212999881
6.88013722200003
7.437888195000141
3.942324077999729
13.27300706699998
8.497423235000042
7.128844355999718
3.094513687000017
13.00742377400002
3.24857156600001
12.3587319229996
4.098051439000301
9.053691371000241
7.396791605000089
8.50438721799992
5.955875856000148
5.220058470999902
6.524218993999966
10.06774687200004
0.5914052560001437
2.232060663000084
6.299318694999783
5.220060171999648
5.185671597000237
11.71223437699973
12.26454191899984
8.033681380999951
4.67427856500035
11.25270744099998
11.7503000429997
13.45915448700043
7.34741563300031
10.06001414699995
4.13742688100001
6.584264945000086
11.32105653100007
1.816171617000236
11.35718894699994
13.53461660099993
9.690829800999836
5.612680918000024
9.781001791000108
5.451169334000042
6.29154660399945
4.425155521000306
3.562424032000308
0.6020409140000993
4.979694996000035
8.735705631999735
7.835668656000053
9.229373335999298
3.128495275000205
2.036287515000367
11.03098151700033
1.271038554999905
8.229494700999567
4.151186748000327
12.53507074299978
6.737496500000816
9.328497605999473
4.602245587999278
0.438817143
12.969722805
8.374014290999995
1.711046474
6.841885815999973
44.67814945699999
1.92747346799996
6.059369805000017
7.139628318999996
1.098424362000003
8.636343486999976
3.27098197600003
8.752300929000057
12.60638060999997
2.444508107000047
1.72181807100003
6.547552610000025
8.584748416000025
8.988454595000007
16.67155264600001
12.26419430399994
2.663887652000085
10.4829315909999
5.627830695000057
7.808017426000106
2.657768073999932
8.5336522529999
8.416839311000103
6.828177527999969
6.787013193999883
6.415211873000089
13.10842276099993
5.041699260999849
4.150661967999895
3.60736632499993
6.653165333000061
11.873464711
8.128442092000114
14.90963920099989
5.429271906999929
4.809852431000081
13.19493695499978
6.281014468000194
13.42774493399975
2.134747789999892
3.666602428999795
2.554998959000386
14.45048867100013
9.593384819999756
13.60012297000003
5.593001416999869
5.770254447000298
6.491594078000162
13.12565045000019
6.191826762999881
7.433746002999669
4.181311241000003
4.804645185000027
7.156521629000054
8.231257885000105
6.13838166000005
9.780721838999852
12.08873060300039
8.829743981999854
4.776951428000302
2.971930474000146
9.248228274999747
3.879146696000134
9.820857212000192
5.279565320000074
7.64976791700019
6.182765351999933
55.32822984099994
6.725927492999745
4.784269472999767
11.7902445349996
10.0380318499997
8.958589974000006
3.396221692999916
17.65222838
11.08290148200012
4.370516628000587
4.248513294000077
1.629498233000049
11.33446089299923
6.952169086999675
9.306950139000037
11.51183105400014
3.498565326000062
4.900144432999696
6.396736799000792
5.638700751000215
16.04487529300059
11.01403626800038
2.10143127900028
4.872470721000354
4.28492100099993
13.34005780000007
12.02828120699996
0.448451952
14.93569717099999
3.687865874000011
8.524340350000017
1.518851925000007
5.410011989999987
5.568790597000032
0.4568341410000016
10.98523653799998
8.267763212000034
9.005368309000005
8.965858555000068
3.117018692000102
5.428388393999967
16.92702766599996
12.71809253499998
1.540170337000063
3.366140133000044
5.647972077000077
5.306507529999976
3.913683571000092
11.093335454
1.134143969999968
1.184162919999835
4.915819385000077
3.074568969999973
8.062658370999998
4.626317184000072
3.861083777999966
8.742552423000006
5.057068234999861
2.406078860999969
10.4223631750001
4.400572732000001
1.778895924999915
11.26014502499993
13.00081318600019
7.838133613000082
6.1585174679999
9.338503110000147
5.415120977000015
2.664277703999915
10.02393286799997
5.309059572000024
2.348117725000066
14.24525459999995
10.11564541999996
5.717212216999997
11.31665205599984
8.962090829999852
3.415544698999838
4.717840650999733
15.634355486
4.879194120999728
5.226989597999818
3.586234344999866
8.645257566000055
1.98201236199975
9.066764519000117
5.479752172999724
9.830372583999633
18.94034365900006
2.320645046999743
10.59362306099956
7.345983930999864
4.964128205999714
5.594601217000218
10.50450517399986
14.628513957
1.635805932000039
2.908706460000303
9.032446028999857
11.34995056599973
11.99322935400005
7.488428608000049
12.29002068
13.90418902500005
13.38326571900006
8.277887607999673
37.52682555199999
7.19388023700003
5.439656305999961
12.67946068099991
3.618373143999634
6.85805527499997
39.62159532700025
1.97666346799997
5.186301420000746
2.55601376300001
14.21825023400015
4.197608147999745
2.301249088999612
9.504205562000607
2.593723578999743
9.459267952000118
2.622708803000023
12.64664140000059
14.41488900199965
1.847303142999408
0.440599764
16.595554607
15.25337792399999
4.479921318000009
14.33991976800002
2.852743500999992
5.467409890999988
6.361724234999997
9.638804499000003
11.38351134100003
4.574770828999988
2.098762701999931
12.40708804300004
8.504498322000018
15.67452362100005
5.915233832000013
11.72112707300005
4.079611795999995
3.905422549000036
15.37255434799999
7.608852567999975
10.873825872
7.02813642000001
10.35170016000006
3.76035029500008
12.24855343400009
16.54220175199998
5.479411466000101
7.985512809000056
7.819721198999787
9.81237420299999
7.781286015999967
6.891414789000009
3.264024712000037
43.02113020299998
3.572460239000065
10.67410619800012
12.07859678699992
6.329386868000029
10.82879123099997
10.29659153099988
5.490162048999991
8.811004184000012
8.277814865999972
10.34339159400042
14.71060056900023
13.793035702
2.678147537999848
3.911294444999839
11.92308541600005
5.210730577000049
5.66574040200021
7.803604289000305
14.67991638700005
3.959045799999785
7.419299932000285
11.31337528499989
5.195474073000241
5.771822950000114
5.760074975999942
3.912106546999894
4.717217496999638
8.537267076000262
6.298278198999924
7.757995808999567
7.929496176000157
4.316857868999705
2.441658030000326
12.32518498499985
4.100588590999905
15.14408403000016
11.49039638499971
10.31040596100001
3.729001278999931
5.232436754999981
49.18455900200024
1.991426378000142
2.539550962999783
2.581156921999991
5.141601572999662
7.719047727999623
3.148588489999838
5.045017726999504
5.018326973000512
8.656056968000485
3.703722989999733
3.3259150089998
3.068608459999268
13.90377514500051
3.26522072500029
7.389285579999523
11.27049696999984
8.753834869999991
3.319025965000037
1.715579783999601
7.130983912999909
7.403548126000715
7.071237850999751
12.65333357300005
0.433758596
0.7738743120000002
1.280655511999999
0.7085410690000025
1.404123534
2.051075548999997
0.549435514999999
0.6126480339999958
0.8669658259999977
0.8142152580000044
1.116900021999996
0.5473533910000015
0.8756388989999948
1.190249026000004
4.158870520000008
0.7430948600000136
1.427258864999999
1.218410121999995
1.283201756000011
0.6074641229999997
0.4139498099999912
1.641654348999992
0.6861699529999896
0.7201003119999996
0.7407191839999996
0.7630817010000044
1.088387490999992
1.256182865
3.30663516300001
1.156626939999995
6.116576688000009
3.764612578000026
2.72290648500001
13.43900356399996
1.597698802999957
1.277931094999985
1.161987702999966
0.6472697309999944
1.202192889000003
1.164212050999993
2.253397907000021
1.017995332999988
0.858478233000028
0.8940485630000126
1.21908132599998
4.533447613000021
2.800105237000025
1.009826508999993
0.7715627569999697
1.638695675000008
2.060413804999996
0.9741865479999774
0.797934822000002
0.8724403459999621
1.932649250000054
3.033583058999966
1.158265985000014
1.319712217000017
1.33713215299997
1.114098825999918
0.9133218389999911
0.5818135639999582
1.496753498999965
0.6379738670000279
2.308300669999994
2.312527787000022
1.286265903999947
1.095235383000045
1.066550143000086
2.753775352999924
1.192130749000057
0.8477228020000211
1.201351766000016
1.553815044999965
0.569608283999969
0.9908270930000072
1.17034074500009
3.056125389000044
0.9855339380000032
0.6159875069999998
1.313870158999976
3.088638918000015
1.64395786099999
0.8360729249999395
1.163537168000062
0.5140640949999806
2.008345475000056
0.7506392000000233
1.267897911999967
0.9449738060000072
1.267635638999991
1.861665947999995
1.779105714000025
2.331635891000019
0.9040814759999876
1.902804771999968
5.534070433000011
7.202946803000032
0.6327679319999788
0.4350283
0.7701502809999994
1.188920088
1.065699197000001
2.216653170999997
0.6698242809999968
1.367274645999998
2.10098922200001
0.6733223290000012
0.7508675269999969
0.5106799819999992
1.201727551999994
0.8067155340000056
1.058294838999984
1.420582071000013
1.702661266000007
0.6731037540000102
0.5437474189999989
16.949959208
0.6181024800000046
0.4833754619999979
0.6132659140000101
0.4485712970000009
2.359208457000022
0.8328580390000297
1.475315839000018
1.448617953999985
1.257690168000011
0.8202017750000437
1.28410169
1.171419319999984
1.030352178999976
0.8916877129999534
1.710555624999984
4.358834365000007
2.295956371999978
0.8877194020000161
4.507658177999986
1.010142363999989
1.88987780399998
6.594035459999986
0.652113082000028
3.803710080000087
3.237401926999951
2.756237402000011
1.227641528000049
8.246502571000065
3.734040372999971
1.695332914000005
2.073917187000006
2.386597045999906
1.150828029000081
1.612976478000064
2.54804518200001
1.254815876999942
1.903164335999918
0.908933573000013
0.9761763489999566
0.9111851719999322
0.9056333610000138
1.271527112000058
0.8112785959999655
0.6672255659999564
1.809047974999999
1.00299175400005
0.653269876999957
2.000700974999972
3.776252529999965
0.6718813500000351
1.502219799000045
2.530876939999985
1.393439715999989
2.639361179000048
1.764092978999997
3.424162658
0.9034034160000601
1.164881632000061
1.683534371000064
1.986561542999993
5.551598426000055
1.068834443000014
0.7156490050000457
0.7914719249999962
1.605493626999987
2.652186172000029
0.7167310180000186
1.672526540999797
5.26043262799999
1.654834213000186
1.075492778999887
3.704583812999999
1.885003001000086
0.7643126130001292
1.509259006000093
2.503683578999926
0.7018561310001132
0.6890903089999938
1.912637619000179
1.873572773999967
0.436294281
1.954571018999999
2.462295029000003
0.6223327470000015
1.729546800000001
3.361038878000009
1.231207307000005
1.544967333000002
1.737717366999988
0.4150799690000042
1.439432375999999
0.7231211280000025
4.38883322800001
0.7244246329999839
0.6584600920000128
1.905522497999982
1.283609584999994
1.228677178000027
1.340143105999999
0.6077929380000171
6.727041058999987
1.155149859999995
3.784192303999987
0.7834620020000216
2.640621218999968
1.953395717000035
0.4418554470000231
0.91659152699998
0.6347001359999922
0.9069497280000292
0.6315029590000449
1.404262097000014
1.718908757000008
1.832411525999987
1.207245796999985
0.6204476179999574
2.397521948000019
0.9195827210000402
1.26465864100004
1.881202199000029
0.7945611299999769
0.6879138159999911
0.8206203379999693
0.6602093509999349
4.397423365999998
1.539183825999999
1.238224891999948
1.152275122999981
1.153539334000016
0.9451805990000821
1.613836996000032
1.306487959000037
0.6701125310000862
0.667173759000093
0.7808405680000305
0.9015508759999875
1.706036545000075
0.8692762350000294
0.5987591439999278
1.314018899000075
1.037648689999969
1.502663948999952
0.827494774999991
1.171877704000053
1.976230852999947
2.943084872999975
0.5602709649999724
6.927667336000013
10.78024633799998
1.915449749999993
1.675583712000048
1.092789444999994
2.449353236999968
1.859356068000011
2.992844737000041
1.336650387999953
1.523941950999983
2.256196153000019
0.7265108829999463
0.8717942700000094
0.8889144810000289
1.31899227100007
1.362993770999992
0.736327469999992
1.843761603999837
2.868479386999979
1.63397160400018
1.510715689000108
0.8563244350000332
1.718640320000077
2.675343318999921
14.95647288500004
0.5117091780000464
0.624052643000141
0.5486145669999587
1.564339673999939
2.332336026999883
0.6822098780000942
0.7242164530000537
0.4396355709999999
1.322370674999998
9.126664046000002
0.4234676930000063
4.353967560999997
1.264289595999998
0.8195190929999967
1.194241023000004
2.275335636999998
7.09907259900001
2.073807584999997
1.049059258
1.195232081
0.4833084359999873
4.886987196999996
0.873399777000003
1.102182831999983
0.8683911580000085
0.4869317540000111
1.183218829999987
1.033035439999964
0.8515868899999646
2.264996390000022
0.8462731960000269
0.9535733459999847
1.197318054999982
1.931148637000035
2.386176643999988
1.071398155999987
1.23595646199999
0.5593224650000366
0.9540540809999811
0.6270157969999559
0.6241531480000049
1.606838432000018
1.518274374999976
0.5704706790000387
1.552041884000005
2.691703293000046
0.7852929969999991
0.5288326369999936
0.7971675189999132
2.120423672000015
0.9751761059999353
2.177400087000024
1.614537266999946
0.6927895750000062
1.850798787000031
0.9461019700000861
3.390315131000079
1.620416757999919
2.016310813000018
1.361567977999925
1.214087840000047
0.824420272999987
0.836421965999989
0.9321408070001098
0.5830126930000006
1.102583596999921
1.17171328400002
0.8477617610000152
0.5896712480000588
1.116119692999973
3.777335962999928
1.626535226999977
1.658667621000063
1.787336369000059
1.843326814000079
1.140906182000094
0.7109056570000121
1.392355650000013
1.324237682999978
17.60636133899993
0.6161276899999848
2.373618097999952
0.8945099390000451
18.22240068499991
0.6179043550000642
0.9537472360000265
13.26201745200001
0.5773481730000185
1.303985422000096
1.771215130999963
0.6109423959999276
1.813390900000059
2.106864751999865
3.579863830000022
0.5070562529999734
1.005529267000156
0.9631962260000364
0.5359062929999254
0.8599203429998852
0.9770943519999946
2.81811014699997
0.6626526199997897
0.9958436210001764
0.6742914709998331
1.017949033999912
0.5539301049998357
0.437736414
4.504789717999998
2.163596494000004
0.6837650430000011
2.551572876000009
1.746344711999996
1.05952249100001
1.282906177000001
0.4595725659999914
3.485450761999999
4.706649644999999
1.369347925
0.9877085349999959
5.950981081000009
2.359500201999992
3.336663401999999
2.809345778000022
2.839530582000009
3.866773508999984
2.848077749000026
2.349490163000041
5.634241867000014
0.4743171679999705
0.801533457000005
1.590935838000064
5.509685620000027
2.906750193999983
7.720174259000032
2.119435349000014
1.236639415000013
6.827513124000006
4.61161388000005
2.311897250000015
1.274749786000029
1.922930429999951
5.987642135999977
0.6490872959999479
1.38223098800006
2.491565728000069
0.7743763480000325
0.5880677599999444
8.223942233999992
2.589047555999969
4.992176600999983
4.765152257000068
5.719001988000173
4.631522223000047
2.349426715999925
6.519101256000113
2.199441136000132
1.894995789999939
1.164479872000129
3.494553843999938
2.713415661999989
0.5626765560000422
3.323439932999918
6.158246273000032
0.540410780000002
6.00749868600019
6.140100227999937
10.678099944
11.547402874
12.16404493599998
9.969130109999924
5.560480815000119
1.81211423600007
7.948080097000002
3.855757031999929
4.966858144000071
7.857154461999926
8.065055174999998
3.368099494000035
5.014861782000025
7.283105607999914
0.8500816920000034
3.629888787000027
6.495827233000227
10.49184448799997
12.42814477599995
6.698317551999935
3.127835664000031
3.518920976000118
7.181279721999999
4.924972346000231
3.813414964999993
0.5929068020000159
1.089737391999734
0.4801123570000527
3.867271399999936
5.238583174999803
6.004990585000087
7.094333764000112
6.914815477000047
10.88200324500031
2.737313394000012
13.93377440600034
13.69504913499986
3.85369847300035
7.221261825000056
0.439165736
20.88230628300001
13.42016544799998
14.39828666900002
9.318628751000006
15.88523889999999
4.806427140999972
16.18914443599999
17.435371799
4.105796277000081
11.39880516899996
10.1221154719999
3.420257781999908
20.81285707400002
12.37203835999981
6.31677000600007
15.15730975399993
36.62051587799988
19.73766686099998
26.58502273099998
16.26498086700008
4.684931744000096
26.46607420299961
4.785606288000054
31.3425393499997
11.22011609599986
18.31398804699984
2.850625927000237
24.39308883499962
9.50002270899995
13.60406732799993
8.371764510000048
9.34750348300031
1.740098024000417
4.334709298000234
10.54105569400008
8.713292934000037
5.649863345000085
4.496972052999809
22.36473501099999
18.38389783699995
18.5476142309999
18.43648561499958
27.71149580800011
12.10307994699997
12.3126586999997
5.456449596999846
15.20017668499986
6.990266376999898
89.70564080900022
3.555211371000041
60.90582059000008
2.40239764800026
9.036300939999819
23.65482209099991
10.259567436
5.154693584999222
11.11047568800041
27.02840768299939
3.534615612999914
21.61727909799993
6.080171421000159
12.95063964900055
2.761699462000252
58.59857748900049
9.236634390999825
9.372504375999597
30.68630501400003
66.37722617000054
12.9695693980002
10.27070908099995
11.63209720199939
3.952353967000818
16.24291227400045
16.88078822500029
20.7623269020005
3.48539157400046
35.35944595300043
3.836605601999509
12.79312240999934
26.39005672800067
20.12322861400025
19.33801672200025
12.99722395599929
5.197459787999833
18.67283991600016
24.84219384800053
11.24994296400109
4.957348192001518
22.20871433899993
19.22536767900056
9.230329801999687
9.81449695000083
11.7672371489989
4.765040188000057
9.451032700000724
33.69855133400051
29.13453957599995
13.21888482800023
