3.282400936000001
3.738651693000001
3.381222594999997
4.404683642000002
3.077143600000001
6.301489353000001
3.398538715000008
3.933612399000005
3.75360764500001
4.599756514000006
4.935681195000001
4.888915789999956
5.255715573000003
5.140992189999977
5.367061628000002
4.57508767000003
4.844204910999963
4.195764715999928
5.176875485999972
4.376351999000065
4.529819467999943
6.595091589999953
4.422531875999965
4.216881773000011
5.354242510999939
5.016876618999987
5.479919232999976
5.303790930999938
5.043957361000082
5.179470655999921
4.820969994999984
4.464837992999946
4.718716204000032
4.033976138999947
4.163181708999957
4.144438981000064
4.597478524999985
6.091774637000015
5.115756986999941
4.162781986000027
4.968717449999986
2.070594689000075
4.068112775999907
1.355722631000049
2.174113864999981
2.504190773000062
5.412368626999921
3.788296880000075
4.51911391799996
4.473299154000074
5.623081173999935
7.51702938700015
4.642281063999917
4.050945615000046
4.473327309000069
6.257463231999964
3.356115130999797
3.785214682999936
4.410455117000083
7.489304392999884
4.355825378000191
4.242772090999665
4.639450684000167
5.587741787000027
4.18389460800006
4.607435074999898
4.805637221999973
3.663782982999919
4.061546543000077
5.139054471000009
4.829272780999759
2.461888087000148
3.516423665000048
5.281378379999865
4.932660854000005
3.721909010999752
3.731466925000063
4.794211596000082
4.48279881499991
4.715875735999816
5.040334738999945
4.994152937999843
5.108882574000063
8.538605759000006
5.605226433999974
5.402008002000116
4.345290766999938
5.653508007000028
4.263824960999841
5.440626272000259
4.141112038000074
4.302591441999539
4.876672025000175
4.59265494400006
4.253182111000001
4.887923514000022
5.182870757000046
3.443652070999974
4.665625950999811
5.971097654
5.658531969000006
4.505639552000002
6.825522985999989
5.899581948999995
4.941631247000007
7.593077643000001
7.537099755000028
5.741824165999986
7.511354350000005
7.157654852000022
7.518794694000007
5.404720638000015
7.296748359999981
5.502730510999982
5.788933112000024
8.59464994700005
8.591819065999999
7.078398135000043
6.165993341000046
7.361521469000081
7.504003488999956
7.767751362000013
6.519276020999882
5.776264628000092
5.012667779000083
2.787922267999875
6.125838463999855
8.585416854999949
5.766785471000105
6.586040746000037
6.865923212000041
8.245350533999954
7.68063283400005
5.216985539000007
8.762638466999931
7.361849580000239
7.166114996999966
7.763270931000022
8.985948622999899
7.960344516999839
10.53582724299997
7.655802686999778
8.826105507000193
7.888283079999837
6.513153091000163
7.0951113819998
9.669660908999958
5.20606797999983
5.734654498000282
6.001075399999763
5.94166255100015
5.445858265000084
5.739828814999782
5.169122236999783
3.752838213000132
5.818151451000062
7.757646269000134
8.427611394000451
7.143083259000264
6.301791494999975
8.79762423499983
7.364988494000045
9.247615192000239
7.700882939999929
7.087312415999918
8.304006725999784
8.162175896000008
5.608532179999997
5.878015946000005
8.209855173000165
6.459011865000207
5.964334362000272
6.124698503999866
7.463301410999975
7.860314174000109
8.23482619699962
7.930487876999678
8.120373952999671
8.078363299999864
6.329581183000073
7.171053902999574
7.982741996000641
6.59376158699979
6.532977797000058
7.30694431899974
10.43518156499999
6.430151335999881
8.175244501999941
8.49023747699971
7.89156231700008
6.771893843999806
7.741803829999753
5.532975210000359
7.968567228999973
8.138272463999556
5.953380171000163
7.700406515000168
8.233923775000221
3.955304812999999
5.042259463999999
8.115074577000001
8.871268303000022
4.483853817000011
6.676202446999998
6.510281478000003
6.46515583999998
5.097181258000006
8.492122207999998
10.454042456
5.441411660999975
6.976166563000021
6.675721208999988
6.15051249800004
6.913108736000027
1.554267847999938
3.494242143000037
7.14133334600001
8.236298183000002
10.06538456500002
7.175953127000071
9.479783471999951
7.471478832000059
8.508600604000037
7.138874831999942
6.991435095000156
6.359278170999971
7.833991859999855
6.071307452999918
6.582865192000042
8.122491287000003
11.11821968000004
5.776427032000015
7.696404872000073
5.014206124000054
6.904515852999964
7.024133650999886
8.01543486900016
5.563308272999961
6.730348696999897
6.068209017000072
7.121955348999677
6.863104169000053
4.653523524000093
4.879077922999727
5.732833373999711
8.098773113999755
5.645785838000052
5.804730209000013
8.059965479999846
8.756714230000057
7.326209502999859
6.36396053999988
6.361151079000024
6.574802668999837
4.70890556400002
6.298131194999996
3.386267704000147
4.839807934000191
1.862138394999874
6.668152969000062
5.072664331000169
4.694195618000208
6.722259393999821
5.354901396999935
6.481924222999851
10.84164915999997
5.700262247000069
6.264710561000015
5.799143564000019
6.941876702000059
7.684514572000012
5.920630514999971
6.558109196000146
6.846023508000258
7.460343293999813
7.014825591999966
5.444453637000493
6.068096480000122
7.244028805000198
5.526920539999992
6.262040194999827
6.886439550000205
7.771987700000182
4.576973934000307
8.032958158999918
10.04535242699922
6.346451133999835
6.517151101000309
7.708223581000084
5.069958157999736
6.44880131100058
6.608513121000442
8.881718475999605
6.004569335000497
7.833754934000353
8.655626408000444
6.225971042000083
7.759186229000004
9.786762468999996
8.976688223000011
11.146886244
10.775176969
14.09055189099995
10.54463085500003
10.49533698099999
14.03811292600003
12.20714494200007
9.917734112999995
11.06011580300002
12.30351558200002
7.581022926000003
10.31113206800001
10.95163087700013
10.03737221799997
11.07778449299991
12.70444750800004
10.58372792800003
13.04423574300012
10.38885763399986
11.04967735299988
11.56273429799987
12.316837808
9.477021815000057
10.14511246199993
13.4291629400002
11.1293337970003
13.75997342200003
11.41811909600017
11.60609097199995
12.40788011999996
11.42646107899986
11.33231953100005
10.89125583000032
12.24321726799997
8.114352989000167
10.54842516999997
16.41888513100002
11.86841003100005
12.7061108260001
12.08597661600015
11.94388034999997
11.82877568900005
10.64027754599982
14.80971813400004
9.920460036999998
12.57621318000008
9.580206918000044
10.92711142200005
15.40448437099997
10.86699599099973
10.80439922400069
10.12179075899962
10.75201054699983
12.60573899899987
8.115457336999953
9.809332977000395
9.391208533999588
9.267321735999758
11.60531868099997
6.156194022999671
10.67696669299949
15.15198238399989
10.05515216100002
10.44910120100076
10.33607511400032
6.279324442000643
9.84181242700015
10.3856934079995
9.436786949000634
11.30846686800032
9.900268749999896
9.569540530999575
10.12329428799967
11.11783721500001
10.82416349399955
10.95113119700022
9.933849827999893
14.46733082500009
10.32200332199977
10.66640904699989
9.444694178999725
8.723592333999932
7.447451088999969
14.68755713899986
8.815227172000277
13.82017547999976
8.775156520999417
8.414316437000025
11.23449336700037
9.621267481999894
9.735311048999961
12.47108739700116
13.70394609299979
9.169838453999546
8.434473757999967
15.55379763299948
14.350099486
47.67824211399999
36.34420029800004
58.49748513300003
58.79976896100015
55.78432753099986
51.55226342899994
52.30171499899973
40.93609141499996
52.67037523699992
52.37693689200006
53.14348131999986
51.21833574900029
49.9290731619999
48.56863439499989
61.32002289299976
39.79873960200052
50.53956365300041
49.29663320400005
50.3187630179998
57.4693705489999
50.96071128399944
50.15985331100046
53.54474506099996
56.91735897299986
45.15599516800148
50.9399902239993
56.37033613999938
49.17915534700023
35.46072799400008
52.85321163100025
47.87806128800139
51.75028987799942
59.48846353399949
52.87571682200041
41.6560855849998
52.15621887100133
57.38019812199991
54.25929353700076
54.04481111399991
50.36091517599971
50.89233294299993
54.1067151139996
42.25066996700207
46.94948246100284
55.4986574630002
53.7785180130013
62.73174160600047
43.96519340600025
50.03811235399917
50.24047060200155
63.17829917800009
64.49447348200192
56.67644295100126
52.659648965001
62.13731575599923
48.32815505500184
47.68956935799997
53.00534098599928
46.57114664899927
52.66189053600101
50.32200670700058
53.66493898399767
53.69428050999886
50.38603541599787
52.01564257300106
53.34211805300129
53.69306694900024
51.45974218800166
60.16539466799986
48.73814932099776
48.37387112899796
69.61828990600134
45.76265200199941
43.11419798400311
62.55385826900056
53.80010722000134
52.92622295599813
61.86563822200151
56.81360571100095
46.64467210999919
44.55969171500146
54.27786312500393
51.21161868199852
51.34140842000124
44.02893220599617
44.87085895600285
46.18013370800145
49.57620991500153
51.47226583000338
52.26548686499882
61.70761723599935
51.15241951200005
51.23668161800015
55.26627332199314
48.88357986099618
57.01262091799981
64.76996512200094
55.32831896100106
41.239708454
61.20872171899999
58.71993718000002
53.43227463699986
48.76199481199984
54.98374122200005
70.02591055800019
69.50371272199982
51.32431307600018
51.86742303399961
74.41654282400032
69.01423682399923
62.31398722300037
60.35825845700015
59.25667181499989
45.70420190900018
77.99313251499984
69.94040624299987
50.35691353899938
65.98017619099937
72.97039968700028
69.72598078899955
66.83574616399937
64.96397697800057
65.68509992600048
67.66614113899959
69.12737356699972
53.83488652600045
65.76612456700013
70.01386647699974
79.47916788299926
81.40885906200128
72.83433901500052
58.21370840899954
77.32355680199998
75.00150716999997
67.8159206779992
57.4139848549994
66.97584455200104
82.7494018469979
68.69643706199804
74.97067694800262
62.08343924199926
65.57165987899953
69.99078271000053
73.89683237400004
75.42631722199894
89.66701008000109
68.92120846500075
78.59968999100147
61.0646190009993
72.7376642399995
66.88813313500032
70.01446029900126
73.28162837499895
76.66421864200129
