1.168790356
2.570530399999999
2.97896785
2.572454919999998
2.454662751000001
2.352554437999999
3.477615185000005
9.354575280999995
1.308220616
3.282109778000006
1.743915900000019
1.581176361999979
2.633779524000005
3.620260483999999
1.753092506000002
2.40276770700001
1.600630450000011
2.099779786999989
2.350813612999957
4.504256233000035
2.465976373999979
5.254795507999972
2.360067655000023
4.350909817999991
8.824461342999996
14.23818497599996
1.79321459099998
1.60684108099997
3.194481510000003
8.303654775000041
16.80553059000005
7.305008254999962
8.932506056999955
9.082965452999929
2.935044643000083
4.262787116000027
2.035466959000019
7.720365297000058
7.774960839999949
8.340339674999996
10.19983652899998
4.299666607000063
2.074055322999925
5.363297138999997
4.479513594000082
12.57527903599998
3.425187393999977
3.894383664999964
5.357088074999979
3.654486359999964
3.527231836000055
2.34205775800001
3.569286910000073
3.603091524000092
13.19085934700001
7.16614089199993
6.49217273599993
3.679965323000033
2.174133856000026
3.183316294999941
8.043919180999865
2.432634409000002
3.759641325000075
7.833031874999961
3.67140746400014
4.32268715500004
7.58613583500005
3.036725424999986
2.76812381700006
3.195111004000182
5.728149578000057
2.728940947999945
2.552558470999884
3.547704201999977
3.18627090699988
10.1373144669999
2.515773314999933
6.048768000000109
3.628028508999932
3.425910233000195
1.978812936000168
5.217572424000082
7.746051027000021
3.375288375999844
2.946209699000065
1.952461318999895
3.349395125000001
3.680632625000044
4.940582059000008
2.47070794199999
2.817735350000021
7.152381459000026
2.28206447499997
3.682482271000026
2.81065013500006
3.936085082000091
4.302889342000071
6.265757768000185
4.041317725999988
1.172490272
4.472103924000002
2.271947128000001
2.143869115999998
1.375375235999996
3.118015043
4.484383926000007
3.933841792999999
3.432885929000008
3.878302900000023
3.370370953999981
5.75415578099998
4.246212146000033
2.678033092999954
5.226405983000006
3.149271623999994
3.116509406000034
6.358277498999996
8.416781760999982
3.033061027999963
4.446125660000007
3.975098842000023
3.30294715499997
3.804393808999976
2.655675334999955
3.315026425000042
3.807617145999984
6.069835067999975
7.030089531000044
5.20212299800005
3.944950967999944
2.585156337000058
1.948649835999959
6.767384379000077
4.463459948999912
4.719440853000037
4.971531582000011
2.935657159000016
13.74092697100002
5.03707599300003
5.958560562000002
3.00588838800013
9.463483951999933
7.592283768000016
6.199548173000039
13.81836002199998
6.662002314000119
13.0979972099999
9.658109129999957
4.79817560000015
4.521753064999984
3.929771625000058
5.856629185000202
2.822380897999892
7.37527852900007
8.908843857999955
12.89623952099987
9.398773205999987
12.3661047290002
9.982214608000049
6.257270331999962
4.206679269000006
3.111885640999844
8.121702500999845
12.36245987300003
8.983261852999931
10.10015466300001
11.0914759100001
8.854776596000193
6.473177694000242
6.197080476999872
7.183060583000042
7.034547835000012
6.187888856999962
8.713393205000102
8.05416407499979
4.76402557099982
4.521256814000026
2.96421763599983
8.55627348400003
11.0936575579999
10.15090856699999
3.813031409999894
7.368623696000213
5.403689803999896
5.759657316999892
3.277397208999901
2.872301724999943
7.497888064999643
3.905103300000064
4.87828598599981
6.320501001999673
5.371034539999982
6.165664727000149
7.511715787999947
2.06704042399997
5.42382401399982
4.962072041999818
7.055748474000211
1.176006497
4.416929883999998
9.894992384999995
8.571940526000006
2.864185766999981
2.810444213000011
5.177458217000009
3.669210733999989
4.993637601999978
8.564576013000021
5.139333792000002
9.554704141000002
7.409681540999998
4.595698112999969
4.099132918000009
10.122027473
3.918713412999978
3.872774039999967
4.643408465999983
7.963392380999949
3.223458455000014
8.36915930300006
7.754141870000012
1.696247319000008
3.821362500999953
4.786058577999938
3.985018658000058
8.827536405000046
7.925896996999882
3.379865187000178
10.44193407900002
2.110340758999882
3.168253825999955
5.603435905999959
4.323985790000052
7.306474199999911
7.760856539000088
6.757239551999874
6.874720317999845
2.940440731000081
3.458267508000063
5.067293039000106
4.513666810000132
7.342385011000033
5.369042005999972
3.216569367999909
5.879478442000163
11.44845956600011
4.283761959000003
10.78172474500002
4.336442569999917
4.486411941999904
12.61392736899961
10.07852052599992
6.448887896000087
10.78907546800019
8.318883321999692
3.327008043000205
6.74948868599995
11.47713333599995
8.519471509000141
8.096256681000341
11.28010217800011
10.03457953099996
12.37594155699981
14.78886883600035
11.72199882400037
5.406947222000326
9.255635446999804
8.034291305000352
8.643942193999919
9.448278554999888
6.577656789999764
6.61483361899991
11.84915745799981
6.023432417999629
11.56231108299971
8.968389848999777
2.5227372989998
12.54389016300001
7.071498419999898
10.43539473800001
6.827830321999954
4.706373675000123
4.788982206999663
9.135863710000194
7.32249364900008
13.54937700900018
11.11585391800008
13.03834349699991
16.39335090800023
11.35107478800001
12.06960233100017
3.100179523999941
7.752513708000151
12.95241120199989
4.185561588999917
13.31286724399979
5.69360144699931
1.177831726
9.425001644000005
15.29041744000001
12.40585538400001
6.908240831000001
8.193981285000007
2.719422431999988
8.817083529000001
10.88307476400001
13.981323836
10.60720567399994
2.645233959999928
19.55197809200001
11.69674501999998
8.160865872000045
3.107822960000021
14.69844021300003
6.160876347999988
9.395357244000024
6.455703887000027
14.82338395699981
5.563971360000096
5.819826004000106
12.96531396299997
15.16150828500008
9.444397091000155
4.296845328000018
9.21083446800003
8.249247074000095
4.862252671000078
6.060445748999882
11.53397976500014
11.32226831200001
15.6776600180001
5.163780743000189
12.41472967899995
15.91929761999995
9.645988882999973
5.735510237000199
9.813576461000139
2.729605431999971
2.895354643999781
11.17217518899997
3.983506488999865
7.120053323999855
10.58937661299979
9.519878079000136
10.14881551899998
9.166152982999847
9.933793427000182
4.920885051999903
9.613174458000231
4.550736726000196
13.03901817399992
12.89450881099992
6.815006108000034
9.83396062599968
12.89387303300009
10.70494859400014
11.04902941099999
4.436834954999995
7.578573774999768
5.233927865999703
5.788621515000159
11.03115545000037
12.26265545700016
7.864848748999975
4.674614462000136
10.9235884740001
9.3495605170001
3.059431826000036
2.800486663999891
3.968290329999945
13.67825889100004
11.64742318799972
12.91818534000004
15.948096265
10.14908752499969
2.875856915999975
6.298029429000053
14.18251564499997
8.729325521000192
7.413878717999978
5.174658933000046
3.231529397000486
14.77075335200061
1.522203143999832
5.273976614000276
12.19205265599976
2.396393363999778
2.679739186000006
10.62941660700017
18.95154499099954
11.20697194500008
12.48741075199996
5.361052682000263
10.94481470399933
9.90569572000004
4.628074929999457
1.178878295
17.925471853
14.98322209999999
13.36591546600002
3.364576868
4.300891228000012
10.76760720300001
5.902041199000053
7.066562120000015
10.14163421800004
4.20426218099999
11.51292178899996
7.163585100000091
8.727355278000005
10.21891703300003
4.875293307999982
9.416466727999932
8.428613531999986
5.792039817999921
4.054495881000094
10.76477173499995
3.827968564999992
13.3937358390001
12.53478831799998
13.17678994099992
8.36050480300014
10.44339985000011
12.765366094
10.03072719900001
11.03404498899999
7.725012898999921
11.15727620500002
4.929885540999976
10.39950253100005
3.120874993999905
12.00837601699982
4.060324789000106
6.310558440000023
9.936815120999881
4.369933271000036
9.288122118000047
5.033699075999721
5.442543494000347
16.07725816699985
5.507665112999803
11.30358945900025
10.08637455899998
6.728531463999843
19.05520458799992
3.086404786999992
6.841410281000208
14.78234035099968
7.410204393000186
11.31878927699972
10.19045297600042
10.03168035499993
11.569352858
5.67177082399985
10.41366236899967
13.94874103000029
7.120637077000083
9.282451460000175
11.50970576200007
9.480936114000087
11.58609381399992
5.978212945999985
13.67776154300009
3.34615144899999
12.21476954699983
7.302722210999946
4.403549855000165
8.772585387999698
10.67359429999988
5.030050154000037
13.03184245400007
11.82807182899978
6.62339139300002
4.772751381000035
6.917132935000154
11.94229957800007
9.781996717999846
4.00141997000037
11.76250026300022
10.34303786999953
12.68295700599992
5.363668855000469
10.65300630899947
9.863999259999218
13.6973127629999
4.750474357999337
5.498520963999908
8.635611846999382
5.060177615000612
5.291147076000016
8.525170010000693
12.71637074499995
8.498968138999771
11.94765970099979
8.745414891999644
1.177236477
16.95448793400001
14.71223361200001
9.274728593999981
6.472274521000003
10.88780205699999
10.83614590099995
8.420676524999976
3.390905142000008
4.819908138000017
9.490827727999999
17.31713053099998
11.17849640700001
7.014509181999983
9.891620810000063
9.090891130000045
6.603232447999972
5.61029259399993
8.037579789000006
12.02169336500003
11.97876757300003
4.874321820000205
9.52407285199979
9.345854060999955
15.70008913999982
6.24917397299987
12.46385464399987
10.02276626599996
12.12755745100003
6.418742764999934
8.290404888000012
6.164235190999989
6.94513631399991
3.206135790000189
8.313300175999984
10.71850172900008
7.741125082000053
9.446436405999975
11.78219144399986
11.6624811910001
11.72272533000023
8.62675256600005
2.361446894999972
6.055682891999822
10.95916677900004
9.352372929000012
1.918504159000349
9.004314358000101
7.768048020999686
4.661984542000027
6.809272960000271
9.73947721400009
11.41725816200005
8.786104943999817
8.260349607999615
9.584002254000097
3.177586852999866
9.610273896999843
4.979606450000119
12.91768767999974
19.35720103699987
2.796880844000043
3.677033126999959
9.739876850999735
8.201184603000002
12.22181859700004
8.453405344000203
12.86088762100007
3.818147437999869
16.99725185500029
1.56339662299979
11.63828603900038
4.744162395999865
7.439861896999901
19.34986550299982
13.99262401299984
11.4104464359998
14.84985172300003
3.211405864999961
6.841912633999982
4.518796702000145
16.16285051500017
9.779280708999977
10.87641207600063
5.264110089000496
13.78131445300005
10.25856367200049
10.46714840799996
9.496574351999698
12.41843613099991
16.3126163400002
8.352960233999511
2.756294958000581
11.5513083650003
7.496238231999996
2.652130569999827
12.15374197700021
14.12278991099993
12.08012123300068
1.171358788
6.045834258000003
2.877627362000013
5.742622439000002
12.28979431400001
10.98252979200001
6.771959287000016
13.30479459100002
3.833918129999972
10.67709744499996
7.059714377999967
5.590264959000024
63.483902038
9.213269727000011
11.79599901699999
5.044322163999936
13.14695577599991
10.42301360400006
11.211541109
13.08175484599997
3.642740610999908
10.04553889199997
8.792728765999982
10.9646847319998
11.772555388
10.23572701599983
5.199573334000206
10.77081256400015
15.84517157699997
2.834620849999965
6.97828421600002
12.49169694400007
3.576946497000108
10.01501865499995
11.77392197299991
7.764850504999913
4.274284717
3.245545194000215
4.734762516000046
6.552206854999895
10.41817066400017
15.40065438800002
6.76686233700002
14.1137460089999
5.6295587540003
10.12362795599984
3.790678808999928
3.155766095000217
12.22718009099981
7.679599778000011
10.1884816920001
14.08843607300014
10.59562030000006
7.111404058999597
10.41319235100036
6.779262113000186
13.66216900200016
6.42710411600001
3.589698024999961
9.515520328000093
9.741271797000081
3.316773178999938
7.817207349
13.41948926500027
4.124013837999883
9.75888899399979
4.353327723999882
13.234314885
12.32428741600006
10.72407710300013
15.63803359099984
10.88123814300025
6.069436349000171
11.39518556199982
15.16442814699985
8.848859545999858
6.162412874999973
6.21752707800033
6.556459615999302
3.753039198999431
10.38623357599954
4.864010014000087
3.867904828000064
10.68614579199948
5.522190908000084
8.817462625999724
8.93804371799979
13.511696992
8.480430255000101
2.488907695999842
8.113082265999765
16.40190193499984
14.69276253799944
12.03156059599951
10.52298429100028
3.362886646999868
10.53415285999927
4.196970465999584
12.03027446400029
1.246260497
2.565719578999996
8.25247062599999
2.649752969999994
17.06267621800001
11.44866847899999
10.43218950100001
8.560431773000005
4.640237329000001
12.48606292099998
8.537422386999992
7.637033889000008
4.516709420999973
2.608073995000041
9.63578088600002
3.281322024000019
2.583451165999918
4.929288960000008
1.416093849999925
3.60425524599998
188.262723909
5.329891870999973
2.098504885000011
2.666753578999987
2.528962953000018
4.692216559999906
2.951339481000105
3.889087237000012
7.136639700999922
3.965579171999934
1.273809219999976
1.399001788000078
4.064940199000148
7.066098034999868
3.526920099000108
8.592390955999917
2.263846143000137
6.184140128000081
3.500511095999855
5.407539872000143
3.657422247000113
4.099659696000117
2.261575599000025
2.464849614000059
5.616319597000029
6.783131261000108
2.223385980000103
2.43922115700002
6.072568532999867
5.680466085000035
3.268160867000006
2.508180578999827
4.977365301999953
6.198443278000013
3.818754704999947
3.912447203000056
4.759558308999885
8.306049819999998
4.123114076999855
1.928023607000114
6.129612106999957
2.179065936000143
9.746284472999832
4.236405367999851
6.631950482999855
6.252392911000243
4.349353338000128
2.88645919999999
1.174187328
1.961650979
1.629649079
1.174263757999999
2.118179753
1.343239503
1.467521824000002
1.706621980999998
1.966231696000008
1.342416674999996
1.52949796099999
2.36541251700001
1.968984655
1.934478402999986
4.240075671
1.250720268000009
1.788393632000009
1.655323296999995
3.99120588400001
1.724781765000017
1.555957139000014
3.189955205999979
3.839675010000008
1.634616000999983
1.905819909000002
3.729623114999981
1.934446965999996
2.423630170000024
1.982597747999989
3.467266053000003
1.801139698000043
1.519964458000004
3.724290118999988
4.253880965000008
1.938888660000032
2.141714470000011
3.267012652999995
2.708176056000013
1.986052341999994
2.000268462000008
3.039828255999964
2.953104714999995
2.138618484999995
2.445568683999966
4.524182440000004
2.516998761000025
2.425806270999999
3.994308566000029
9.394185049999919
2.569493037000029
4.630209754999896
2.086134670999968
2.188224016000049
3.059144463000052
2.551284584999962
2.262479289999987
1.68511824899997
3.287975753999945
6.175868636999894
2.103356632999976
2.507325488999982
3.12396253299994
2.014904207999962
4.661371905999999
2.415364098000055
2.158674055000006
4.554521220999959
2.233048481999958
1.787026286000014
1.698770254999999
3.531773169000076
2.398425963000022
2.44014439099999
2.405752204999999
1.775533224000014
2.266134944999976
4.429185004000033
1.76886795300004
2.408320708000019
2.055224602999942
2.440696966000019
2.341242998999974
2.138126978000059
2.590925287000005
1.740686461999985
2.804743886999972
1.730320544000051
1.769695314000046
1.895108385000071
2.590734550999969
7.051305724999793
2.476077379000117
6.906510674999936
2.344042041999955
2.434950045000051
3.221471018999864
2.564735908000102
1.822453090999943
5.066141142000106
1.175456491
1.466125538
1.796957793000001
2.397193758
1.464206057999995
1.323198360999996
1.849292933000001
1.81941578499999
2.261111483999997
1.919835371000005
1.876059228000003
2.002885991999989
2.195474212999983
1.727811704999993
1.753331677000006
2.456210268000007
1.840571828000009
2.324882693999996
3.038966431000006
2.639756970000008
1.593225853999968
4.801170163999984
3.537198977000003
3.660842136999975
2.350527235000015
1.277122274000021
2.363323984000033
4.704061452000019
1.977083945999993
1.693472163999957
2.83010243800004
1.868956406999985
2.415995710000004
2.803065365999998
1.789142537999965
1.593715444999987
3.88645873400003
2.011344086999998
2.469650496000099
3.364649697999994
2.370563304000029
15.27321939499996
2.370053593999955
2.693983215000003
3.645168117999901
1.789141141999949
2.523664278999945
4.366425778000007
2.307400508000001
1.804211496999983
3.814494110000055
2.765225457000042
2.764831302000061
4.506542620000005
2.538305261999994
1.912753750999968
4.132473282999968
4.768656839999949
3.270556945000067
3.019114958999921
2.483369167999967
2.343320117000076
7.552888207000024
2.011034873999961
2.409921673999975
5.180263321999973
2.243154326000081
3.003118897000036
1.636703896999961
2.015885141999888
3.119925640000019
2.16438542800006
2.517414895000002
2.89560455700007
2.093786375000036
1.792532017999974
5.140428731000156
2.386910585999885
1.952966813000103
2.483897999999954
10.11369580899986
4.020440420999876
2.324846249000075
2.305476353000131
2.981748130000142
3.459985210000013
2.453893973000049
5.175662710999859
1.87258120499996
2.250758307000069
3.777026284000158
2.50996094900006
1.630996520000053
3.402822182999898
3.057034315999999
2.03341191100003
4.224416056000109
4.612120431999983
2.577810653000142
1.17909645
1.714986830000001
1.477437276
1.907962566000002
2.005132001999996
1.765213697999997
2.811557243999999
2.669088791999997
1.488386171000002
1.211770614000002
1.895418969000005
2.054082936000015
1.632804537999988
1.55357527999999
1.556538960000012
2.243192129999983
5.754706935000002
1.34497175300001
2.667588722000005
3.64896097099998
2.744772404000003
3.159809316000008
4.016890829999966
2.613738606000027
2.203494809000006
2.240161521000005
3.529912971000044
2.378390371000023
2.018031452999992
2.806217120999975
1.663738385000045
3.022092378999957
2.695896080000011
2.788663618000044
1.56597466300002
2.018454818999999
1.59714735600005
4.256260971000017
2.217694624999979
1.32271631399999
1.437381909999999
3.483142466999993
2.196401328999968
1.803769014000068
3.67912606099992
2.727814034000062
8.536044400000037
2.704604034999988
1.919060139999942
3.734981657999924
2.295918130000018
1.554504052000084
3.333402497000066
2.311431242999902
3.251385659999983
4.232146368999906
2.214787393000051
1.792628321000052
3.031546870999932
2.978391085999988
2.441948955999919
1.961454662999927
2.210328310000023
3.216343681000012
4.124974345999931
1.730382055000064
2.349188453000011
2.900989979999963
3.41981978199999
2.006290519999993
2.753319143999988
3.183832765000034
2.326106052000114
3.341534367000122
2.246790455000109
2.06133765300001
3.398961236000105
1.959552683000084
2.020878055000139
2.446772656000121
2.557083452000143
1.540772356999923
2.657960572000093
2.187546201000032
2.171296459000132
2.673601064999957
2.368358231999991
1.577783642999975
1.670835463999992
2.442052278999881
1.867674658999931
5.008670088000144
2.288936049999847
3.080748241000038
2.508678918999976
8.425431807999985
2.099146000000019
2.080395032000069
3.013774924000018
1.184924578
1.466895726999997
1.277647344999998
3.023690433999995
1.484797117999989
1.576038628000006
2.520571167
1.50918399199999
1.289699412999994
2.829661517000005
3.371305203999981
1.533329175000006
2.259252989000004
3.523132961999977
2.353304358000003
2.808273358999998
4.740613701000029
2.627496740999959
2.52919080099997
2.185319612000001
1.867145289999996
7.624302788999955
1.483339500999989
1.856125056999986
3.739554520000013
4.541354669999976
3.095903454999984
7.727096382000013
3.307890963999967
3.287728388999994
4.536795460999997
3.905937439000013
3.42040177399997
3.285690856000087
6.019289993000029
2.521312633999969
5.341331190999995
3.144084896999971
5.165028611000025
7.81023179500005
3.144856497999967
1.342516337999996
3.697782695000001
1.620681198999932
3.798894079999968
4.033228104000045
2.851621702000102
5.024371582999947
4.839329106999912
3.122862480000094
3.396229224000081
4.414807053999994
4.419603816000063
6.76347438300013
3.611532212000157
3.641797879000023
3.774239067000053
5.480541815000151
5.029719801999818
12.79016305699997
6.191754890000084
1.992140211999867
4.638924083999882
3.270557868000196
4.846885170000178
2.35462572099982
5.569855941000014
3.051925829999846
7.677484694000213
3.152874419999989
4.841392956000163
10.32485464000001
4.494315680999989
7.704392862000077
5.168350188999966
6.038566019999962
8.22593386199992
5.862392020000016
4.857465551000132
5.11030784400009
2.588906618999772
5.530259159999787
11.54913468099994
10.54008506299988
10.41720767000015
9.005286363999858
3.989006947999769
3.834092176000013
8.135310036000192
4.27191294000022
2.934987058000388
2.388218837000295
8.678279417999875
5.633975051000107
2.745453940000061
2.302654248000181
2.367922078999982
5.477572660000078
10.18218425699979
1.179017206
8.276649480000003
3.530288361000004
3.20588020400001
9.702469355000034
3.74888936900004
6.306401355999981
12.16694704999998
11.62177288999999
10.56269325400001
10.95443194999996
8.451877515999968
4.951947961999963
11.39814215399997
10.11943321299998
82.4984059530002
19.69224218900013
5.970485654999948
13.46009507100007
24.92539323799997
15.24824559600006
15.23536096700013
9.221306764000019
5.697546422999949
12.50279939999996
22.52933230600001
9.458824836000076
30.1042239479998
21.48357065599976
9.184592196000267
17.02021578799986
24.08143278700027
6.789846085000136
4.920471099999759
19.65107733599962
17.75633749200006
7.440677488999881
25.65764957300007
11.28763312899991
16.35202186000015
44.60801658899982
5.469397294000373
6.095897719000277
12.73101791399995
12.65409255499981
15.30989251400024
11.54867370899956
28.26366269800019
26.49637080000048
4.352040728999782
7.07630882400008
18.19291580199933
9.833202663999145
14.01696425299997
20.59614486299961
18.34847540300052
11.05695107500014
18.3314027080005
7.640483903999666
5.500231887000155
8.146813145000124
22.97758563400021
14.16444157300066
26.64580282200041
23.7317295769999
15.54820512300012
6.816874138000458
12.0687533750006
5.03886327500004
72.70454832599989
10.27691783499995
14.57703368999955
3.792207988999508
22.92292806000023
11.45028558900049
27.09607472300013
9.407659113999216
22.83277305400043
16.6218427900003
19.33521151200057
7.09981509499994
21.83753949299989
5.306882881000092
13.08144899699982
10.11393744999987
31.07084005900015
40.51633134300027
25.73716859599881
13.06259505799972
60.97741959500127
7.915064466000331
28.67536597700018
11.8196332259995
20.81791703699855
11.81701432000045
9.435462874000223
23.93647904000136
15.70599860699986
6.087461129000076
