10.628202
9.203851055999998
11.90357415
10.56580187599999
8.897233546000002
11.57404383199999
15.48546133500001
14.211296315
10.52561171199999
12.33171041900002
11.51939614
9.249264111999992
15.367135768
11.478562025
12.88077230300001
13.05952414399999
10.28290445599998
12.38071151899999
17.26111085000002
12.328699363
14.74066883400002
14.20774657700002
9.030317808999996
11.54342723600001
6.550449126999979
13.18223527799995
12.69054055099997
23.79239810999997
8.210671249000029
8.961325278000004
10.04228033499999
8.248074917000054
15.60290739300001
13.81422360700003
16.99231120399998
11.01224170800003
14.28834789200005
18.49485559600009
13.86800671800006
14.47111572900008
12.45345691199998
21.23621660800006
10.56274750599994
15.88852867500009
13.92406854299998
20.91086514699998
18.10911265200002
18.03091523400008
16.48273972499999
16.47320103200002
19.82718423200004
21.78566531599995
13.09804776100009
12.53573389200005
19.33032211
13.2684049909999
12.40370873500001
16.63844533199995
22.47958843299989
10.99277524399986
17.98577911500001
19.19718397799988
17.86836721899999
19.70244355800014
16.34777439200002
19.16453868300005
21.11507514300001
13.65785935700001
14.20808082899998
13.65487462800002
20.84144265500004
13.04009299199993
15.35452761800002
13.58200949399998
16.91976459000011
14.80295728400006
15.81593078099991
15.55197730400005
18.87128628999994
10.09654060799994
15.45286323999994
19.80063711100001
13.47733376500014
18.41193122200002
22.18303069600006
12.16929662999996
14.73895896399995
31.59939329200006
15.94507072700003
13.58758646199999
12.46291357100017
15.89496685499989
14.65177227100003
19.91272488300001
14.44432294600006
19.42020380300005
15.22928399500006
18.27462585400008
18.53858160599998
17.172531353
17.076939677
13.855507849
14.82193219299999
12.54653082900001
13.22890662899999
14.95111347199999
18.395449611
17.98581615399999
19.91670584100001
19.018526501
16.346270234
16.760302873
16.51115875600004
21.84629862899999
18.44829155499997
19.98667818199999
18.75112673800004
15.58860477100001
22.751234947
19.37020984599997
18.53101745799995
18.99535183800003
17.08791665300009
21.92136228300001
15.76398129300003
15.76777139800004
19.00698405399999
19.42273436099993
19.660728436
16.77391214199997
17.52637240800004
20.568944074
26.40217181800006
25.02551209000001
31.10118306499999
31.61320365800009
24.50765531000002
26.95530166899994
26.23673092399997
24.45940729899985
29.52675484300016
27.71016501600002
28.019816666
31.87654990800002
28.87299276900012
28.04718318699997
29.07453699099983
28.35301183900015
26.77385524900001
22.62773701500009
32.31229764599993
34.86320906099991
23.681324163
31.67557772499981
26.10364765899999
28.40241861499999
27.39170810699989
26.92594806499983
30.0136856900001
26.33152134599982
31.70276866099994
27.09848188799992
26.37880051399998
26.28694295500009
22.96022032499991
24.7764337210001
26.95275547300025
25.98350876399991
26.39030372600018
23.65961559300013
25.78192649599987
25.72996287100023
31.14713054399999
27.75266230099987
27.32219116899978
24.792081908
26.47250226899996
26.21781663499996
28.43850431699957
25.57051277699975
26.79545294699983
29.5040938369998
27.70549201899985
26.6925375830001
29.07112065799993
27.88087025999994
25.45407657099986
26.53355841600023
28.13632151100001
23.40225264199989
21.66504548800003
25.8314170550002
25.66670322499976
26.78317116599965
26.7433498270002
26.24979240699986
25.24164318399971
28.40919114400003
31.161578864
33.31482361699999
33.68054552400001
29.15555759400002
30.91916355999999
25.20598999999999
28.05885029700002
27.43058587299998
27.07221769699999
29.58973912900001
31.676631628
27.41916659699996
29.39110415000005
29.05495962999998
27.02454841500003
25.67277316599996
22.93358163200003
23.10542424699997
26.06209650400001
34.32192352200002
32.12129878399992
22.92051870600005
17.51452634899999
30.14682068000002
36.78209190899997
27.06762145000005
28.19296690400006
29.31618856500006
32.24938622900004
24.44377272500014
27.21603948000006
24.81680163500005
21.38195053899994
21.75191362400005
32.54523512700007
27.25967324499993
29.95349519599995
31.17167937599993
33.99021460800009
27.91859632199998
22.38514304299997
23.74008210899979
31.47456894900006
38.47847885700003
30.04177969699981
35.43437422499983
39.77850290099991
37.10507981699993
40.73100772099997
37.98161190999986
43.4845962400002
36.62872776299992
37.43574474699972
35.39495423700009
40.87687824099976
33.47054912999965
33.94193987600011
37.03963963000024
38.97472139199999
37.00112288399987
38.38121325600014
43.01362085800019
32.75383404000013
34.49562668699991
35.25188216800007
34.74549946300021
37.20764225899984
38.34581584600028
36.09047376999979
35.14848640699984
36.54843658900018
39.76070523599992
32.85246607499994
35.69036414599987
32.968428786
41.5344836889999
40.47399945799998
40.99184443800004
40.22817033000001
42.52765660700015
42.1335739189999
38.18197894700006
38.97775686499972
36.68861793999986
38.59877458499977
35.09389202400007
33.53995802700001
35.46902258899991
38.60881743899972
36.31550760599976
38.41099398000006
41.63809061999973
38.09630212499997
31.48621198599994
29.63301853299981
31.39866708299996
25.79227682100009
37.32444074400064
45.77831533499921
43.04399632800001
44.985157122
50.044831751
45.70452371600001
35.80592176900001
38.96667330000002
33.43940811900001
43.449590118
35.80642201000001
30.14381330599997
44.40719841200007
38.55862370799991
39.03972636900005
36.38976923300004
47.28376081199997
31.1496231399999
37.584770832
39.06220225300001
39.41580492000003
44.11227979199987
34.76851732
37.69521481800007
38.03592475899995
36.22543128699999
37.60430257500002
33.8604056910001
43.79067924900005
43.39345983200019
36.21760609400008
35.79488410900012
32.51600007300021
34.46572471099989
33.29034644400008
34.64551357899995
31.50336786499997
29.89190082000005
31.6597516249999
31.84092418800014
32.96337542099991
30.52775606699993
27.54510573800007
48.06235218999973
41.2867203400001
34.18969246799998
37.77115894000008
38.31218157100011
30.35152022400007
29.69648504399993
37.23860912500004
28.81990962399959
25.35680745400032
38.75249337200012
29.12350345499999
35.40730009200024
29.15897077099999
38.8176401730002
36.07201169000018
32.96418867600005
37.31805197800031
38.41190559200004
34.72771073400008
29.29663327800017
30.21482270900015
38.6262722890001
40.00214194399996
37.15606241100022
37.82123184300008
33.70589702400002
43.3998549439998
39.55160531999991
35.502508906
36.81806092399984
35.31087400200022
37.20637602200031
46.26324514699991
31.93353495499969
40.20713447599974
40.94390528700023
37.44455988900017
35.22416497400036
36.50469510399989
36.25568571400026
34.18761494099999
44.63890046400002
32.05211418500039
39.31996388300013
37.43727670800035
39.99266449799961
42.19607318700037
42.84718955299923
36.65759755999989
31.45266261100005
35.53082097100014
39.65893879900068
52.878937812
39.10236002800048
42.10432272999969
44.61728270399999
36.63929421100056
34.405437001
39.947851562
36.82832597399999
40.95809455999998
42.40141105700002
36.85107928100001
40.56845044000005
44.60955962999998
40.610979439
42.05831637700004
35.17912039999999
35.29265748
36.94542200399997
37.37466722800002
36.376217344
43.26032705600005
41.071359755
31.88661119000005
40.92092697099997
38.72731066199992
45.85839299500003
34.3458331129998
33.38088982599993
34.02402984000014
39.16054246199997
38.95263077699997
32.8618532439998
42.50367454299999
40.34342446400001
38.75598751300004
36.58886772200003
42.61010993599984
35.02599114899999
39.46981299100003
42.2463471489998
28.83224188200006
37.42768617699994
38.60520232199997
34.90457277999985
44.34463893899988
44.50326749399983
38.92250287600018
35.61370651200014
37.8683987659997
40.64044298299996
35.0856569460002
39.11913851200006
37.24051653199967
36.05519040899981
35.2008111529999
35.50980005300016
36.4461843250001
36.29832217099965
36.57861187700018
34.71381910399987
34.49492938100002
36.90348777100007
37.84539563399994
32.80893095400006
40.00418669999999
35.500038227
39.11951982699975
31.08865370600006
32.4108461400001
39.59436048399994
38.83087648100036
32.10646867800006
33.77218829899994
37.3878976420001
27.99754812200035
45.2307605750002
36.20196330999988
31.50038234999965
34.9377944580001
33.01769083599993
31.5247942179999
22.57438490300001
25.8006744270001
34.46939766900005
39.81385329299974
39.14618938500007
37.64780170099993
34.02475085199967
32.59341795799992
35.56933078499969
37.72265327500008
42.40145938799924
39.35896350800067
33.39510613899984
35.22362627599978
41.17916227400019
33.13427657400007
28.5838754739998
24.60301548499956
31.77988370999992
44.1601051079997
45.11242583900003
44.00766741999996
45.0778713740001
30.182865485
31.217398558
35.479291789
42.281206602
39.01714172500002
31.21215167399998
40.59822658299998
37.16743340300002
39.09796910799997
42.76311723600003
31.87787551199995
39.61873572899992
38.12465557100006
36.62685447000001
39.762034503
42.963657001
43.63931091200004
37.00054686999999
41.64742217600008
38.52896603900001
39.48895673700008
37.40817021299995
40.02314024799989
36.85282560700011
37.89555729600011
39.369996335
37.78378476600005
32.79454347000001
42.90551570499997
38.32583256800012
44.20655314400005
36.14444842900002
37.90293096899995
39.59961236000004
37.66672334500004
37.41656228300008
39.88552729599996
30.41847064100011
47.60240734900003
42.3080263710001
35.08870084799992
41.72408977099985
39.04335097600006
36.48772377599971
39.83310884100001
42.65980777300001
33.77208841699985
34.113119482
35.97814919699977
39.64130679699974
37.14325630400026
44.22092654899961
33.77755180099984
35.791531158
42.95361803000014
37.35966843599999
37.46744418700018
35.22921452599985
33.93508576800014
30.41778323800008
41.01767221399996
42.05626089800035
36.97504058300001
38.75818110299997
35.17139739799995
42.27685773799976
31.06399516200008
43.33342686600008
31.87914474299987
34.29418059199998
45.63656858200011
35.6919294129998
39.496998093
37.74166736799998
39.81172984199975
35.54529769100009
34.4167634370001
45.38867597199987
40.16437751900003
44.42006622999997
31.47411989600005
38.62560444700011
42.69779416799975
38.01470773700021
22.86024473700036
33.09538595999948
38.68581056899984
38.89964817800046
37.94578158599961
34.99996502300019
35.34863232400039
41.94889065799998
43.12566661400069
34.48832162100007
32.22269385399977
34.72859507399971
35.24095275200034
31.63917103099993
41.32671406700047
27.323086936
28.183939962
36.44134131899999
34.50761645499999
33.75939231299998
41.53004131200001
37.21276395199999
28.90163162000005
29.42163757399999
40.63515231899999
40.25266898799998
71.36477225499999
36.98626797899999
34.70193547400004
41.08737036100001
39.6440938159999
38.93087765600001
40.81931276499995
44.59591867400002
44.231734211
33.39466204299993
40.33898820800005
42.01185429400016
38.10899947600001
38.57364689199994
43.76815321999993
43.12185782500001
36.71915907400012
43.19821696599979
34.49457531200005
33.83725456799993
41.54162464699994
45.82539885200003
40.02388476600004
37.21076395099999
39.4845993460001
35.00516264999987
41.27175807699996
41.52174151000008
42.45671225099977
33.46040034499993
39.16599754299978
39.23995353999999
31.01430182900003
43.87116761300013
44.80159080800013
39.21700898599966
41.20792414200014
42.67281211199997
36.72709183899997
42.0357413050001
41.28422424600012
42.03376353900012
42.60465030599971
42.75364347899995
34.163645524
37.4870893010002
46.08217685299996
38.22659017700016
42.53608571999985
38.93605728600005
34.91108492000012
36.3840025479999
42.08107549400029
47.25451019599996
35.68914252500008
36.99134469000001
42.90819990999989
30.29038260800007
30.65461800200001
38.35553011000002
35.09791816999996
41.68864664400007
37.79028783700005
37.07817638699998
43.01766183200016
39.37321470699999
38.68080814800032
36.70440162400064
39.0885397459997
42.25985604499965
40.6772882410005
34.08655508999982
33.37453966300018
35.67491589899964
32.65720109999984
38.61162289899949
39.76863719299945
45.22892091499943
37.016010628
32.66028651000033
35.33630948700011
40.34573249000005
45.36466902499978
44.60569975699946
44.35050926500026
42.10955365900008
35.64942961199995
36.20760938399962
32.558294785
36.23089625999999
30.219068949
24.20727940899999
29.169342642
28.48418505199999
24.85609003699997
27.427326317
27.29637478799998
36.441342324
28.59209156700001
29.66014715899996
30.04155109599998
30.84086375600009
32.70270679400005
28.93375229399999
17.49642623299997
21.09888823099993
18.838324693
25.47730788599995
13.04092054800003
16.94156042300006
19.29979263899997
24.00375005399997
25.40884791100007
20.61525150000011
20.34779907500001
16.50455221000016
18.51043375499989
24.04666606199999
21.65871718299991
22.33337745899985
11.00455964799994
13.79185422899991
17.92227268700003
26.6052455009999
23.31714692600008
17.25337674899993
25.08082250100006
14.77972259000012
15.87224060900007
17.655227384
29.145929196
18.46245827299981
10.70151429199996
22.0192833399999
26.51645889099996
17.695659256
24.09953526499999
20.11493537799993
22.66144790299995
30.81968334699991
18.15591609299986
21.61565588600001
15.71237133399995
18.80880824199994
20.06820239900003
18.34272749600018
21.13017032500011
15.17479239700015
17.51667834600016
21.78760915600014
17.90560735899999
16.95656140199981
20.92726065699981
15.29148442099995
18.42348680199984
7.908367477999999
7.367438142000001
10.127779873
5.923199624999995
8.259198032999997
7.519990518
8.092765688999997
7.031014003999999
8.094492567999993
7.661370680999994
7.434509152999993
6.229326799999996
7.408517251999996
7.517569503000004
7.388117362000003
6.341486257999975
8.732385762999996
6.899018403000014
8.868145035999987
7.731293383000008
8.577234048999998
8.903888676999998
7.481994770999989
7.251087447000003
6.264555484999988
10.21480066200002
6.377016792000006
7.847596226999997
7.389184191000027
6.202763527999991
8.863605728999971
6.687015523000014
9.837902118999978
7.958865725999999
7.593893344000037
7.750427214000013
11.83542317899997
6.90575159399998
7.777685673999997
7.179958186000022
7.532781572999966
6.703287760000023
6.890388501999951
7.583875620000015
7.216911083000014
8.329146707000007
6.572317510999994
13.02268321900004
6.658273510999948
5.56386471299993
10.42145822200007
5.72377316699999
7.551597246000028
11.11679648400002
7.235232248999978
7.19934690499997
7.386613203000024
6.374646809999945
7.587013997000099
9.526793033999979
6.160758506999969
9.714383382000051
8.199021526000024
8.508924061000016
7.91945542499991
8.577426476999904
11.95490007599994
7.289107684000101
8.486280214999965
9.426633569000046
6.750140142999953
9.463441701999955
10.07643903999997
10.656420314
7.228895550000061
9.04802251600006
14.50694678899993
8.171442004999903
8.162238171000013
13.18063862899999
8.220123520000016
7.563933096000028
8.684370381999997
9.934427968000023
11.67907399000001
13.49760742700005
13.39090828500002
13.94714814099996
11.65179898700012
11.46391738500006
10.70657581299997
14.53938431300003
11.73458973499987
9.760475285999973
11.68088757299984
13.98317177499985
10.66094493200012
9.168447176999962
11.80758485599995
13.801461357
11.102668797
12.188546677
12.358233279
10.92130412500001
8.757684775000001
11.73215826000001
10.924819914
8.247631099999992
11.961611967
13.33894930699998
10.621531006
9.878413441000021
11.98148411
12.10799428200002
13.42959366400001
11.60816839500001
10.187848124
10.723056343
11.90381970099997
12.90558818099998
13.94601294
9.571264960999997
8.823941325000021
14.40592370100001
10.208884678
9.105292524999982
12.07677448000004
10.36691000299999
14.06227868600001
9.727824688999988
8.798664051000003
12.04998008699999
13.295990679
12.13703399000002
11.521162715
12.28350962600007
8.684776069999998
15.51599374800003
10.23383147899995
8.287120002000051
11.65314465300003
6.881562181000049
9.888702033999948
13.68600793400003
12.19954206900002
12.82965521599999
10.33327981399998
11.17818319499997
11.74820681800009
14.51201423800001
12.37100381500011
10.98389334700005
11.43427810600008
8.632834150999997
9.788229815000022
8.041191429999913
9.509868804999996
10.28629468299994
12.15042830799996
11.92361996499994
10.14569925500007
9.715955543999939
7.882971903999987
12.23312708900005
14.95974480099994
11.17485968400001
15.97444894599994
10.81079039699989
11.79074053800014
10.88705944800017
8.933115861000033
11.28691862599999
12.1738423490001
10.32929971900012
9.958526538999877
12.72825293999995
11.5710408020002
13.22714780299998
8.301463345000002
5.545946583999921
16.37587588499991
10.87095722200002
14.279353872
7.862970790999952
7.880729130999953
12.26822436099997
10.0666268120001
8.939283968999916
5.830751628999906
12.40343707400007
11.32807619000005
11.52956285300002
10.51797829500015
10.76410241799999
9.508451895999997
9.238187591000042
8.333753289000015
11.44057983800008
7.946307228999999
10.072996723
9.208239199999998
8.638855073000002
10.70737004
8.801714893000003
9.960758537000004
10.465081785
8.721270978999996
12.406498332
10.55956062800001
9.040841279999995
12.073961067
9.845186739000013
7.891948155999984
7.179898812999994
12.107658386
9.885151352000008
9.414275948000011
13.33008267399998
10.10107953799996
9.425353079999979
13.01616568899999
8.888427018000016
11.06740625899999
13.04710761900003
10.93595898199999
9.857581306999975
10.236963178
11.35492668000001
8.196911838999995
9.58609082800001
10.72752403099997
11.31320971399998
15.65542938000004
9.830624311999998
7.930521546000023
12.04619790800001
10.05805175099999
8.939551295000001
7.417175783999937
12.05314553100004
10.75494708300005
11.86274515299999
15.27146994200007
5.302767871000015
13.38864778200002
12.489104086
10.23647933400002
16.47743675999993
11.05301603400005
13.43266891200005
10.33653806400002
11.42931956500001
10.698474863
9.194865692999997
11.59761533699998
14.05005401400001
11.35659390299998
10.40493716899994
16.72132344399995
7.917657262000034
9.872399337000047
10.98278934300004
11.966127572
12.34871319700005
15.49921712900004
11.79833976199996
17.05105950200004
10.94999801300003
9.190160013999957
17.73687192099999
13.21528657499994
11.00694518399996
10.5830669070001
9.339275301000043
11.28228328799992
10.45848735200002
11.90270500499992
15.91460907700002
11.45650027800002
9.351265157999933
11.87752313100009
10.46920450499988
11.66787063800007
16.73511489199996
12.01040055599992
14.63536790900002
7.848885255999903
8.204712363999988
11.69119102700006
14.77744545899986
18.87464817800014
20.010156521
16.83318497499999
16.789170926
18.97539734199995
15.17581339100002
19.88357252700007
15.508355418
14.594448351
15.431955332
14.131316932
13.795177072
13.917742778
14.237991819
16.367750438
14.40994427999999
14.47500953000002
14.808815213
14.651788455
20.93030811899999
18.644035121
13.59836140799996
16.61889549499995
16.27286141299999
13.70226739200001
20.242371096
13.59399104400001
15.31011676200001
12.28760681200004
13.34294139100001
15.732704195
16.62577519300004
23.91156798200001
18.42187614800002
21.50147273200002
21.82741506900004
17.77864888700003
21.90950869599999
19.59048204099997
19.01814200800004
16.42374761200006
23.54105612299998
18.08874026799992
17.56894383400004
24.68715898100004
19.91308150499992
24.06618697700003
23.12257950600008
19.78391783899997
22.67859711400001
19.25643365799999
18.50494260999994
24.11306697099985
19.63969534700004
23.21286153799997
25.29472838000015
19.08358328500003
24.95546718800006
18.02061826099998
18.89641907200007
20.88111443000003
15.15351485899987
20.03606839599979
15.017891706
18.92669105300001
15.07429902699982
16.69479860599995
24.72828596699992
15.63554570499991
19.34379471099987
19.82770407499993
23.03972179200014
15.78580930399994
18.50151939400007
17.52040866800007
18.48560255299981
25.99320325300005
26.930084631
26.80398369299996
27.08508036000012
31.90029700000014
29.64872518900006
29.35906849599996
31.48864713499984
29.72781853300012
28.34663688299997
28.05148622199999
25.70095023400017
24.39358907400037
22.68672801399998
22.66918386399993
25.17528102400001
28.93954006300009
25.76080782000008
29.08605971600036
31.12409675400022
32.46574931699979
27.91833903900033
23.36214369400022
27.23549739700002
24.1537886570004
28.06088155899988
26.25798979899992
25.3839895619999
20.46346263199985
23.6072804180003
56.136425261
49.67576881000001
41.88731080300002
45.24954703200001
42.00194699600002
68.25530624200002
57.12143907500001
52.98020438699996
52.05363795599999
55.21242611799994
57.68621286699999
48.18791155700001
49.05804895200004
45.20174185999997
115.8216286739998
66.96092551200013
69.330306673
68.10996746799992
77.77512889299987
78.05511706600009
78.38927519000003
78.18984539799999
76.63506334400017
78.80110928399995
66.32580869699973
80.29823110300003
66.74202652899976
81.99470029199983
80.31850371599967
86.23269186899961
73.36518147900006
84.2812492600001
83.05000081400021
67.34786379799971
68.9024326130002
75.75988809899991
66.14460860600002
75.0041724319999
80.47415601500006
62.67203577100008
69.23391271399987
83.55461075299991
67.65227127899971
70.40268667200007
70.84849996899993
72.71259671499956
78.16349165300016
73.54466732800029
74.46391691099961
86.98952252900017
68.49476014299944
74.46448559700002
73.00506845899963
72.46075115199983
66.77746012699936
67.5669235409996
58.78085672500038
71.47041221099971
71.81411903099979
74.83700014699934
63.83349304799958
65.98059537400059
63.74714899699939
82.420479161
81.62849361900044
77.51026120799997
79.28273733700007
83.92194447899965
73.387468248
85.12623491199975
89.34518429199943
85.02350681799999
72.0437154250003
69.70393323600001
71.29948600500029
76.65180997900006
64.95994640800018
53.05347820600036
54.89966355699926
60.3429909890001
56.7401098600003
61.47884580000027
47.33546306199969
46.46821165000074
77.64172881899958
471.1680134630005
55.61900653699922
56.27184400400074
46.58892990999993
62.34247880099974
85.24823518800076
94.61824159400021
66.59670330900008
79.94896275600149
88.76071242100079
83.37119844199879
82.42792619100146
89.98491142100102
95.90618371699929
